Calibration values from cell 0 to 1024 for channel 0:

37	5	45	-12	33	-27	40	-35	cell = 0 to 7
59	-3	105	24	8	-14	58	7	cell = 8 to 15
20	-31	72	-44	61	-6	38	11	cell = 16 to 23
37	-15	26	3	35	-45	31	-13	cell = 24 to 31
44	12	116	-36	42	7	66	-6	cell = 32 to 39
60	-31	42	3	68	-36	104	-23	cell = 40 to 47
-9	5	40	-11	49	-11	31	-60	cell = 48 to 55
58	-13	45	-11	86	-21	38	31	cell = 56 to 63
14	22	46	3	29	3	52	-12	cell = 64 to 71
73	-18	58	17	39	32	52	21	cell = 72 to 79
63	-4	42	-40	50	6	24	29	cell = 80 to 87
66	-18	42	-22	25	4	25	46	cell = 88 to 95
62	-14	31	-1	54	-14	10	-36	cell = 96 to 103
15	-48	59	-4	76	-22	85	-10	cell = 104 to 111
58	-7	73	-16	64	-16	47	14	cell = 112 to 119
8	-25	-9	-31	93	-5	38	-5	cell = 120 to 127
15	6	53	-11	24	38	39	-17	cell = 128 to 135
39	3	67	-30	30	0	10	-9	cell = 136 to 143
11	-29	41	7	13	-9	10	-24	cell = 144 to 151
17	-20	24	-19	46	-22	81	-4	cell = 152 to 159
54	-47	49	-23	26	2	27	4	cell = 160 to 167
42	13	34	-19	55	-25	38	-42	cell = 168 to 175
21	-10	37	1	37	-22	86	25	cell = 176 to 183
48	68	51	-13	26	-13	110	0	cell = 184 to 191
13	-26	23	-2	29	0	21	27	cell = 192 to 199
40	-20	45	-47	49	-17	83	-29	cell = 200 to 207
28	-17	48	-15	22	-13	53	-25	cell = 208 to 215
0	-21	40	-5	62	6	72	-3	cell = 216 to 223
43	13	10	-17	44	22	68	-6	cell = 224 to 231
15	-9	41	21	46	41	62	-47	cell = 232 to 239
42	-29	23	-11	17	21	12	-39	cell = 240 to 247
52	-15	77	-17	43	-37	5	11	cell = 248 to 255
62	-34	64	-8	32	17	38	-8	cell = 256 to 263
33	-10	31	2	29	10	36	-34	cell = 264 to 271
0	12	51	5	39	-22	40	-3	cell = 272 to 279
28	-1	27	-38	62	-30	69	-40	cell = 280 to 287
76	-27	23	-12	42	-46	17	-1	cell = 288 to 295
87	11	67	-12	41	23	26	0	cell = 296 to 303
48	-30	47	-13	67	6	54	-9	cell = 304 to 311
65	1	40	-3	30	-14	53	-42	cell = 312 to 319
31	-22	63	13	54	-16	18	9	cell = 320 to 327
51	-14	26	-30	21	6	65	21	cell = 328 to 335
34	29	47	20	35	-10	72	1	cell = 336 to 343
44	-48	43	-18	0	44	65	-16	cell = 344 to 351
31	13	13	-16	9	1	49	4	cell = 352 to 359
44	-18	20	-24	62	-20	48	-20	cell = 360 to 367
64	-26	63	-17	21	17	34	-15	cell = 368 to 375
46	-12	45	-62	-6	-39	58	-18	cell = 376 to 383
78	3	72	10	21	-19	49	-28	cell = 384 to 391
38	-8	25	18	31	16	37	-41	cell = 392 to 399
67	-9	57	-6	47	-34	57	-20	cell = 400 to 407
41	-21	52	-48	31	1	35	2	cell = 408 to 415
60	-21	58	34	53	-5	31	-51	cell = 416 to 423
52	-38	59	-1	41	8	21	-41	cell = 424 to 431
44	20	21	10	22	-5	15	-36	cell = 432 to 439
66	13	10	-20	32	-4	43	-17	cell = 440 to 447
0	21	51	4	25	36	17	-9	cell = 448 to 455
47	-4	-17	-44	43	3	24	25	cell = 456 to 463
31	-36	2	-33	22	3	30	-59	cell = 464 to 471
44	-21	52	-49	58	-28	46	-1	cell = 472 to 479
32	-17	17	-17	42	-22	53	6	cell = 480 to 487
44	32	36	-24	34	-15	38	12	cell = 488 to 495
28	-3	-42	-96	1	-70	34	-109	cell = 496 to 503
71	-7	69	-54	21	9	78	-4	cell = 504 to 511
-11	-2	-47	-48	-14	15	8	0	cell = 512 to 519
-74	-55	-51	-14	18	-12	-19	-33	cell = 520 to 527
-16	-63	-1	-12	-3	15	-22	3	cell = 528 to 535
-3	-56	-3	-45	-3	-10	-33	-6	cell = 536 to 543
-11	-43	-4	-37	0	-46	23	-13	cell = 544 to 551
14	-48	-24	-21	14	-14	-29	-5	cell = 552 to 559
-22	-20	-16	6	-54	-9	-31	6	cell = 560 to 567
15	-2	-24	-48	-2	-27	-5	-9	cell = 568 to 575
-47	-39	-43	0	-19	-45	2	-6	cell = 576 to 583
1	10	-15	0	-16	-37	-27	29	cell = 584 to 591
-9	12	-41	-35	-15	-15	-39	-16	cell = 592 to 599
-15	-41	6	-8	-47	-4	-30	-29	cell = 600 to 607
-4	-9	-15	-26	-10	-25	-5	16	cell = 608 to 615
-39	-39	-24	8	-33	2	-33	-7	cell = 616 to 623
-26	-45	-53	-32	-44	-38	-58	-23	cell = 624 to 631
-12	-30	-1	0	-31	-22	-51	-26	cell = 632 to 639
-39	-9	21	19	-72	32	-43	-53	cell = 640 to 647
-39	-19	-10	-52	-16	-18	6	-37	cell = 648 to 655
-20	-25	-49	-15	-33	-39	-3	15	cell = 656 to 663
-18	-16	-45	2	-49	14	-20	-11	cell = 664 to 671
-19	-37	-32	10	-38	-27	3	-47	cell = 672 to 679
-45	3	3	-26	29	6	9	-22	cell = 680 to 687
-17	-20	-20	-9	4	-24	12	-29	cell = 688 to 695
5	6	-10	-22	-13	14	-5	-35	cell = 696 to 703
32	-28	-9	31	7	-7	12	-51	cell = 704 to 711
14	-4	-57	7	4	0	-31	-34	cell = 712 to 719
-77	8	15	-6	-41	-31	-8	-14	cell = 720 to 727
-21	-24	-18	-63	-64	-53	-3	15	cell = 728 to 735
-8	21	-44	10	3	-28	-33	-11	cell = 736 to 743
-41	-4	20	-27	-3	15	-21	29	cell = 744 to 751
-23	-18	4	-25	1	18	-24	-31	cell = 752 to 759
-25	10	-3	-11	-31	-47	4	13	cell = 760 to 767
-7	5	11	-40	-27	31	5	-11	cell = 768 to 775
-47	-14	-9	-14	-22	-15	-13	15	cell = 776 to 783
-54	-21	-8	16	-31	-27	-15	-29	cell = 784 to 791
-39	-25	-31	-41	-35	7	-6	0	cell = 792 to 799
18	-13	-30	20	-41	23	-11	-14	cell = 800 to 807
-2	-47	-7	-16	-26	-16	-44	0	cell = 808 to 815
-28	-15	-24	27	-65	-17	14	-12	cell = 816 to 823
3	-33	-20	-7	-16	-1	-9	35	cell = 824 to 831
-5	-37	-13	-33	-43	-40	-84	-14	cell = 832 to 839
-12	-30	-70	-28	-13	0	-24	-7	cell = 840 to 847
-5	17	9	-8	-27	-35	-30	6	cell = 848 to 855
-37	-4	-54	-25	8	4	-14	-8	cell = 856 to 863
-58	-25	-28	-39	0	2	-42	9	cell = 864 to 871
-18	-17	12	-29	20	-21	-13	-6	cell = 872 to 879
-54	-14	-55	21	2	29	9	-2	cell = 880 to 887
-15	13	-17	-4	-5	-10	4	-2	cell = 888 to 895
-5	-54	7	8	10	-25	-33	25	cell = 896 to 903
12	-5	-19	9	-57	42	-11	1	cell = 904 to 911
-11	-32	16	15	-5	-4	-54	-9	cell = 912 to 919
1	-16	-40	-23	-33	30	0	-7	cell = 920 to 927
13	-12	-62	6	-9	38	22	-9	cell = 928 to 935
25	16	-10	-13	1	-3	-15	-4	cell = 936 to 943
-17	-9	16	-12	-7	-16	-47	-24	cell = 944 to 951
-29	-31	13	-6	-4	10	-27	0	cell = 952 to 959
-59	-18	-21	45	11	-11	-20	1	cell = 960 to 967
-20	-63	-34	-27	-27	-24	-63	-6	cell = 968 to 975
-34	16	-9	-4	-23	-55	-11	-26	cell = 976 to 983
-44	1	-47	-59	-44	-34	-18	-18	cell = 984 to 991
-11	5	-20	10	-24	-63	-43	-26	cell = 992 to 999
-15	-18	20	-34	6	-5	-21	-4	cell = 1000 to 1007
-38	-29	-21	-25	-61	-5	5	-32	cell = 1008 to 1015
-21	-3	10	-27	-56	7	0	-7	cell = 1016 to 1023
Calibration values from cell 0 to 1024 for channel 1:

40	-17	45	-9	0	0	35	25	cell = 0 to 7
63	29	44	-17	48	-6	45	9	cell = 8 to 15
42	-5	39	28	40	13	20	5	cell = 16 to 23
29	7	30	-8	52	-23	41	-42	cell = 24 to 31
27	0	42	-2	63	-41	17	9	cell = 32 to 39
34	-21	61	-64	39	-15	56	-22	cell = 40 to 47
6	-15	58	-10	13	-23	44	10	cell = 48 to 55
55	6	42	25	24	-6	51	22	cell = 56 to 63
22	-9	57	-19	-31	-29	43	-25	cell = 64 to 71
29	17	81	-15	13	-51	48	-29	cell = 72 to 79
39	-6	65	0	22	-24	67	-27	cell = 80 to 87
57	-16	37	-32	84	-52	35	-16	cell = 88 to 95
38	-1	73	-27	107	-19	47	-27	cell = 96 to 103
48	37	80	-6	44	28	65	4	cell = 104 to 111
5	-13	34	22	40	-12	31	-13	cell = 112 to 119
32	-4	2	33	17	-4	-15	20	cell = 120 to 127
37	9	59	-5	56	-29	87	-41	cell = 128 to 135
12	4	60	-16	58	19	51	4	cell = 136 to 143
29	4	32	0	61	-40	-2	-7	cell = 144 to 151
10	2	5	-38	52	10	71	2	cell = 152 to 159
100	14	67	-18	53	19	64	4	cell = 160 to 167
60	-33	71	-16	25	-21	69	-9	cell = 168 to 175
58	7	9	14	33	10	73	14	cell = 176 to 183
57	3	73	21	14	3	87	-14	cell = 184 to 191
56	-37	52	-24	37	47	44	-64	cell = 192 to 199
32	-3	56	-31	13	-7	56	11	cell = 200 to 207
71	8	26	-17	82	-5	47	-3	cell = 208 to 215
71	30	16	14	46	13	31	-16	cell = 216 to 223
51	-51	30	-33	25	-27	52	-10	cell = 224 to 231
39	-38	54	18	68	-8	76	18	cell = 232 to 239
32	3	29	-18	51	7	15	-11	cell = 240 to 247
41	1	13	-30	26	-25	10	-33	cell = 248 to 255
4	-6	43	-14	91	-28	34	-28	cell = 256 to 263
21	-24	63	-15	4	3	12	26	cell = 264 to 271
48	30	10	-14	61	-9	74	-30	cell = 272 to 279
41	-20	30	-4	11	13	68	-29	cell = 280 to 287
33	-24	25	-8	62	-4	48	8	cell = 288 to 295
49	4	52	7	75	8	32	36	cell = 296 to 303
57	-25	54	-15	41	-32	39	-18	cell = 304 to 311
75	36	34	-19	25	-11	32	-11	cell = 312 to 319
54	26	17	-8	34	-24	47	29	cell = 320 to 327
76	4	33	7	44	15	59	6	cell = 328 to 335
15	35	58	12	18	-25	29	-18	cell = 336 to 343
32	-25	49	3	20	23	63	-5	cell = 344 to 351
81	-16	50	23	56	-4	24	-26	cell = 352 to 359
27	-3	20	-6	36	7	42	-40	cell = 360 to 367
27	-34	51	-26	2	1	37	-30	cell = 368 to 375
24	-17	54	-28	46	-19	36	5	cell = 376 to 383
36	-47	39	-52	39	10	61	9	cell = 384 to 391
67	-28	71	-34	45	-11	24	7	cell = 392 to 399
30	7	54	49	42	-21	31	29	cell = 400 to 407
17	-31	28	-13	38	-49	53	-39	cell = 408 to 415
55	-3	58	-12	75	1	3	-19	cell = 416 to 423
52	-17	-16	0	57	23	89	15	cell = 424 to 431
19	-20	84	2	24	13	25	-62	cell = 432 to 439
4	-24	63	28	45	-3	40	-25	cell = 440 to 447
74	-9	51	-31	66	-18	34	-37	cell = 448 to 455
27	12	-19	-30	59	-29	54	-8	cell = 456 to 463
8	-18	33	0	85	6	39	-12	cell = 464 to 471
20	-19	41	-6	33	25	29	30	cell = 472 to 479
43	14	73	-3	45	10	32	-14	cell = 480 to 487
38	-18	42	-7	77	-24	79	22	cell = 488 to 495
32	-29	-57	-61	-66	-92	-30	-102	cell = 496 to 503
57	13	29	-59	45	-11	52	13	cell = 504 to 511
-13	-4	-13	17	-41	23	41	-37	cell = 512 to 519
-54	-17	-48	-24	4	-21	-56	-18	cell = 520 to 527
-21	8	-55	-32	23	-46	-44	-25	cell = 528 to 535
-17	14	-28	-8	-37	-47	-26	-13	cell = 536 to 543
-13	-40	-26	16	4	-13	-13	-13	cell = 544 to 551
-79	-45	-4	-7	-23	-23	13	-36	cell = 552 to 559
-12	-26	-20	1	11	-26	-16	-35	cell = 560 to 567
-24	-58	3	-20	-39	-12	-35	24	cell = 568 to 575
-23	-2	-39	-15	2	12	-21	-20	cell = 576 to 583
-24	-48	-12	-14	-25	6	17	-21	cell = 584 to 591
-34	-28	-13	-28	1	-15	-13	-6	cell = 592 to 599
-34	-31	-50	-14	-15	-12	-57	-21	cell = 600 to 607
-38	-12	-42	5	-28	-21	-34	3	cell = 608 to 615
-42	10	-2	-18	6	-26	-25	-38	cell = 616 to 623
-24	32	-46	-57	-44	-9	-29	-14	cell = 624 to 631
9	-53	-25	-22	-29	8	-34	-6	cell = 632 to 639
-15	-24	-37	-12	13	-3	-13	-17	cell = 640 to 647
-37	-17	-30	-29	6	-2	-10	-15	cell = 648 to 655
-7	-23	-26	0	4	-51	-31	-32	cell = 656 to 663
-33	3	-23	-14	-10	-43	-23	-4	cell = 664 to 671
-28	-30	-36	25	-26	-47	-17	11	cell = 672 to 679
-20	2	-38	-6	8	-20	-43	-24	cell = 680 to 687
0	-38	-26	-23	4	1	-12	-31	cell = 688 to 695
11	-30	-30	11	19	15	-12	-31	cell = 696 to 703
-23	-30	-12	-18	0	-46	-24	1	cell = 704 to 711
-33	-7	19	6	9	-6	-41	18	cell = 712 to 719
-5	-30	-25	-16	32	-28	-33	-67	cell = 720 to 727
-9	0	8	-2	-43	-19	0	-5	cell = 728 to 735
-24	-59	-38	-31	3	-24	7	3	cell = 736 to 743
-27	28	12	-52	-23	-9	-70	-8	cell = 744 to 751
-38	-38	-28	-25	-25	-15	6	-25	cell = 752 to 759
-39	2	-10	14	-29	-40	-29	-28	cell = 760 to 767
-29	5	-33	-31	-7	-24	-57	-28	cell = 768 to 775
-24	3	-16	-10	-38	-18	-17	2	cell = 776 to 783
-9	-5	26	35	-42	-48	-3	4	cell = 784 to 791
-26	6	2	-29	1	-14	-31	-62	cell = 792 to 799
-27	-20	-41	12	-6	-32	-22	9	cell = 800 to 807
57	-30	-9	-48	-41	-30	-14	-31	cell = 808 to 815
11	10	17	11	-39	-28	11	42	cell = 816 to 823
36	-9	-20	-33	17	-3	1	-34	cell = 824 to 831
-23	22	-10	30	-28	19	9	-10	cell = 832 to 839
9	3	-48	-12	-13	-5	33	-20	cell = 840 to 847
-22	-11	-11	-18	-36	-26	-25	-24	cell = 848 to 855
1	-14	-26	-35	-6	-33	-25	-11	cell = 856 to 863
-12	10	-19	0	-23	0	3	-22	cell = 864 to 871
-44	-40	-15	-74	-11	-21	2	11	cell = 872 to 879
-36	-3	1	45	-32	-34	-7	-5	cell = 880 to 887
-27	-4	3	-7	-34	11	-48	-23	cell = 888 to 895
-34	-28	-20	4	-27	-5	-2	23	cell = 896 to 903
-19	-19	-26	-19	-22	-31	-61	-18	cell = 904 to 911
-4	-4	-18	31	-29	-28	-19	-31	cell = 912 to 919
-40	-20	23	-13	-48	-37	3	-20	cell = 920 to 927
-58	-28	-37	-3	-23	4	-9	-40	cell = 928 to 935
-44	7	7	-13	-3	-9	11	-4	cell = 936 to 943
-21	-31	-33	-24	-55	-12	-40	0	cell = 944 to 951
-15	-24	-33	-20	-5	-53	-74	-32	cell = 952 to 959
-11	-7	-1	22	9	-47	-14	-22	cell = 960 to 967
-23	-8	-28	-11	-32	-12	-53	-1	cell = 968 to 975
11	-28	-28	12	-63	-27	-10	8	cell = 976 to 983
0	-18	5	-61	21	-22	-8	-13	cell = 984 to 991
-10	3	-9	-3	-10	-11	8	-14	cell = 992 to 999
-26	-9	-11	-17	-19	-13	-47	15	cell = 1000 to 1007
-25	4	-7	-24	-34	-16	-10	-43	cell = 1008 to 1015
2	-26	-22	-6	-43	-21	-27	-17	cell = 1016 to 1023
Calibration values from cell 0 to 1024 for channel 2:

32	22	12	-19	32	17	47	-18	cell = 0 to 7
24	-9	40	5	22	-15	22	25	cell = 8 to 15
47	28	60	11	0	5	56	6	cell = 16 to 23
49	-25	12	28	55	-27	42	-19	cell = 24 to 31
38	5	53	20	56	-7	62	-32	cell = 32 to 39
56	-8	16	4	49	16	70	7	cell = 40 to 47
44	-3	38	-14	61	-21	27	-22	cell = 48 to 55
39	15	-26	-17	37	-12	49	-10	cell = 56 to 63
61	50	51	-40	52	11	43	-12	cell = 64 to 71
41	-62	47	-11	53	-2	13	32	cell = 72 to 79
63	31	26	2	42	5	65	-8	cell = 80 to 87
64	-7	18	-51	61	-31	63	7	cell = 88 to 95
18	12	28	-33	45	-9	55	-4	cell = 96 to 103
46	-30	64	-40	24	-30	55	-30	cell = 104 to 111
41	29	28	-20	65	3	17	-17	cell = 112 to 119
62	6	20	11	26	14	64	-26	cell = 120 to 127
66	37	31	21	43	-22	69	-6	cell = 128 to 135
63	22	67	12	3	4	75	4	cell = 136 to 143
85	5	32	-3	31	-27	40	-47	cell = 144 to 151
57	-14	36	-3	80	-11	37	2	cell = 152 to 159
53	10	18	47	18	-13	49	-33	cell = 160 to 167
40	15	52	17	22	-27	87	-23	cell = 168 to 175
39	-27	64	-30	25	-25	23	19	cell = 176 to 183
0	19	38	19	51	47	48	-41	cell = 184 to 191
78	5	39	-17	24	-33	46	-31	cell = 192 to 199
48	-4	48	-10	40	0	10	-26	cell = 200 to 207
31	4	15	-1	22	1	39	-27	cell = 208 to 215
60	6	56	-19	34	22	44	-13	cell = 216 to 223
37	36	20	-41	64	31	41	-18	cell = 224 to 231
71	-32	57	39	21	-50	60	-11	cell = 232 to 239
34	-20	40	-25	33	9	6	5	cell = 240 to 247
38	-27	13	-12	51	-10	23	36	cell = 248 to 255
42	-38	34	-7	38	-59	39	-18	cell = 256 to 263
21	-27	95	-14	44	-20	31	-29	cell = 264 to 271
9	-24	57	-23	22	13	61	-46	cell = 272 to 279
58	-22	30	-29	73	-57	48	0	cell = 280 to 287
24	-16	41	20	63	15	35	2	cell = 288 to 295
27	-16	43	-13	-3	-17	20	-32	cell = 296 to 303
59	-29	45	6	43	-22	27	15	cell = 304 to 311
25	-24	24	-32	44	-3	67	-28	cell = 312 to 319
5	5	27	-53	62	-43	26	-17	cell = 320 to 327
58	-48	6	-44	63	11	69	16	cell = 328 to 335
63	-25	-2	14	63	6	2	-7	cell = 336 to 343
59	-50	33	-32	54	-26	40	27	cell = 344 to 351
86	0	87	-16	31	19	53	-40	cell = 352 to 359
43	-6	18	-43	64	-4	30	0	cell = 360 to 367
45	0	60	-43	75	0	67	-15	cell = 368 to 375
78	-15	25	5	21	-31	60	-15	cell = 376 to 383
74	-5	83	-9	52	-31	48	8	cell = 384 to 391
21	-25	48	-26	48	-25	65	-8	cell = 392 to 399
38	16	80	-21	64	-35	23	-31	cell = 400 to 407
41	34	63	-12	22	-24	54	-25	cell = 408 to 415
64	36	20	6	47	-28	44	-27	cell = 416 to 423
58	25	66	-27	49	-3	46	-34	cell = 424 to 431
64	-8	35	19	98	-29	32	7	cell = 432 to 439
27	2	41	13	11	-15	75	0	cell = 440 to 447
22	-15	26	-30	39	-50	33	25	cell = 448 to 455
7	-14	26	0	52	-47	7	-30	cell = 456 to 463
65	-3	28	5	8	-42	38	-41	cell = 464 to 471
66	0	14	-34	49	-50	35	-3	cell = 472 to 479
58	6	94	-38	53	-38	26	15	cell = 480 to 487
46	-13	47	19	47	4	33	2	cell = 488 to 495
-1	-5	-23	-48	-39	-26	-12	-98	cell = 496 to 503
27	19	31	-55	26	14	64	-27	cell = 504 to 511
-9	-47	20	-26	-50	-41	-64	-24	cell = 512 to 519
-22	-29	-21	-51	-12	13	-6	12	cell = 520 to 527
-43	2	-51	-1	-10	-33	-35	-8	cell = 528 to 535
-20	12	-58	9	-37	-51	-51	-37	cell = 536 to 543
25	11	38	5	-37	-25	-30	23	cell = 544 to 551
2	-16	-46	-39	2	-15	5	-40	cell = 552 to 559
-20	-18	-23	7	-4	-7	-22	-25	cell = 560 to 567
-6	15	-19	-46	-75	2	-8	-21	cell = 568 to 575
8	-26	-40	-43	-3	-23	-42	-26	cell = 576 to 583
-34	11	-22	-40	-47	-34	-38	-17	cell = 584 to 591
14	-21	-7	-26	-17	18	2	-11	cell = 592 to 599
-13	-17	12	-50	-10	-56	-19	-20	cell = 600 to 607
-24	-16	-49	-16	-26	-22	-6	-40	cell = 608 to 615
3	10	-23	-35	-35	-34	-12	-50	cell = 616 to 623
-19	-28	-38	44	-44	-19	-20	23	cell = 624 to 631
-4	-53	-20	-4	-28	-41	-45	-27	cell = 632 to 639
4	-19	3	-17	-8	22	-19	-50	cell = 640 to 647
8	-46	-53	-7	2	-12	-10	-28	cell = 648 to 655
-19	-30	-29	0	-14	-13	-22	-16	cell = 656 to 663
-17	-4	-17	-55	2	-12	-13	-21	cell = 664 to 671
-3	5	-10	-33	0	13	-48	-60	cell = 672 to 679
-42	-58	-57	-33	-7	-29	-39	16	cell = 680 to 687
24	60	-24	-19	11	-3	-8	-20	cell = 688 to 695
-9	-35	-37	-16	-31	-4	-29	10	cell = 696 to 703
-46	-20	-83	-6	-12	0	-8	-37	cell = 704 to 711
-31	-37	-8	-10	-17	0	-51	-48	cell = 712 to 719
-32	-27	-19	0	-25	15	-12	-6	cell = 720 to 727
16	-27	-50	-21	-36	-39	-7	-13	cell = 728 to 735
-19	10	-35	12	6	-15	-33	-15	cell = 736 to 743
-42	-40	-43	4	-27	-26	-19	-6	cell = 744 to 751
-9	3	-25	-2	-20	-14	-21	2	cell = 752 to 759
14	8	-32	1	-28	-2	-39	-5	cell = 760 to 767
-40	54	1	-35	13	-1	-43	9	cell = 768 to 775
10	-30	-8	-34	17	-23	-26	-10	cell = 776 to 783
11	-15	6	12	-22	-20	-41	-3	cell = 784 to 791
-27	-42	-11	-39	-39	-10	-51	0	cell = 792 to 799
-57	20	-19	-33	-40	6	17	-22	cell = 800 to 807
13	-11	-18	-26	32	-25	10	-27	cell = 808 to 815
7	-31	-3	5	-23	3	-35	-14	cell = 816 to 823
17	-14	-14	-6	-17	-4	1	8	cell = 824 to 831
0	-33	-16	-34	32	21	-41	-5	cell = 832 to 839
-9	-32	13	-12	-33	-8	-20	-14	cell = 840 to 847
-2	-8	-42	-16	4	-36	-33	-22	cell = 848 to 855
-31	-25	-42	-15	-18	-24	2	-33	cell = 856 to 863
-4	6	22	-23	9	-53	2	-1	cell = 864 to 871
-21	-9	-79	-25	-13	-36	-40	20	cell = 872 to 879
10	-53	6	4	-32	5	40	-9	cell = 880 to 887
-8	-6	-51	7	-14	-5	27	4	cell = 888 to 895
-20	-2	6	-5	9	-16	-30	-4	cell = 896 to 903
-14	2	-30	-19	-30	6	-13	-36	cell = 904 to 911
-12	-43	16	-2	-19	-22	-28	-17	cell = 912 to 919
33	-28	7	2	-10	-24	-15	-6	cell = 920 to 927
-69	-45	-28	-4	15	-23	-10	-25	cell = 928 to 935
-1	-36	-9	-23	-6	36	-18	12	cell = 936 to 943
-19	-19	-21	-11	8	-16	-17	-1	cell = 944 to 951
-12	-35	-23	10	0	15	-6	1	cell = 952 to 959
-26	-28	-50	-5	7	-44	-23	-25	cell = 960 to 967
-62	-3	-15	-14	-33	-46	-2	-24	cell = 968 to 975
-51	-10	-8	-13	-40	23	-29	3	cell = 976 to 983
-16	0	-24	1	-29	-43	-27	-29	cell = 984 to 991
27	-13	-3	14	-15	-34	-41	13	cell = 992 to 999
15	-11	-9	0	-7	0	-17	-17	cell = 1000 to 1007
1	7	-32	5	-19	-63	-14	-38	cell = 1008 to 1015
-13	14	31	1	-13	-54	-27	-16	cell = 1016 to 1023
Calibration values from cell 0 to 1024 for channel 3:

54	-33	20	5	28	12	60	-8	cell = 0 to 7
31	11	41	-19	33	3	20	-25	cell = 8 to 15
47	-20	38	0	-2	-51	81	-5	cell = 16 to 23
56	13	23	-5	34	3	72	-8	cell = 24 to 31
33	-32	36	28	66	-17	40	-7	cell = 32 to 39
35	27	89	-36	38	10	35	-1	cell = 40 to 47
71	8	38	0	56	3	46	-17	cell = 48 to 55
80	3	21	6	45	5	16	-8	cell = 56 to 63
51	-21	44	4	10	-3	17	1	cell = 64 to 71
33	16	81	-1	51	32	31	-26	cell = 72 to 79
47	-24	16	42	58	-9	38	-7	cell = 80 to 87
43	-17	27	1	31	-6	18	-18	cell = 88 to 95
56	4	-2	-21	49	6	59	-2	cell = 96 to 103
37	-12	29	21	41	31	27	2	cell = 104 to 111
79	-15	80	-18	66	-28	26	21	cell = 112 to 119
44	0	47	18	75	37	37	-19	cell = 120 to 127
27	-18	16	-26	77	47	34	13	cell = 128 to 135
44	-35	33	4	87	-27	74	-2	cell = 136 to 143
43	-6	19	-13	74	-9	49	-25	cell = 144 to 151
46	-26	56	-34	53	-11	-18	-56	cell = 152 to 159
31	-9	76	13	49	-2	56	-7	cell = 160 to 167
52	-12	70	-26	28	-3	37	12	cell = 168 to 175
14	-32	26	18	32	21	58	2	cell = 176 to 183
13	-36	37	0	35	-2	98	-15	cell = 184 to 191
74	-15	31	-10	54	-27	43	20	cell = 192 to 199
67	-18	70	-20	56	-12	29	10	cell = 200 to 207
43	-32	59	-9	29	16	43	-37	cell = 208 to 215
54	-1	51	1	47	3	67	-32	cell = 216 to 223
43	-3	70	50	54	30	46	6	cell = 224 to 231
46	15	67	11	41	27	43	-18	cell = 232 to 239
54	45	47	27	83	-22	70	-18	cell = 240 to 247
66	-41	33	-12	63	15	53	-10	cell = 248 to 255
43	-24	81	-5	51	-6	56	7	cell = 256 to 263
30	-34	6	-6	59	5	75	-5	cell = 264 to 271
52	46	72	28	23	-31	46	7	cell = 272 to 279
41	9	62	-44	-3	21	36	-21	cell = 280 to 287
25	-4	44	17	12	-28	54	-43	cell = 288 to 295
15	15	55	-2	32	44	-5	-10	cell = 296 to 303
27	21	73	36	26	-8	78	-36	cell = 304 to 311
62	16	-7	-21	11	9	66	-46	cell = 312 to 319
61	18	32	-10	72	13	77	-36	cell = 320 to 327
15	35	53	-35	54	-2	23	-11	cell = 328 to 335
66	-4	39	-13	35	2	22	24	cell = 336 to 343
35	3	50	-3	32	-6	64	-18	cell = 344 to 351
56	-62	72	8	44	38	51	-15	cell = 352 to 359
17	17	47	2	29	14	68	0	cell = 360 to 367
60	-22	11	-23	31	-55	38	-6	cell = 368 to 375
40	22	61	-54	23	-21	32	-21	cell = 376 to 383
45	-26	67	7	9	-17	32	-54	cell = 384 to 391
34	20	4	-21	21	0	29	15	cell = 392 to 399
52	17	24	-11	48	-32	54	7	cell = 400 to 407
48	0	21	-23	32	7	19	-38	cell = 408 to 415
84	10	43	-35	35	34	31	-37	cell = 416 to 423
37	17	8	0	21	-35	0	17	cell = 424 to 431
70	-7	17	2	26	-20	39	-14	cell = 432 to 439
64	-35	39	-48	57	-4	69	6	cell = 440 to 447
55	27	33	53	37	-25	-7	9	cell = 448 to 455
19	-20	26	-33	21	-14	57	22	cell = 456 to 463
1	61	9	5	40	-31	14	-46	cell = 464 to 471
43	-31	40	-43	33	-25	58	-5	cell = 472 to 479
19	3	103	0	18	-6	40	2	cell = 480 to 487
59	-14	0	-28	62	-12	57	-16	cell = 488 to 495
35	-40	-37	-109	-53	-91	-22	-97	cell = 496 to 503
4	-45	50	-13	-4	-29	23	23	cell = 504 to 511
-18	-68	-9	8	-5	10	-45	-63	cell = 512 to 519
-6	-22	-43	16	-51	7	-34	-45	cell = 520 to 527
-56	-28	-53	-19	27	-12	-13	6	cell = 528 to 535
-31	16	-34	-26	-46	-13	-40	-33	cell = 536 to 543
-49	-36	-23	-5	-13	-16	6	-15	cell = 544 to 551
-57	-3	-22	-44	-23	-35	-28	-19	cell = 552 to 559
20	3	5	8	-10	-63	-13	-18	cell = 560 to 567
-50	-31	-26	-13	14	-10	-30	-22	cell = 568 to 575
28	-32	-32	0	-3	-16	-9	-39	cell = 576 to 583
10	-23	-33	-20	-47	1	-56	-43	cell = 584 to 591
-22	-12	6	-27	-49	-22	-28	-47	cell = 592 to 599
-14	-50	-49	-26	-21	-18	-20	-12	cell = 600 to 607
14	9	-46	9	-40	-4	-59	-14	cell = 608 to 615
-48	-23	-23	-3	-36	-30	-30	-14	cell = 616 to 623
8	-10	4	-7	-22	-9	-13	-12	cell = 624 to 631
13	-58	-7	2	-4	-7	-10	7	cell = 632 to 639
-7	-29	14	-25	4	1	-5	-42	cell = 640 to 647
-6	7	-32	-22	-33	-26	-23	22	cell = 648 to 655
24	-36	-5	9	-44	-15	-48	-17	cell = 656 to 663
-37	19	-10	-6	-65	18	-42	-9	cell = 664 to 671
14	-21	27	-7	23	-53	-45	-68	cell = 672 to 679
-20	-4	-69	-48	-66	10	-15	-6	cell = 680 to 687
0	-35	-32	23	-7	3	6	-14	cell = 688 to 695
-32	-13	-11	-20	0	-2	-30	-33	cell = 696 to 703
-26	-48	7	26	-11	-13	-3	-15	cell = 704 to 711
-6	-40	-38	-10	12	-23	-42	-21	cell = 712 to 719
-34	-39	-19	23	11	-1	16	-25	cell = 720 to 727
-17	-16	-48	-19	-15	-23	-8	-4	cell = 728 to 735
-40	-22	-39	33	-35	-3	5	-8	cell = 736 to 743
-30	-30	-34	-38	-36	-9	-36	-10	cell = 744 to 751
-13	-16	-26	-13	-18	8	-33	-47	cell = 752 to 759
3	-38	-56	3	-29	-10	-31	-27	cell = 760 to 767
-18	32	-13	-24	-12	-26	-13	-38	cell = 768 to 775
-59	-64	-67	-17	-71	-35	-21	-42	cell = 776 to 783
-28	-64	30	-3	-27	-34	12	-8	cell = 784 to 791
-47	-66	8	5	14	7	-41	-4	cell = 792 to 799
0	-34	-11	-5	-16	0	-15	-24	cell = 800 to 807
-26	-31	-18	4	-19	-14	2	-23	cell = 808 to 815
8	1	-46	11	-41	7	-46	-25	cell = 816 to 823
-52	0	-8	-17	11	-33	15	-7	cell = 824 to 831
-29	-42	-3	5	-32	-3	-60	1	cell = 832 to 839
17	13	-32	-12	-7	-5	-32	-19	cell = 840 to 847
-38	-17	-13	-12	-8	-21	0	13	cell = 848 to 855
-22	-20	-80	-16	26	21	-14	-22	cell = 856 to 863
-11	12	-30	3	21	-9	-21	-9	cell = 864 to 871
-24	-29	-7	5	-6	-2	-1	-9	cell = 872 to 879
-13	1	-7	-12	-9	-2	8	-57	cell = 880 to 887
-26	28	-10	-28	-7	-31	-18	10	cell = 888 to 895
-4	-22	-56	-45	0	-3	-18	-16	cell = 896 to 903
-9	-22	-28	-15	-25	-26	-54	-11	cell = 904 to 911
-55	-23	-18	-11	4	-21	-13	-6	cell = 912 to 919
-85	-1	-17	-2	-17	-40	-73	-25	cell = 920 to 927
-26	-9	-21	1	-34	-21	-13	37	cell = 928 to 935
-27	42	-24	-55	18	-35	-13	-8	cell = 936 to 943
-39	24	-23	-27	-8	-1	-14	-7	cell = 944 to 951
-57	1	-44	-20	-24	2	-10	0	cell = 952 to 959
-14	6	-9	-35	-6	-2	7	-57	cell = 960 to 967
-15	-25	5	-31	-4	-5	14	-16	cell = 968 to 975
29	-37	4	-2	-42	15	-5	-34	cell = 976 to 983
5	-7	-55	29	-6	-17	-26	25	cell = 984 to 991
-39	-25	-15	8	-65	-33	-54	1	cell = 992 to 999
-46	-40	5	-35	-32	-40	-9	22	cell = 1000 to 1007
-13	12	-21	-30	-12	-34	-13	-13	cell = 1008 to 1015
1	-19	-18	43	-51	-14	-23	-37	cell = 1016 to 1023
Calibration values from cell 0 to 1024 for channel 4:

17	14	41	-43	30	17	39	0	cell = 0 to 7
36	13	55	-21	19	26	55	5	cell = 8 to 15
34	0	78	-2	29	-23	96	-23	cell = 16 to 23
31	-25	20	0	41	-47	56	-8	cell = 24 to 31
-9	19	77	-12	9	-15	5	5	cell = 32 to 39
37	-10	23	-31	70	-13	66	9	cell = 40 to 47
16	14	63	-21	36	-4	21	4	cell = 48 to 55
43	-21	58	-22	59	-13	78	-14	cell = 56 to 63
50	28	36	-25	42	-24	33	-10	cell = 64 to 71
72	33	43	-23	20	10	58	-11	cell = 72 to 79
57	-8	24	-34	44	-3	46	-33	cell = 80 to 87
-2	-38	29	-29	54	30	26	-28	cell = 88 to 95
32	-27	46	10	93	10	65	-45	cell = 96 to 103
55	-7	52	12	47	4	85	-2	cell = 104 to 111
31	-25	81	-5	54	25	-4	-19	cell = 112 to 119
-7	-28	40	-36	9	-23	46	-32	cell = 120 to 127
42	23	79	-11	42	-29	52	-47	cell = 128 to 135
68	15	6	-59	41	-18	47	-14	cell = 136 to 143
43	15	47	-6	43	-14	18	-2	cell = 144 to 151
59	-41	75	40	53	-24	22	-35	cell = 152 to 159
35	-14	47	-19	65	-6	83	-26	cell = 160 to 167
43	6	65	-10	74	-16	43	46	cell = 168 to 175
52	9	28	-24	31	-26	21	9	cell = 176 to 183
37	-42	49	-27	25	2	22	-5	cell = 184 to 191
57	-39	33	-9	31	-40	22	18	cell = 192 to 199
38	-106	3	-35	70	-14	20	21	cell = 200 to 207
107	4	36	-14	67	-15	77	-25	cell = 208 to 215
34	-27	41	-6	36	-9	8	23	cell = 216 to 223
20	43	53	-45	46	-52	50	-23	cell = 224 to 231
29	-27	34	-9	20	5	29	2	cell = 232 to 239
27	3	33	-42	38	-18	48	-58	cell = 240 to 247
63	3	42	-31	19	24	8	-16	cell = 248 to 255
68	-20	60	-46	24	-14	27	3	cell = 256 to 263
27	-19	46	-13	29	-37	33	-26	cell = 264 to 271
35	9	64	-8	36	-7	44	7	cell = 272 to 279
60	-9	92	-50	70	-20	41	11	cell = 280 to 287
44	-46	26	38	-8	8	65	0	cell = 288 to 295
10	21	34	5	28	2	25	-54	cell = 296 to 303
37	5	62	25	84	17	45	15	cell = 304 to 311
61	-33	-8	19	58	-16	33	14	cell = 312 to 319
46	-5	8	-29	53	4	78	17	cell = 320 to 327
37	-6	53	-9	53	-48	78	-40	cell = 328 to 335
61	-32	19	-10	46	-28	30	-25	cell = 336 to 343
52	-9	11	23	32	-29	44	-9	cell = 344 to 351
71	5	76	-2	28	-1	54	7	cell = 352 to 359
36	10	42	-14	71	-5	56	-4	cell = 360 to 367
54	14	37	-10	65	-27	15	19	cell = 368 to 375
18	-54	5	-12	4	-5	81	25	cell = 376 to 383
35	-25	35	49	42	-34	7	-18	cell = 384 to 391
20	-28	21	-50	96	-36	53	-30	cell = 392 to 399
63	-19	27	-15	42	-9	46	-46	cell = 400 to 407
5	27	70	23	21	-74	24	-10	cell = 408 to 415
6	-40	9	-20	48	-3	57	-11	cell = 416 to 423
64	-19	28	-30	57	1	52	0	cell = 424 to 431
69	-18	54	-51	57	56	21	3	cell = 432 to 439
19	-41	4	-1	48	-28	49	10	cell = 440 to 447
59	-9	64	-46	39	-25	72	-22	cell = 448 to 455
16	1	43	-29	11	-28	36	-40	cell = 456 to 463
43	16	90	-4	13	-14	20	-13	cell = 464 to 471
40	5	48	-39	42	12	54	-22	cell = 472 to 479
88	-16	64	-4	30	2	46	-5	cell = 480 to 487
61	-16	65	26	0	-2	71	-5	cell = 488 to 495
30	-20	-27	-104	-59	-105	-40	-83	cell = 496 to 503
55	21	22	10	58	-3	79	0	cell = 504 to 511
-4	-65	-4	18	-4	-44	-39	-33	cell = 512 to 519
-76	18	-40	-30	-21	3	-46	3	cell = 520 to 527
8	5	15	-26	-34	-45	-22	2	cell = 528 to 535
-6	1	7	-24	-15	-3	10	-13	cell = 536 to 543
-4	-24	-15	-22	5	-13	-63	-28	cell = 544 to 551
-14	-19	3	-24	-22	-54	-56	-14	cell = 552 to 559
-30	12	-32	-3	-46	-14	-12	-18	cell = 560 to 567
-16	-5	-20	-4	2	9	-27	-9	cell = 568 to 575
-5	-61	-11	-3	-54	-30	-7	-31	cell = 576 to 583
-20	-37	-14	-28	-59	24	-43	-5	cell = 584 to 591
-40	-8	-7	1	-65	-4	-34	-32	cell = 592 to 599
-34	8	-28	-4	-14	-44	-37	-11	cell = 600 to 607
-30	-14	-31	-3	-20	6	-39	-18	cell = 608 to 615
-54	-46	24	0	-16	-29	-26	6	cell = 616 to 623
-12	11	-66	6	-3	8	-33	-33	cell = 624 to 631
-37	-20	1	-31	11	-28	12	-29	cell = 632 to 639
-27	55	19	23	-1	-12	-47	29	cell = 640 to 647
-11	-16	-20	-35	-7	-33	-13	-6	cell = 648 to 655
-18	1	14	-19	-13	22	-14	10	cell = 656 to 663
-12	-7	-32	3	0	-25	-50	-8	cell = 664 to 671
12	-39	1	-16	32	34	-40	-29	cell = 672 to 679
-32	-13	-25	1	-27	-38	7	19	cell = 680 to 687
-39	-18	-23	-16	8	-33	-50	-31	cell = 688 to 695
5	-11	-30	-55	-25	-35	-57	2	cell = 696 to 703
2	-13	14	-16	-59	-29	-47	-47	cell = 704 to 711
-17	-31	-41	-19	13	-28	38	-7	cell = 712 to 719
6	-60	-1	-7	28	6	11	-14	cell = 720 to 727
4	-17	-33	-19	-18	-56	18	-17	cell = 728 to 735
-19	-7	7	-5	11	1	45	-5	cell = 736 to 743
-16	31	-25	-32	-20	3	-22	26	cell = 744 to 751
-54	10	6	-38	22	-17	-3	-63	cell = 752 to 759
9	8	-35	10	18	0	-4	-2	cell = 760 to 767
10	-18	-23	-6	5	29	-18	-3	cell = 768 to 775
-7	-57	-7	2	-4	-9	-61	20	cell = 776 to 783
-27	-51	-46	-47	-13	-18	-15	-10	cell = 784 to 791
25	0	-43	-31	-22	-31	-35	-30	cell = 792 to 799
-17	-35	7	10	-27	-22	-75	-38	cell = 800 to 807
10	-7	4	8	-35	5	-63	-8	cell = 808 to 815
6	-31	-18	-3	26	-50	-33	1	cell = 816 to 823
20	14	-31	6	-8	3	17	2	cell = 824 to 831
-30	-11	-31	17	-6	-17	-25	-14	cell = 832 to 839
-13	-18	-33	-59	-22	-13	-8	-17	cell = 840 to 847
23	28	-11	0	3	4	-29	4	cell = 848 to 855
-69	46	6	11	-58	-3	19	-22	cell = 856 to 863
-3	-34	-8	-38	6	-36	-8	-16	cell = 864 to 871
-28	-4	-23	-34	-18	37	-20	-19	cell = 872 to 879
-18	-9	-9	-2	6	-26	32	-22	cell = 880 to 887
-26	-18	-10	4	-30	-11	-5	-22	cell = 888 to 895
-10	-37	15	0	-24	-33	-21	-6	cell = 896 to 903
-25	-27	-56	-27	-59	-3	-23	-11	cell = 904 to 911
22	15	0	31	4	-18	-24	-65	cell = 912 to 919
-27	10	-23	-35	-29	-17	18	14	cell = 920 to 927
-34	-15	15	-13	-31	-62	23	-32	cell = 928 to 935
-47	-16	-14	-16	-31	-12	-7	-25	cell = 936 to 943
-42	-33	7	32	-5	2	2	3	cell = 944 to 951
-5	11	-19	-10	29	-52	2	-31	cell = 952 to 959
-12	7	0	10	-19	-14	-7	2	cell = 960 to 967
-34	-45	-13	-48	-18	-23	-58	-32	cell = 968 to 975
-36	-52	-32	-14	8	-10	1	-9	cell = 976 to 983
6	35	0	-34	5	-9	-56	-7	cell = 984 to 991
0	-35	11	14	-22	-5	-35	-10	cell = 992 to 999
-18	-11	-4	-21	-35	-58	-49	-33	cell = 1000 to 1007
1	15	-21	-26	-22	-59	-4	-55	cell = 1008 to 1015
-39	-4	-8	-26	-40	-5	-28	-44	cell = 1016 to 1023
Calibration values from cell 0 to 1024 for channel 5:

55	-16	50	6	37	-1	44	8	cell = 0 to 7
21	20	32	-22	58	-33	15	-28	cell = 8 to 15
33	-9	94	-6	53	-25	37	-29	cell = 16 to 23
66	-32	48	-40	22	-13	77	0	cell = 24 to 31
44	-20	20	2	63	-27	36	-7	cell = 32 to 39
49	-11	60	-41	34	-9	3	22	cell = 40 to 47
-12	45	14	10	46	8	82	-16	cell = 48 to 55
48	-24	74	-35	25	-20	50	0	cell = 56 to 63
25	9	60	-33	31	-28	58	36	cell = 64 to 71
73	-9	43	3	44	-1	50	32	cell = 72 to 79
64	-19	31	-42	35	25	78	-9	cell = 80 to 87
49	28	50	-7	66	-21	27	-11	cell = 88 to 95
84	1	96	-59	20	50	54	-5	cell = 96 to 103
83	-12	19	11	42	-18	10	-14	cell = 104 to 111
13	-13	52	-13	32	-31	49	-23	cell = 112 to 119
29	-11	57	-30	50	5	70	5	cell = 120 to 127
92	10	92	39	47	-14	52	-33	cell = 128 to 135
21	-27	11	-40	37	-24	45	37	cell = 136 to 143
62	-29	48	-32	66	5	26	-5	cell = 144 to 151
16	14	16	17	63	-45	59	1	cell = 152 to 159
71	-42	2	-47	68	7	31	12	cell = 160 to 167
51	-1	36	5	69	-11	9	11	cell = 168 to 175
70	-33	57	-16	63	-13	26	-30	cell = 176 to 183
57	-21	49	-35	56	11	12	-48	cell = 184 to 191
33	24	39	-15	19	11	42	-16	cell = 192 to 199
34	-7	-1	-22	49	-13	83	21	cell = 200 to 207
39	-9	50	14	17	19	21	-12	cell = 208 to 215
42	-29	34	-24	45	-22	61	-51	cell = 216 to 223
23	27	19	-29	75	-15	69	-44	cell = 224 to 231
25	21	45	-23	56	-24	35	-14	cell = 232 to 239
68	29	52	-2	28	10	89	-14	cell = 240 to 247
63	-18	64	-34	63	-10	44	3	cell = 248 to 255
65	39	63	33	17	4	30	-22	cell = 256 to 263
29	-21	67	-31	33	15	20	6	cell = 264 to 271
46	-10	51	-31	17	-32	62	-32	cell = 272 to 279
24	3	45	-24	51	-6	64	23	cell = 280 to 287
39	-9	65	-32	37	-22	46	-19	cell = 288 to 295
46	26	7	-32	22	-20	43	-18	cell = 296 to 303
52	-23	31	-28	34	4	64	27	cell = 304 to 311
-7	-5	33	25	33	-5	35	-28	cell = 312 to 319
82	14	24	-25	11	-18	53	-9	cell = 320 to 327
49	-33	13	12	39	32	61	-41	cell = 328 to 335
56	13	37	-17	26	-17	30	-12	cell = 336 to 343
29	3	53	1	4	12	53	6	cell = 344 to 351
39	13	65	12	50	-33	25	24	cell = 352 to 359
37	-47	9	-9	-19	-29	5	6	cell = 360 to 367
15	-39	27	40	85	-11	58	-44	cell = 368 to 375
35	-33	62	-41	50	1	20	1	cell = 376 to 383
89	-18	14	-26	33	-3	29	-12	cell = 384 to 391
46	-1	34	-11	-7	14	69	-10	cell = 392 to 399
65	5	72	-35	48	-6	25	-23	cell = 400 to 407
30	-39	31	-43	58	-31	59	6	cell = 408 to 415
59	-39	91	6	45	-4	25	-20	cell = 416 to 423
71	12	39	-14	20	-48	40	34	cell = 424 to 431
71	-6	84	-4	31	0	43	21	cell = 432 to 439
37	-24	75	-39	8	-33	66	-19	cell = 440 to 447
3	11	48	19	46	-57	64	-43	cell = 448 to 455
49	21	-8	-28	64	-41	52	21	cell = 456 to 463
-26	9	48	3	29	-27	41	-11	cell = 464 to 471
58	12	44	-15	24	-36	40	-33	cell = 472 to 479
48	-6	25	4	-7	-13	47	-43	cell = 480 to 487
11	-40	32	-25	11	18	45	-6	cell = 488 to 495
20	-17	-10	-67	-68	-91	-30	-93	cell = 496 to 503
39	-41	13	-21	43	27	91	-62	cell = 504 to 511
-10	4	-3	-24	4	-2	-25	17	cell = 512 to 519
-9	-2	-32	-57	-28	-2	-46	-23	cell = 520 to 527
-7	-6	-16	-21	11	-3	7	-58	cell = 528 to 535
-22	18	4	15	3	-56	-30	-13	cell = 536 to 543
-21	-3	-36	-28	-27	-30	-16	5	cell = 544 to 551
-12	0	28	5	11	-22	-18	-48	cell = 552 to 559
-31	10	-47	-10	19	-25	-3	-4	cell = 560 to 567
-23	13	29	-12	1	-25	-5	-41	cell = 568 to 575
-49	-81	-21	-12	-25	-25	-6	-69	cell = 576 to 583
-48	-8	-36	-18	-13	-11	-41	5	cell = 584 to 591
1	32	-40	1	1	-26	-52	-13	cell = 592 to 599
5	9	-9	-14	-44	-37	-64	-20	cell = 600 to 607
-7	10	-6	-18	-30	-48	-26	-89	cell = 608 to 615
-57	0	-24	-41	-59	5	29	-3	cell = 616 to 623
-32	14	6	-37	-14	-47	8	-45	cell = 624 to 631
-38	-46	-13	-15	-24	-14	-20	-29	cell = 632 to 639
3	-12	-24	-29	12	-19	-13	-28	cell = 640 to 647
-63	-12	-60	-3	-37	11	-54	5	cell = 648 to 655
-8	-12	0	-45	-36	-7	-16	-18	cell = 656 to 663
-9	1	-21	40	12	-59	-13	-17	cell = 664 to 671
-51	-25	-34	9	-24	-5	-42	-22	cell = 672 to 679
-39	-2	-50	-28	6	-32	-36	0	cell = 680 to 687
8	-15	-46	-11	10	4	-14	-20	cell = 688 to 695
-61	-36	-22	-3	-51	-18	-60	3	cell = 696 to 703
5	-35	-24	-13	24	-34	-48	-6	cell = 704 to 711
-32	26	-44	-14	18	-17	-28	-23	cell = 712 to 719
-34	-4	-25	-24	5	2	-27	-15	cell = 720 to 727
-10	-62	-37	1	-27	25	-41	1	cell = 728 to 735
1	-4	-31	5	5	-5	-24	-25	cell = 736 to 743
-25	-23	-17	-14	-41	-37	6	-45	cell = 744 to 751
-36	-6	6	-23	-12	-65	-19	-41	cell = 752 to 759
4	-2	-35	2	7	-14	-3	-7	cell = 760 to 767
-14	-52	-29	-20	-12	-23	2	-49	cell = 768 to 775
-39	34	-10	-35	-2	-29	-44	-31	cell = 776 to 783
-19	12	11	-12	-29	-16	-49	-6	cell = 784 to 791
-47	9	24	30	35	-38	-32	-11	cell = 792 to 799
-25	-40	-17	-10	-1	-7	-38	10	cell = 800 to 807
-16	-27	1	-28	-10	-5	-8	-21	cell = 808 to 815
13	-23	-24	-2	-12	-24	-39	-9	cell = 816 to 823
-23	2	-33	-57	-27	-14	-47	12	cell = 824 to 831
-7	-15	4	-4	-21	-63	-50	-26	cell = 832 to 839
-26	-10	-73	-52	-28	-15	1	-36	cell = 840 to 847
22	5	-32	6	-29	-5	3	-19	cell = 848 to 855
15	19	-13	2	-5	-15	-25	6	cell = 856 to 863
-19	-47	-8	3	16	-22	-16	7	cell = 864 to 871
-39	-25	-35	23	-23	-6	-47	-8	cell = 872 to 879
-93	2	-38	26	-17	0	-28	-7	cell = 880 to 887
4	-36	0	-2	-2	-45	2	19	cell = 888 to 895
-5	17	-8	-26	59	-20	19	-31	cell = 896 to 903
-17	2	2	35	20	-28	-29	-31	cell = 904 to 911
-4	-24	-11	-14	-37	-32	18	-23	cell = 912 to 919
7	-9	-52	-9	-31	11	-55	18	cell = 920 to 927
26	-33	30	-15	1	-3	-5	-41	cell = 928 to 935
12	23	-40	-15	26	-34	-31	-37	cell = 936 to 943
-26	1	14	0	-7	5	7	7	cell = 944 to 951
-10	-13	-31	-4	-36	-54	-10	-6	cell = 952 to 959
-6	2	12	-19	36	36	-22	-34	cell = 960 to 967
-25	9	-18	-20	-16	-16	-30	8	cell = 968 to 975
-16	4	5	13	-20	-31	-43	10	cell = 976 to 983
-43	-44	6	11	-4	6	18	-38	cell = 984 to 991
-34	-5	-39	-6	11	12	-30	3	cell = 992 to 999
-49	-8	-22	-2	25	6	-18	2	cell = 1000 to 1007
-10	3	7	-20	-9	-11	-40	-30	cell = 1008 to 1015
-26	-7	-32	-38	-42	-27	-22	9	cell = 1016 to 1023
Calibration values from cell 0 to 1024 for channel 6:

49	19	67	-16	66	0	71	-12	cell = 0 to 7
38	-32	9	-9	32	-8	29	13	cell = 8 to 15
46	-19	26	44	25	-20	19	0	cell = 16 to 23
21	0	24	-24	25	32	40	-3	cell = 24 to 31
37	37	20	4	14	11	17	-37	cell = 32 to 39
72	-14	49	6	44	-47	34	11	cell = 40 to 47
35	-24	16	-18	31	-24	-5	-15	cell = 48 to 55
50	21	32	-25	35	-39	52	29	cell = 56 to 63
2	-7	69	7	36	10	55	-30	cell = 64 to 71
42	8	38	-18	53	21	65	0	cell = 72 to 79
35	-20	78	19	53	-21	17	-9	cell = 80 to 87
68	11	43	2	32	-29	65	-25	cell = 88 to 95
64	-2	41	-11	24	-14	31	-25	cell = 96 to 103
34	-27	45	-19	4	-24	76	-16	cell = 104 to 111
39	18	49	-38	71	-17	77	-11	cell = 112 to 119
34	22	63	-11	72	-15	51	30	cell = 120 to 127
40	-36	56	2	25	5	58	13	cell = 128 to 135
20	23	44	1	81	27	40	3	cell = 136 to 143
27	-16	59	13	57	0	24	-10	cell = 144 to 151
18	-38	8	13	40	-26	45	-7	cell = 152 to 159
55	22	30	2	57	2	53	-34	cell = 160 to 167
40	-29	57	4	51	-12	20	-2	cell = 168 to 175
42	20	1	-47	51	-47	8	0	cell = 176 to 183
-15	17	54	10	34	-27	64	-8	cell = 184 to 191
18	13	38	-1	65	5	48	-7	cell = 192 to 199
60	8	65	-39	58	-33	36	-4	cell = 200 to 207
31	-48	49	-8	35	-51	61	-8	cell = 208 to 215
55	-21	47	4	57	-18	50	-8	cell = 216 to 223
76	17	26	14	13	-48	73	21	cell = 224 to 231
56	-17	26	-26	31	-6	26	-60	cell = 232 to 239
19	-12	31	-10	58	-15	31	-19	cell = 240 to 247
21	-10	54	-16	39	41	38	-25	cell = 248 to 255
9	-24	42	31	47	-17	48	-10	cell = 256 to 263
81	13	82	14	56	-1	17	-54	cell = 264 to 271
67	6	4	11	46	-8	88	20	cell = 272 to 279
45	-29	19	-15	51	20	-8	19	cell = 280 to 287
74	-19	50	34	62	2	45	-7	cell = 288 to 295
50	15	27	26	39	-11	39	-17	cell = 296 to 303
37	-34	107	-6	85	15	54	33	cell = 304 to 311
22	-4	86	-31	16	-27	58	2	cell = 312 to 319
39	-11	42	20	40	-16	69	-21	cell = 320 to 327
47	30	40	-19	6	-7	37	-25	cell = 328 to 335
12	-7	53	-30	6	-16	67	-6	cell = 336 to 343
79	-21	9	14	-12	-51	71	-28	cell = 344 to 351
56	54	40	-49	41	-9	20	-1	cell = 352 to 359
23	16	23	-9	33	-19	35	-7	cell = 360 to 367
44	23	42	-6	43	-52	63	-16	cell = 368 to 375
87	-46	46	-2	41	-12	56	-24	cell = 376 to 383
45	-8	42	4	48	-29	41	-4	cell = 384 to 391
27	-73	55	31	65	14	36	-36	cell = 392 to 399
33	-11	47	-63	46	-56	36	-4	cell = 400 to 407
29	0	51	-4	32	-30	77	-8	cell = 408 to 415
22	-33	45	-17	55	20	34	24	cell = 416 to 423
-7	-9	56	-23	14	-11	70	-19	cell = 424 to 431
78	-29	53	-13	42	5	28	21	cell = 432 to 439
27	7	11	-23	54	16	43	-17	cell = 440 to 447
1	1	28	8	52	-11	47	0	cell = 448 to 455
7	-17	47	-38	17	-11	65	-16	cell = 456 to 463
58	-16	77	-7	8	1	88	6	cell = 464 to 471
16	-31	48	0	12	-12	32	-80	cell = 472 to 479
48	-21	59	-8	51	-20	52	7	cell = 480 to 487
45	-5	59	-34	39	-28	-2	0	cell = 488 to 495
69	-32	-58	-54	-51	-72	-41	-93	cell = 496 to 503
55	-6	37	-27	3	-14	48	-31	cell = 504 to 511
-15	-26	-2	-28	-9	-10	-60	-42	cell = 512 to 519
-33	4	5	-25	-27	-5	-14	15	cell = 520 to 527
-27	-21	-20	-16	-54	-2	-12	-65	cell = 528 to 535
-16	-46	-11	18	0	1	-20	-7	cell = 536 to 543
25	-25	-13	-14	0	-26	-53	3	cell = 544 to 551
-7	-70	-42	-58	-31	9	-27	35	cell = 552 to 559
2	18	-9	-31	-34	-29	-30	-17	cell = 560 to 567
-41	-10	15	11	-40	-3	-30	13	cell = 568 to 575
-18	-16	28	-25	-30	-13	-41	2	cell = 576 to 583
-18	-35	-37	-30	-50	10	-51	-30	cell = 584 to 591
4	-10	-23	-56	15	5	-9	-32	cell = 592 to 599
-4	-29	0	-22	-17	3	-20	2	cell = 600 to 607
16	-34	-7	-44	-20	6	-33	-38	cell = 608 to 615
-57	-76	-3	-46	-3	14	-63	28	cell = 616 to 623
-18	-20	-11	-25	-16	-14	-50	-34	cell = 624 to 631
-17	-10	-27	-30	-19	-38	-12	-10	cell = 632 to 639
-4	-3	-13	-38	-25	8	4	-32	cell = 640 to 647
-3	-54	-8	6	-41	-19	-36	40	cell = 648 to 655
-14	3	-24	-24	6	41	-67	-27	cell = 656 to 663
-18	13	-21	-30	34	9	-17	-10	cell = 664 to 671
-31	20	25	-8	-8	-60	-20	-16	cell = 672 to 679
-10	-22	29	-31	-12	29	-28	-10	cell = 680 to 687
22	6	-25	16	6	-7	-43	-49	cell = 688 to 695
1	-42	-17	32	-27	-38	14	17	cell = 696 to 703
-33	-19	-48	-64	-62	-18	-8	-48	cell = 704 to 711
-4	-39	-7	-62	-60	-23	-6	-7	cell = 712 to 719
-21	-10	-28	-36	-22	-12	-6	-41	cell = 720 to 727
-18	-4	-50	34	-18	-29	16	18	cell = 728 to 735
9	-16	-48	20	12	-25	14	-21	cell = 736 to 743
-33	-21	-7	-19	-46	-8	-36	14	cell = 744 to 751
-31	-27	-36	6	-18	16	-3	-2	cell = 752 to 759
-5	-38	-20	-47	-64	41	-15	-2	cell = 760 to 767
21	-7	-18	-26	-49	-44	-6	-10	cell = 768 to 775
-29	28	-31	-7	-6	-14	-16	-34	cell = 776 to 783
-23	-40	-18	-36	24	8	-50	-14	cell = 784 to 791
-1	-25	-46	-24	-32	-57	-2	-3	cell = 792 to 799
-31	26	-16	-3	16	-2	-42	-17	cell = 800 to 807
-37	-1	-3	-3	1	-6	-19	-51	cell = 808 to 815
-23	-19	-21	-9	-24	-13	-14	5	cell = 816 to 823
-21	-22	-43	-20	-35	-48	-18	13	cell = 824 to 831
20	-25	-16	5	7	-32	-41	-9	cell = 832 to 839
-52	5	-26	-8	-46	8	-9	-11	cell = 840 to 847
-20	-31	-26	-35	28	22	-3	16	cell = 848 to 855
2	-25	-21	36	-26	-27	-1	-3	cell = 856 to 863
-1	12	-13	17	10	-39	-39	-37	cell = 864 to 871
4	-22	17	-29	-41	-6	-40	-17	cell = 872 to 879
-20	-3	-4	-9	-9	-32	-7	-31	cell = 880 to 887
-67	1	-11	-20	8	-57	-69	0	cell = 888 to 895
-29	12	-6	-14	29	-27	-61	-53	cell = 896 to 903
-20	-26	6	-23	18	-35	24	5	cell = 904 to 911
-3	-7	-16	7	21	22	24	-9	cell = 912 to 919
3	0	-19	-42	-4	-33	-14	-29	cell = 920 to 927
-8	-31	37	-9	2	7	17	-28	cell = 928 to 935
-73	-14	-16	-19	-20	-25	-46	-13	cell = 936 to 943
-1	-22	1	-72	-5	-28	-14	-22	cell = 944 to 951
-3	-23	-48	20	-15	-35	-9	1	cell = 952 to 959
-35	-28	-39	-15	-53	-39	-11	56	cell = 960 to 967
-33	-32	-37	24	-18	20	13	-8	cell = 968 to 975
-16	30	-23	-25	-12	-5	-38	-29	cell = 976 to 983
-3	-36	-28	-8	-22	5	6	14	cell = 984 to 991
-19	14	-16	23	11	-36	-20	-25	cell = 992 to 999
18	-44	-52	-39	-2	-3	-25	-5	cell = 1000 to 1007
8	-34	-45	3	-11	-21	-18	27	cell = 1008 to 1015
-15	-3	-70	-46	-10	-26	-30	-40	cell = 1016 to 1023
Calibration values from cell 0 to 1024 for channel 7:

49	-25	40	-28	11	-27	25	-23	cell = 0 to 7
42	-3	53	21	46	-35	84	3	cell = 8 to 15
33	2	19	-32	32	-4	8	22	cell = 16 to 23
24	-20	47	-23	5	-27	75	7	cell = 24 to 31
26	5	39	-10	67	4	65	4	cell = 32 to 39
78	-12	46	13	48	-30	64	3	cell = 40 to 47
37	6	26	-2	24	11	87	-51	cell = 48 to 55
34	19	11	-5	32	17	72	-2	cell = 56 to 63
49	15	96	-15	32	-6	41	-21	cell = 64 to 71
24	-16	41	28	36	-12	47	2	cell = 72 to 79
46	-20	60	-9	16	36	31	-22	cell = 80 to 87
1	21	63	-14	43	-13	45	-40	cell = 88 to 95
36	35	55	-30	54	15	89	49	cell = 96 to 103
78	-5	21	-21	73	-2	51	-16	cell = 104 to 111
33	5	32	-43	65	-29	55	-50	cell = 112 to 119
-10	14	79	-5	15	-1	40	-18	cell = 120 to 127
37	-43	69	20	38	-3	4	-32	cell = 128 to 135
59	-36	0	-15	44	10	37	-24	cell = 136 to 143
16	7	52	-14	34	13	45	19	cell = 144 to 151
40	-15	80	17	20	26	34	-28	cell = 152 to 159
46	10	23	-30	47	0	17	-31	cell = 160 to 167
52	12	38	-33	54	8	46	11	cell = 168 to 175
86	17	12	0	27	-39	41	25	cell = 176 to 183
60	-26	31	-11	62	-26	46	14	cell = 184 to 191
22	-7	80	47	51	-2	91	25	cell = 192 to 199
57	-38	21	1	37	-6	53	-20	cell = 200 to 207
10	-3	44	-27	34	-32	8	-13	cell = 208 to 215
31	14	58	22	28	-3	19	-57	cell = 216 to 223
45	-4	63	-37	16	-7	5	12	cell = 224 to 231
56	-20	86	-25	3	-27	46	-7	cell = 232 to 239
61	0	41	-41	-2	9	37	19	cell = 240 to 247
2	-19	3	-14	39	-23	11	-3	cell = 248 to 255
72	-4	36	-4	60	-6	33	1	cell = 256 to 263
55	-5	26	0	16	-3	15	-19	cell = 264 to 271
14	24	43	-20	10	-9	47	22	cell = 272 to 279
34	-14	36	-17	72	-14	-11	33	cell = 280 to 287
28	21	68	33	28	-4	36	-16	cell = 288 to 295
55	5	75	-11	12	29	27	-19	cell = 296 to 303
45	-57	51	17	8	13	26	27	cell = 304 to 311
35	-37	64	5	24	5	39	31	cell = 312 to 319
21	-10	-3	-14	50	30	21	-24	cell = 320 to 327
35	-35	43	0	25	-1	12	-6	cell = 328 to 335
75	-44	42	15	37	-18	55	9	cell = 336 to 343
21	-13	54	19	23	-29	70	0	cell = 344 to 351
80	35	52	16	29	-65	58	-15	cell = 352 to 359
54	-31	64	-43	45	-34	19	-15	cell = 360 to 367
25	25	16	-31	23	7	34	-8	cell = 368 to 375
50	-22	28	22	60	33	35	41	cell = 376 to 383
69	-6	44	0	19	-10	60	-21	cell = 384 to 391
57	-13	23	-26	7	-29	63	-8	cell = 392 to 399
33	30	34	13	59	-17	36	-13	cell = 400 to 407
21	-22	17	2	50	22	90	-41	cell = 408 to 415
51	1	22	0	18	-10	7	1	cell = 416 to 423
11	-45	77	-52	74	19	53	5	cell = 424 to 431
39	-7	45	-16	33	11	28	-2	cell = 432 to 439
23	-9	32	-27	9	-48	52	13	cell = 440 to 447
5	27	45	-14	48	-21	14	-18	cell = 448 to 455
1	-22	35	-11	20	7	-12	-28	cell = 456 to 463
71	38	24	-60	9	-19	46	0	cell = 464 to 471
22	-42	34	-3	49	33	35	-41	cell = 472 to 479
16	-38	55	-4	65	-26	51	-43	cell = 480 to 487
52	0	46	-44	60	3	23	0	cell = 488 to 495
39	9	-1	-117	-18	-105	-62	-61	cell = 496 to 503
16	-33	9	-11	9	-41	51	-10	cell = 504 to 511
-2	-14	-31	-25	-26	2	-25	16	cell = 512 to 519
-4	-50	-58	-18	-49	4	-31	13	cell = 520 to 527
-24	-29	5	-5	0	-39	-36	-20	cell = 528 to 535
-36	-48	-71	0	-15	-9	-42	-37	cell = 536 to 543
11	-20	-19	-15	21	9	-72	-5	cell = 544 to 551
-36	4	9	-26	-11	3	-26	-39	cell = 552 to 559
-17	10	-33	-14	-6	-10	-22	-25	cell = 560 to 567
-6	-44	-24	-41	-38	-20	-42	-45	cell = 568 to 575
13	-33	-14	0	-29	25	-46	-13	cell = 576 to 583
1	-64	-4	8	-31	-10	16	12	cell = 584 to 591
-46	-32	-48	-26	-30	22	-31	9	cell = 592 to 599
-19	-17	-15	-18	-52	-22	8	15	cell = 600 to 607
-17	17	-19	13	-18	10	-12	3	cell = 608 to 615
-20	-55	-17	-29	-58	14	-54	13	cell = 616 to 623
-8	-21	-2	-32	-36	17	-35	-43	cell = 624 to 631
-6	-31	-38	-21	3	-8	-29	-14	cell = 632 to 639
18	-7	-26	-9	1	4	-21	-23	cell = 640 to 647
14	-39	-23	14	-45	1	21	-37	cell = 648 to 655
-31	-15	-18	-6	-16	-57	-24	9	cell = 656 to 663
2	-37	-15	-16	-31	-39	-38	-24	cell = 664 to 671
-7	-49	2	-7	-20	14	-18	-21	cell = 672 to 679
-48	4	8	-45	-25	-29	-11	-53	cell = 680 to 687
36	0	14	-29	1	-6	9	49	cell = 688 to 695
-15	17	-21	-39	-30	7	-14	-11	cell = 696 to 703
-8	4	13	35	-18	27	-27	-9	cell = 704 to 711
-14	-75	-11	-37	-7	6	-13	6	cell = 712 to 719
-59	-31	-15	-8	-11	-21	-19	-20	cell = 720 to 727
11	-21	4	7	5	11	-42	-21	cell = 728 to 735
-20	-44	-11	23	-42	-22	-20	26	cell = 736 to 743
-47	-9	-34	-9	-2	-27	0	16	cell = 744 to 751
30	-41	-15	3	-59	-47	-7	-22	cell = 752 to 759
-5	-3	-34	-42	0	-21	-9	-18	cell = 760 to 767
-29	-29	19	13	-16	-33	-7	-32	cell = 768 to 775
0	3	-5	-26	-55	-9	-15	-1	cell = 776 to 783
-7	43	-29	25	-22	-33	30	-7	cell = 784 to 791
-8	-21	-12	-24	-42	-1	-48	8	cell = 792 to 799
-30	-4	-38	-23	-17	-24	-52	-6	cell = 800 to 807
-18	-49	0	-37	4	0	-1	-53	cell = 808 to 815
-33	11	-21	-4	-33	-39	10	-27	cell = 816 to 823
-31	-25	-33	6	8	3	-24	-6	cell = 824 to 831
-27	7	17	-16	-5	15	-31	-18	cell = 832 to 839
-4	10	0	-37	9	4	-4	18	cell = 840 to 847
-57	11	-14	1	-68	13	-45	13	cell = 848 to 855
-18	1	5	-40	-25	10	0	-36	cell = 856 to 863
-20	1	-56	20	1	-24	2	-28	cell = 864 to 871
10	-29	12	-37	-21	12	15	-13	cell = 872 to 879
7	-19	-16	-20	18	-46	-9	-4	cell = 880 to 887
3	13	-33	33	-46	0	18	3	cell = 888 to 895
-47	4	-40	-18	-21	-57	-15	-17	cell = 896 to 903
-23	2	-40	-19	-8	24	-5	-43	cell = 904 to 911
-37	19	10	-56	11	-36	12	-12	cell = 912 to 919
-13	-29	-17	-4	-18	63	-4	-11	cell = 920 to 927
-6	18	-10	-12	-30	-28	-8	-11	cell = 928 to 935
-17	-21	1	-34	-5	-55	1	10	cell = 936 to 943
-11	11	-35	-31	-33	-24	21	1	cell = 944 to 951
-28	-5	-27	-13	-60	-16	-37	-36	cell = 952 to 959
-10	6	-39	-3	4	-33	-23	23	cell = 960 to 967
16	4	-37	7	-62	-24	-20	9	cell = 968 to 975
-35	-45	-71	24	-46	-18	-7	11	cell = 976 to 983
-29	9	-54	-3	-43	4	-25	16	cell = 984 to 991
-26	-14	-7	-16	9	-29	-13	-29	cell = 992 to 999
-30	-52	-60	6	21	15	-4	-24	cell = 1000 to 1007
-12	19	-28	-12	4	-67	-22	0	cell = 1008 to 1015
-14	-34	-29	-32	-28	-1	-5	-27	cell = 1016 to 1023
Calibration values from cell 0 to 1024 for channel 8:

39	7	68	-22	21	-42	30	23	cell = 0 to 7
28	-10	20	-1	31	-49	42	-38	cell = 8 to 15
8	13	33	27	69	34	13	-9	cell = 16 to 23
51	18	30	-15	83	-2	49	-3	cell = 24 to 31
44	-26	80	-21	51	22	77	4	cell = 32 to 39
36	26	27	-18	38	23	68	-4	cell = 40 to 47
25	12	73	6	55	-14	46	-8	cell = 48 to 55
19	-5	57	6	28	-3	39	-11	cell = 56 to 63
30	-24	58	-12	60	-32	67	32	cell = 64 to 71
49	9	58	64	52	-13	47	-35	cell = 72 to 79
58	-8	74	-42	15	5	62	-27	cell = 80 to 87
48	-38	53	-13	62	-24	69	-17	cell = 88 to 95
86	-17	35	29	32	-27	81	46	cell = 96 to 103
5	-22	56	-31	48	7	20	-24	cell = 104 to 111
52	-12	62	-4	16	5	77	-22	cell = 112 to 119
27	-26	35	-52	20	-10	22	-17	cell = 120 to 127
54	-19	44	-19	58	1	66	-14	cell = 128 to 135
70	-46	53	-22	24	-42	46	13	cell = 136 to 143
39	-23	57	-20	27	-2	37	9	cell = 144 to 151
29	39	86	3	3	-19	49	-27	cell = 152 to 159
37	1	34	-22	13	16	17	6	cell = 160 to 167
23	-16	54	16	32	4	43	4	cell = 168 to 175
3	12	53	12	-2	-13	49	45	cell = 176 to 183
44	-12	52	12	32	-51	77	-19	cell = 184 to 191
42	19	13	-25	66	12	-6	-58	cell = 192 to 199
41	30	59	41	47	-3	53	23	cell = 200 to 207
28	13	57	6	45	-28	17	-70	cell = 208 to 215
6	-15	24	5	5	-18	48	-35	cell = 216 to 223
24	-19	63	-3	14	9	60	-54	cell = 224 to 231
16	-34	33	26	68	-44	86	-39	cell = 232 to 239
60	0	-2	-3	43	-34	45	-5	cell = 240 to 247
-19	-39	47	-19	33	-26	42	14	cell = 248 to 255
61	0	2	-27	32	5	47	-31	cell = 256 to 263
92	27	34	15	-9	4	29	32	cell = 264 to 271
46	7	52	23	49	4	45	2	cell = 272 to 279
20	-14	46	-19	21	28	71	-55	cell = 280 to 287
70	-3	47	-23	29	5	67	-19	cell = 288 to 295
-6	-31	-9	-22	61	11	30	17	cell = 296 to 303
43	-19	87	-6	58	18	52	0	cell = 304 to 311
67	-15	67	-25	38	-9	41	24	cell = 312 to 319
60	-10	6	-13	58	-37	87	-40	cell = 320 to 327
49	-36	23	-17	46	-13	30	-10	cell = 328 to 335
48	-6	38	-27	35	26	78	-22	cell = 336 to 343
32	-24	22	1	75	-43	13	-1	cell = 344 to 351
33	-2	61	0	16	-14	78	-16	cell = 352 to 359
36	-10	17	-9	31	-4	25	-6	cell = 360 to 367
60	27	54	-48	5	0	34	-1	cell = 368 to 375
-8	-47	51	-34	22	0	44	4	cell = 376 to 383
44	10	58	-14	70	-30	12	28	cell = 384 to 391
38	6	37	-38	40	10	23	-8	cell = 392 to 399
34	26	46	-41	6	-47	35	-14	cell = 400 to 407
62	-8	33	-19	47	-40	45	-23	cell = 408 to 415
5	4	48	3	33	-39	59	16	cell = 416 to 423
52	11	17	4	82	7	70	5	cell = 424 to 431
31	-19	35	-12	67	30	57	-21	cell = 432 to 439
66	-42	103	15	22	-19	45	-2	cell = 440 to 447
-8	-38	42	-42	19	-24	27	-31	cell = 448 to 455
48	12	44	7	31	-15	47	33	cell = 456 to 463
29	-17	41	10	44	19	57	17	cell = 464 to 471
30	-3	18	-53	34	-33	49	5	cell = 472 to 479
20	-1	55	13	40	-7	65	-18	cell = 480 to 487
41	-19	54	-16	62	-9	13	-39	cell = 488 to 495
36	2	-50	-73	-12	-68	17	-54	cell = 496 to 503
62	3	32	-40	21	-3	25	-22	cell = 504 to 511
8	-43	7	2	-13	-39	-14	10	cell = 512 to 519
-18	37	-5	-39	-11	-1	11	-13	cell = 520 to 527
12	-40	-4	-22	-24	-15	-35	-32	cell = 528 to 535
-18	-25	-30	-2	-21	23	7	-21	cell = 536 to 543
-15	23	-12	-52	-34	-36	31	16	cell = 544 to 551
-55	-39	-10	-20	-3	1	-29	8	cell = 552 to 559
-11	-44	-10	17	-35	31	-1	24	cell = 560 to 567
-9	-25	-18	10	9	6	-2	-38	cell = 568 to 575
-30	32	11	-9	-11	-35	-32	24	cell = 576 to 583
-10	-22	-13	-27	-28	-28	-27	-25	cell = 584 to 591
-19	-54	7	3	-12	-43	-9	-18	cell = 592 to 599
-34	0	-51	-12	-58	9	-30	0	cell = 600 to 607
-11	-35	-21	22	-31	-34	-36	-12	cell = 608 to 615
-29	0	12	-4	6	-35	-40	-11	cell = 616 to 623
-8	-64	-16	-24	12	-14	-56	-34	cell = 624 to 631
-7	-29	-41	-23	-29	22	-28	13	cell = 632 to 639
-13	20	-44	27	-56	13	-8	-23	cell = 640 to 647
1	9	-32	3	-16	-24	-3	11	cell = 648 to 655
-37	-13	-45	-18	-55	-4	-22	-1	cell = 656 to 663
-23	-31	-59	-32	20	-35	-34	6	cell = 664 to 671
-13	-1	-21	-33	-25	-34	-14	-59	cell = 672 to 679
-9	-10	-22	2	10	-9	-47	-32	cell = 680 to 687
-55	-7	-4	-68	-6	-16	-46	-33	cell = 688 to 695
-17	-10	-29	26	-44	-19	3	-48	cell = 696 to 703
-15	5	-8	-32	-22	-10	-70	-17	cell = 704 to 711
-35	-93	-8	-31	-50	-47	-14	11	cell = 712 to 719
-2	-11	-52	4	9	-8	-38	-1	cell = 720 to 727
-13	-29	2	-17	-19	-18	-54	18	cell = 728 to 735
-26	-9	17	-8	-15	-16	-41	6	cell = 736 to 743
9	20	6	0	40	3	-54	-26	cell = 744 to 751
-26	-10	-45	-10	-2	-40	13	-12	cell = 752 to 759
6	-35	-21	17	-10	-13	17	-30	cell = 760 to 767
-15	-10	20	-6	-42	-13	-21	-7	cell = 768 to 775
-25	-34	-53	29	-28	-6	-22	24	cell = 776 to 783
6	-20	-51	5	-28	15	-43	-47	cell = 784 to 791
-13	-43	-61	0	-19	22	-2	6	cell = 792 to 799
14	-7	-32	-2	-63	-24	-27	-50	cell = 800 to 807
18	-25	-14	9	-31	19	1	22	cell = 808 to 815
-59	7	-8	5	-3	-20	-32	6	cell = 816 to 823
-36	-22	-22	-16	10	-43	-47	-10	cell = 824 to 831
-7	-23	-12	-22	-11	-43	4	-22	cell = 832 to 839
-7	-47	-10	-22	0	-13	-21	-9	cell = 840 to 847
-42	-39	-3	-19	-48	-42	3	-42	cell = 848 to 855
27	-28	-34	16	-50	-34	-13	9	cell = 856 to 863
10	-7	-6	0	8	-21	-39	-7	cell = 864 to 871
-23	1	-21	-34	0	-19	15	-10	cell = 872 to 879
-30	-28	-2	-14	-43	-28	-67	-16	cell = 880 to 887
-13	-10	-55	-4	-24	14	-61	-22	cell = 888 to 895
-35	8	-4	25	-32	-3	-16	5	cell = 896 to 903
-18	-41	-27	6	-11	-17	-10	4	cell = 904 to 911
1	-22	-39	-7	-43	-27	-12	-4	cell = 912 to 919
-13	-9	-49	18	-29	41	17	11	cell = 920 to 927
-5	-17	26	-4	-39	-18	-15	-4	cell = 928 to 935
-13	-11	0	-5	26	14	-11	-13	cell = 936 to 943
-30	-9	-19	-6	-3	-26	-4	-41	cell = 944 to 951
-15	-15	-5	-30	10	-10	-4	-4	cell = 952 to 959
-1	13	-18	-51	-27	-49	-32	-5	cell = 960 to 967
-19	-10	-37	-11	-68	7	-55	-1	cell = 968 to 975
8	-27	-29	-28	-6	-20	-63	-2	cell = 976 to 983
-32	-41	-39	-3	-37	19	14	-20	cell = 984 to 991
-24	40	-10	-48	2	-7	-57	0	cell = 992 to 999
-36	-70	-16	19	13	-12	-50	-13	cell = 1000 to 1007
-28	-37	-23	-12	-2	-38	-45	-17	cell = 1008 to 1015
-43	-50	-25	38	0	-7	-29	-26	cell = 1016 to 1023
