Calibration values from cell 0 to 1024 for channel 0:

27	-2	55	2	74	-15	21	-31	cell = 0 to 7
54	-25	37	0	59	-3	53	-31	cell = 8 to 15
20	-17	37	-11	23	34	59	-10	cell = 16 to 23
65	-16	39	-29	46	-26	39	-48	cell = 24 to 31
46	-15	36	-10	54	-11	61	-20	cell = 32 to 39
50	2	59	-38	66	0	31	-28	cell = 40 to 47
16	8	63	-57	40	-33	-7	10	cell = 48 to 55
21	-24	26	-42	23	1	18	-6	cell = 56 to 63
48	-3	81	-36	24	1	49	-32	cell = 64 to 71
23	-1	35	22	45	6	18	6	cell = 72 to 79
49	-40	65	21	-4	0	35	-5	cell = 80 to 87
35	22	40	-16	-4	-19	34	-54	cell = 88 to 95
55	-11	38	-3	48	-1	34	-12	cell = 96 to 103
8	-19	89	2	38	-36	72	5	cell = 104 to 111
93	-25	7	8	22	-9	64	3	cell = 112 to 119
21	8	49	-37	11	11	45	-44	cell = 120 to 127
63	-9	52	-39	21	7	66	-23	cell = 128 to 135
59	-9	35	-5	49	1	37	-26	cell = 136 to 143
76	6	46	11	12	15	34	-38	cell = 144 to 151
12	12	43	36	62	-10	38	-21	cell = 152 to 159
27	-6	26	0	37	-1	1	13	cell = 160 to 167
16	-28	73	-28	50	-17	86	-22	cell = 168 to 175
28	18	55	-15	26	-5	77	-9	cell = 176 to 183
43	4	43	-2	80	12	-10	-20	cell = 184 to 191
95	-62	29	5	62	-22	48	-7	cell = 192 to 199
47	-39	65	-84	39	1	46	-5	cell = 200 to 207
33	2	4	-31	32	48	39	14	cell = 208 to 215
53	6	43	24	66	1	32	2	cell = 216 to 223
34	20	16	-31	36	0	50	-45	cell = 224 to 231
37	0	29	-28	49	-19	4	12	cell = 232 to 239
72	2	8	30	60	9	16	-21	cell = 240 to 247
79	-30	57	-38	28	15	44	2	cell = 248 to 255
48	18	36	-14	63	5	61	-36	cell = 256 to 263
79	-11	77	-25	48	-28	56	-36	cell = 264 to 271
34	-29	4	-4	31	-32	26	5	cell = 272 to 279
16	14	18	-51	56	2	46	13	cell = 280 to 287
34	-8	61	-22	77	-2	17	24	cell = 288 to 295
71	-13	38	27	58	9	22	24	cell = 296 to 303
38	39	47	14	43	-3	35	-24	cell = 304 to 311
23	-6	48	21	41	-39	59	7	cell = 312 to 319
65	-13	49	36	35	-18	59	-7	cell = 320 to 327
64	-25	40	-26	50	21	77	-31	cell = 328 to 335
31	-1	31	-21	19	-24	60	-2	cell = 336 to 343
-2	-47	56	-6	47	6	23	-20	cell = 344 to 351
63	43	17	-3	34	1	85	16	cell = 352 to 359
47	-15	89	-6	27	-51	43	-41	cell = 360 to 367
64	20	35	-23	22	-5	25	-16	cell = 368 to 375
15	-1	52	-7	56	-8	79	-17	cell = 376 to 383
51	-5	24	-10	24	-26	20	-31	cell = 384 to 391
14	-22	46	-9	55	6	70	-8	cell = 392 to 399
7	18	51	-23	53	0	70	-32	cell = 400 to 407
50	4	40	9	41	0	13	-25	cell = 408 to 415
60	19	65	14	113	4	39	-19	cell = 416 to 423
49	2	32	8	21	-31	47	-5	cell = 424 to 431
31	9	56	17	75	1	57	-26	cell = 432 to 439
15	-34	41	8	78	21	48	-13	cell = 440 to 447
2	12	56	-18	31	-9	6	-23	cell = 448 to 455
66	8	42	-56	86	-10	22	-15	cell = 456 to 463
30	7	64	-26	52	21	58	-48	cell = 464 to 471
23	-2	63	-48	7	11	64	-27	cell = 472 to 479
73	4	63	6	49	-31	55	-43	cell = 480 to 487
27	2	45	-17	34	-6	44	-13	cell = 488 to 495
57	-7	-25	-108	-36	-73	-36	-73	cell = 496 to 503
52	-7	86	-37	23	-12	51	6	cell = 504 to 511
-10	-4	0	0	-2	18	-12	-15	cell = 512 to 519
-45	5	-41	-41	5	-38	-60	-5	cell = 520 to 527
-23	-12	-37	16	-15	22	-26	-7	cell = 528 to 535
0	-52	-42	-36	15	-13	-41	-52	cell = 536 to 543
-25	-17	-64	18	38	-5	-38	-15	cell = 544 to 551
-14	29	-15	-37	3	-11	-42	30	cell = 552 to 559
-19	-35	3	-4	-3	28	-29	2	cell = 560 to 567
-38	-20	-49	-12	-45	-11	-38	-1	cell = 568 to 575
-30	-21	-29	-29	-33	-43	-40	-29	cell = 576 to 583
-27	4	-18	-17	8	-60	-10	-14	cell = 584 to 591
25	-7	-13	-7	-49	-54	9	-22	cell = 592 to 599
-40	-12	-58	0	-4	-36	-4	-8	cell = 600 to 607
10	-6	-15	14	-7	-28	6	19	cell = 608 to 615
-25	-74	-42	-22	18	-22	-5	-19	cell = 616 to 623
1	-21	-18	-33	14	28	-7	-10	cell = 624 to 631
0	0	-26	-50	-14	-7	-19	-19	cell = 632 to 639
-7	-5	3	-13	-8	-19	-42	-5	cell = 640 to 647
0	18	19	-5	15	-53	-17	0	cell = 648 to 655
0	3	-42	17	-5	-27	-34	20	cell = 656 to 663
-30	4	-10	-32	-9	-2	-4	13	cell = 664 to 671
-11	-19	-7	-60	21	0	-55	-14	cell = 672 to 679
-9	13	-2	-50	-15	24	-33	-2	cell = 680 to 687
-11	17	-9	34	24	-19	-2	-25	cell = 688 to 695
10	-9	-56	5	-49	-18	-1	-14	cell = 696 to 703
-29	-18	1	8	-44	11	-25	-28	cell = 704 to 711
-28	-17	-8	-32	-13	24	25	-44	cell = 712 to 719
-3	-20	-32	-63	-12	16	-23	-14	cell = 720 to 727
15	-12	-39	-10	-13	-2	-35	-15	cell = 728 to 735
-31	-5	-59	-23	-14	-17	-22	-33	cell = 736 to 743
30	-19	21	13	-7	0	-40	10	cell = 744 to 751
-44	27	-27	-10	-30	-34	-48	-4	cell = 752 to 759
-5	-7	-22	-54	-37	-4	-3	16	cell = 760 to 767
-16	11	-37	-71	-17	19	-11	-23	cell = 768 to 775
-25	-13	3	10	-2	-3	10	-14	cell = 776 to 783
-85	-36	4	0	-40	8	-39	-18	cell = 784 to 791
-27	0	-33	-38	-19	8	-18	-33	cell = 792 to 799
-22	19	-43	-45	-30	-13	19	-2	cell = 800 to 807
-48	-25	-3	-2	13	-25	-21	13	cell = 808 to 815
-11	-2	-18	-5	-33	-16	-19	-42	cell = 816 to 823
-23	-34	-23	-39	-34	-27	-21	-44	cell = 824 to 831
-23	-13	-13	-59	-10	28	0	-30	cell = 832 to 839
23	6	-42	-64	-20	-26	-15	21	cell = 840 to 847
-43	-10	-11	-20	-68	13	-23	-16	cell = 848 to 855
-31	-35	-52	-26	-28	-2	-38	13	cell = 856 to 863
-8	-12	-25	38	2	-10	4	-9	cell = 864 to 871
-24	-35	-37	18	-29	1	-25	-25	cell = 872 to 879
6	-72	29	-21	-31	-37	-10	-20	cell = 880 to 887
-37	-29	-38	-14	-24	5	-57	-49	cell = 888 to 895
-38	-31	20	-16	-18	6	8	-17	cell = 896 to 903
-26	-5	-27	-31	-33	-7	2	-12	cell = 904 to 911
-44	19	-45	-27	-26	3	-49	3	cell = 912 to 919
-8	9	-2	15	-14	-56	-11	-14	cell = 920 to 927
-46	-29	-31	-16	-48	-7	-6	-15	cell = 928 to 935
19	-16	-12	-21	-36	0	-27	-22	cell = 936 to 943
17	6	-41	13	-38	-19	-21	-22	cell = 944 to 951
-82	-11	-25	-23	-38	10	9	-43	cell = 952 to 959
-13	-37	1	6	8	-31	-28	-3	cell = 960 to 967
-11	-20	7	-27	1	-37	-12	-20	cell = 968 to 975
-3	21	-20	-39	9	-25	-37	-1	cell = 976 to 983
-43	-55	1	7	-21	-26	-45	-21	cell = 984 to 991
-4	-5	-16	-14	-13	15	-16	9	cell = 992 to 999
-45	41	-96	-39	-45	-17	-44	-27	cell = 1000 to 1007
-56	-22	2	-41	-47	-50	-40	-4	cell = 1008 to 1015
16	-19	-20	-36	-41	28	-39	-25	cell = 1016 to 1023
Calibration values from cell 0 to 1024 for channel 1:

68	28	27	20	27	-40	58	-29	cell = 0 to 7
40	38	50	4	55	-19	69	22	cell = 8 to 15
17	7	32	0	13	-5	64	-46	cell = 16 to 23
20	29	63	-16	3	-3	33	28	cell = 24 to 31
39	6	72	12	22	-19	43	-23	cell = 32 to 39
35	-19	63	-48	23	20	19	-13	cell = 40 to 47
68	4	54	-31	24	22	22	-22	cell = 48 to 55
51	-24	31	16	13	17	87	2	cell = 56 to 63
31	16	23	27	86	-8	2	-15	cell = 64 to 71
46	-16	70	10	57	-4	74	-4	cell = 72 to 79
61	-35	31	-14	68	2	56	-47	cell = 80 to 87
29	10	24	-8	43	-5	41	-8	cell = 88 to 95
81	-4	54	-20	43	50	68	-2	cell = 96 to 103
35	-7	10	10	64	7	26	-8	cell = 104 to 111
74	-16	64	-43	44	-8	54	28	cell = 112 to 119
12	10	11	-45	40	-34	49	14	cell = 120 to 127
32	-9	59	-32	33	-11	39	10	cell = 128 to 135
14	-40	26	-15	0	16	69	-1	cell = 136 to 143
30	21	28	16	22	-12	38	-17	cell = 144 to 151
36	-28	58	16	36	16	80	69	cell = 152 to 159
88	2	41	-11	38	-18	66	-32	cell = 160 to 167
8	22	40	-23	76	-18	33	17	cell = 168 to 175
68	-8	65	-49	0	-19	56	15	cell = 176 to 183
56	5	47	-41	22	-28	53	8	cell = 184 to 191
75	6	46	-36	61	13	30	-37	cell = 192 to 199
46	19	79	-11	21	-2	45	-41	cell = 200 to 207
22	10	41	-34	27	-4	12	-23	cell = 208 to 215
39	-26	75	-22	22	13	40	-13	cell = 216 to 223
30	39	33	-4	3	-33	57	24	cell = 224 to 231
79	-36	41	-16	27	-1	47	-26	cell = 232 to 239
90	6	53	-19	27	4	62	27	cell = 240 to 247
46	-9	0	-42	68	-17	59	22	cell = 248 to 255
27	-10	77	-9	15	43	-6	-26	cell = 256 to 263
26	12	77	27	59	-33	39	3	cell = 264 to 271
54	-35	87	9	41	-16	36	-2	cell = 272 to 279
44	-27	71	-7	33	-22	35	-32	cell = 280 to 287
93	44	8	-10	68	-10	76	21	cell = 288 to 295
36	-16	63	-70	27	-24	59	-58	cell = 296 to 303
70	-7	76	-7	20	8	33	-29	cell = 304 to 311
74	-13	78	12	-11	-11	88	0	cell = 312 to 319
28	-17	61	6	17	23	21	-2	cell = 320 to 327
45	13	31	-18	33	12	46	-8	cell = 328 to 335
34	-2	77	-25	68	9	38	-22	cell = 336 to 343
39	-12	56	4	10	-66	50	10	cell = 344 to 351
66	-23	76	37	66	-4	67	-20	cell = 352 to 359
21	-31	42	-3	49	-17	9	-15	cell = 360 to 367
64	-20	68	-22	51	-36	34	1	cell = 368 to 375
35	-26	74	-6	20	9	22	-15	cell = 376 to 383
24	8	55	-4	43	-19	25	-2	cell = 384 to 391
83	-15	69	-28	51	-8	62	-14	cell = 392 to 399
24	-7	38	-40	43	28	59	-3	cell = 400 to 407
60	-41	44	15	44	17	49	12	cell = 408 to 415
66	25	75	-16	56	-6	47	-1	cell = 416 to 423
86	17	-3	-13	62	10	49	34	cell = 424 to 431
47	-49	41	-2	45	-37	60	-17	cell = 432 to 439
28	15	75	-43	7	-26	56	-2	cell = 440 to 447
13	-6	44	1	32	0	48	-3	cell = 448 to 455
22	-68	20	12	54	35	48	-19	cell = 456 to 463
58	-41	37	0	31	-6	53	26	cell = 464 to 471
29	-6	85	19	39	-2	52	-42	cell = 472 to 479
70	23	8	0	16	-38	58	-2	cell = 480 to 487
44	-26	60	-36	14	32	47	16	cell = 488 to 495
45	-12	-72	-61	-41	-69	-75	-64	cell = 496 to 503
38	-39	41	-4	18	-36	1	-9	cell = 504 to 511
-42	4	-3	-40	-32	-9	-11	-55	cell = 512 to 519
-51	-38	2	8	-44	12	-36	-17	cell = 520 to 527
-21	-22	-12	-6	-34	-26	-13	8	cell = 528 to 535
4	24	-12	-42	-19	-26	39	-22	cell = 536 to 543
-47	5	-11	17	-2	-29	-36	-20	cell = 544 to 551
-27	-14	-14	-6	6	-35	24	-31	cell = 552 to 559
-20	-42	-4	-20	-4	39	-27	-22	cell = 560 to 567
-31	-52	-1	-16	-5	-8	-28	-38	cell = 568 to 575
-8	-13	-35	21	-17	-40	-28	-16	cell = 576 to 583
11	-17	7	18	-32	14	-31	26	cell = 584 to 591
39	0	-33	-28	-1	10	-17	-26	cell = 592 to 599
-8	7	-12	-4	-22	-45	9	-35	cell = 600 to 607
-12	-40	-26	-11	-33	12	-21	25	cell = 608 to 615
-36	-42	15	-46	-24	-21	-40	-43	cell = 616 to 623
-27	-20	-2	-15	-10	-45	-41	13	cell = 624 to 631
-11	-31	-15	-16	-55	8	-55	8	cell = 632 to 639
18	-4	12	-47	-12	-34	-29	30	cell = 640 to 647
-46	-5	-33	6	-45	-28	-13	12	cell = 648 to 655
-14	-5	-48	3	-10	-7	29	-20	cell = 656 to 663
-54	5	-33	-24	-18	-20	24	-29	cell = 664 to 671
-20	-44	26	16	-26	8	-10	-44	cell = 672 to 679
-7	-28	20	10	-26	-17	-28	-17	cell = 680 to 687
-19	-24	-9	-31	-39	-1	-19	18	cell = 688 to 695
-17	-15	-57	-25	-18	7	-14	-6	cell = 696 to 703
-42	32	-17	-10	10	-37	-14	-17	cell = 704 to 711
-10	16	-33	3	-2	-51	-20	-9	cell = 712 to 719
-35	-25	7	34	11	-25	-27	-3	cell = 720 to 727
-6	-21	-28	-18	-61	-11	-14	-16	cell = 728 to 735
-2	16	-1	-24	14	-25	-53	0	cell = 736 to 743
-42	-6	-8	30	-18	10	-29	-20	cell = 744 to 751
-40	-14	-24	-46	-47	18	-33	-39	cell = 752 to 759
-39	-3	-55	-5	-49	-5	17	-9	cell = 760 to 767
-35	-23	-10	-28	-35	-28	-77	-14	cell = 768 to 775
-55	-11	-16	11	-26	26	-29	-2	cell = 776 to 783
7	-52	-16	-22	-38	37	37	23	cell = 784 to 791
2	-31	-12	-16	-28	-41	-21	-35	cell = 792 to 799
-16	22	-6	-9	-52	-19	13	4	cell = 800 to 807
-27	17	-32	-37	-33	-1	-23	-9	cell = 808 to 815
-43	-31	-36	-32	-46	1	-47	-32	cell = 816 to 823
-3	-22	-34	-24	-38	-17	-11	10	cell = 824 to 831
-32	-47	-7	-9	-38	-4	-37	-14	cell = 832 to 839
-20	16	-33	-21	-39	10	10	-15	cell = 840 to 847
-56	-15	-52	-37	-20	-11	30	-16	cell = 848 to 855
11	3	-18	-50	-15	-14	-18	-13	cell = 856 to 863
-38	-27	-15	-41	-27	-17	-13	-25	cell = 864 to 871
-22	-3	12	-5	-15	-30	-17	-9	cell = 872 to 879
45	-37	40	-36	-68	18	5	-20	cell = 880 to 887
-73	-38	-42	-19	-36	-11	-17	12	cell = 888 to 895
-36	-2	-4	3	-55	-13	-21	-23	cell = 896 to 903
-15	-58	-40	-10	-7	-52	-16	-19	cell = 904 to 911
-6	-12	-34	-10	-18	-30	10	-17	cell = 912 to 919
-12	-18	-35	10	7	-41	-48	9	cell = 920 to 927
-45	-34	-57	-28	0	-20	0	-53	cell = 928 to 935
-29	-20	-2	-19	-16	6	-14	-39	cell = 936 to 943
-12	-37	-35	-54	-25	-18	-47	-23	cell = 944 to 951
27	-23	-24	-30	-35	-42	-5	-17	cell = 952 to 959
-7	-7	2	-29	-30	-10	-19	-8	cell = 960 to 967
-45	-26	-7	-36	-47	-49	-51	-29	cell = 968 to 975
-25	-1	-3	4	35	-23	2	-39	cell = 976 to 983
2	-31	-66	-34	-46	0	-16	4	cell = 984 to 991
-27	-8	-46	-13	-3	-25	-25	-54	cell = 992 to 999
-10	0	-41	-49	-50	-9	-13	-16	cell = 1000 to 1007
-21	-8	-25	-29	-19	-22	-43	-54	cell = 1008 to 1015
-28	-41	-38	-51	-15	-46	-11	27	cell = 1016 to 1023
Calibration values from cell 0 to 1024 for channel 2:

31	2	64	-21	38	-6	55	-22	cell = 0 to 7
86	-40	63	-27	30	14	56	-35	cell = 8 to 15
32	-43	33	-23	34	-42	54	-19	cell = 16 to 23
51	-31	33	-26	8	-27	46	-33	cell = 24 to 31
32	22	50	-8	71	12	71	-30	cell = 32 to 39
30	-81	56	-15	52	4	58	-37	cell = 40 to 47
23	10	43	-81	28	28	40	25	cell = 48 to 55
21	4	38	-13	14	12	13	12	cell = 56 to 63
23	5	56	-30	34	-47	72	-11	cell = 64 to 71
1	9	48	-10	43	-7	6	-17	cell = 72 to 79
33	2	20	-9	58	-5	36	-13	cell = 80 to 87
7	4	48	-1	65	-51	42	2	cell = 88 to 95
54	21	50	-22	39	22	47	-58	cell = 96 to 103
33	-39	9	-6	52	-17	32	-9	cell = 104 to 111
33	-17	38	0	54	7	68	-8	cell = 112 to 119
34	-7	36	-57	41	-4	52	-22	cell = 120 to 127
42	-4	55	-35	36	7	31	-24	cell = 128 to 135
28	6	38	-38	71	8	43	5	cell = 136 to 143
19	-15	52	-5	37	-38	63	-20	cell = 144 to 151
19	-19	51	23	26	4	99	-1	cell = 152 to 159
37	5	48	26	-5	-64	84	-28	cell = 160 to 167
51	-54	37	21	9	-17	46	-46	cell = 168 to 175
57	6	28	11	66	-24	23	-33	cell = 176 to 183
60	3	13	29	41	11	60	-42	cell = 184 to 191
44	0	47	-22	50	15	46	29	cell = 192 to 199
43	-24	33	-21	41	8	19	-43	cell = 200 to 207
35	-2	69	-2	46	-46	62	1	cell = 208 to 215
41	-3	50	4	92	-13	16	-25	cell = 216 to 223
47	-24	4	-23	36	5	35	-9	cell = 224 to 231
21	-29	47	5	30	-14	78	14	cell = 232 to 239
-21	26	85	11	59	-8	71	-2	cell = 240 to 247
36	-7	41	5	17	-20	35	-5	cell = 248 to 255
21	19	49	9	30	4	61	-18	cell = 256 to 263
12	16	27	-8	14	-30	25	11	cell = 264 to 271
53	-20	31	-23	38	-17	49	26	cell = 272 to 279
18	8	77	-10	29	-3	52	-53	cell = 280 to 287
23	-8	71	4	33	8	53	-20	cell = 288 to 295
45	-12	72	13	41	12	38	23	cell = 296 to 303
50	-9	79	-18	69	-9	54	-8	cell = 304 to 311
28	-2	34	-6	33	-8	24	-4	cell = 312 to 319
56	10	17	-18	30	0	-2	-7	cell = 320 to 327
27	17	40	2	88	-10	55	-8	cell = 328 to 335
68	-24	24	-29	81	-29	31	3	cell = 336 to 343
83	-4	43	-10	56	-55	54	18	cell = 344 to 351
62	-36	49	-20	29	-2	31	-18	cell = 352 to 359
73	-14	32	-17	10	20	20	-48	cell = 360 to 367
48	-40	69	-26	18	-3	35	-6	cell = 368 to 375
71	-13	30	6	54	12	14	-48	cell = 376 to 383
28	-22	101	8	50	-11	57	4	cell = 384 to 391
33	-39	40	-4	46	22	45	2	cell = 392 to 399
54	8	66	5	53	-42	62	11	cell = 400 to 407
28	-46	48	-46	28	-12	39	-8	cell = 408 to 415
65	19	74	-25	50	-53	53	5	cell = 416 to 423
75	-12	50	13	51	18	53	-9	cell = 424 to 431
41	4	0	-30	29	14	20	0	cell = 432 to 439
26	13	73	-15	54	8	42	10	cell = 440 to 447
33	8	41	-14	45	0	27	8	cell = 448 to 455
66	-7	51	-35	50	-10	18	-4	cell = 456 to 463
55	-5	51	13	61	11	48	-29	cell = 464 to 471
39	-11	53	1	21	-29	25	22	cell = 472 to 479
32	-23	44	5	56	0	78	-25	cell = 480 to 487
54	14	48	-4	45	-33	47	26	cell = 488 to 495
62	-29	20	-94	-27	-52	-29	-72	cell = 496 to 503
27	-43	48	-43	18	-31	82	-27	cell = 504 to 511
-8	-8	-20	-16	-15	22	-30	-5	cell = 512 to 519
33	1	-22	0	-43	-9	-10	26	cell = 520 to 527
-38	12	-27	12	-26	-22	-26	-28	cell = 528 to 535
4	-11	-37	-58	2	-7	-3	15	cell = 536 to 543
1	-45	13	-23	11	-35	3	15	cell = 544 to 551
-58	7	-19	-21	13	14	7	-27	cell = 552 to 559
-29	-1	-23	-19	-26	-44	-16	-13	cell = 560 to 567
-67	-5	-70	-15	-8	2	-8	14	cell = 568 to 575
-10	-29	-52	2	-22	-16	19	40	cell = 576 to 583
5	1	-11	-20	-57	-32	-3	12	cell = 584 to 591
-38	6	-38	-27	-47	-49	-4	-22	cell = 592 to 599
-32	-4	-40	0	4	-15	-25	-9	cell = 600 to 607
-9	-22	-6	-36	-36	26	1	-32	cell = 608 to 615
12	-25	-21	31	-28	-21	-31	10	cell = 616 to 623
-74	-7	-32	-2	-28	16	-51	-18	cell = 624 to 631
-38	-46	-6	6	-5	-23	-24	-9	cell = 632 to 639
23	-32	-10	-23	-37	-19	-16	-7	cell = 640 to 647
-12	-27	-4	16	59	30	-32	30	cell = 648 to 655
-20	-7	-33	10	-20	26	2	-37	cell = 656 to 663
-16	2	-30	24	-13	-12	-27	1	cell = 664 to 671
-20	17	43	-22	-24	-37	-13	-3	cell = 672 to 679
-51	22	11	0	-14	7	-20	-4	cell = 680 to 687
-53	-54	1	-3	-26	-7	0	-38	cell = 688 to 695
-37	-29	-7	-2	24	-53	17	-20	cell = 696 to 703
-45	7	-30	-51	-9	-31	6	-16	cell = 704 to 711
-43	-15	-11	-41	7	-45	-29	-32	cell = 712 to 719
-43	-32	0	-6	-25	2	-40	-15	cell = 720 to 727
-16	-21	45	-29	-23	10	16	-4	cell = 728 to 735
-40	-9	-9	19	17	-21	4	-6	cell = 736 to 743
-43	-6	3	-20	-28	-17	-36	-7	cell = 744 to 751
-24	-49	-4	30	-24	-28	2	-31	cell = 752 to 759
-41	-37	-36	-1	-40	-4	-42	19	cell = 760 to 767
-18	9	-9	-26	9	-6	-4	-2	cell = 768 to 775
-10	-15	-58	-32	-30	-47	-24	17	cell = 776 to 783
-10	-27	2	25	-34	-17	10	-45	cell = 784 to 791
3	-21	4	12	-11	5	-5	-18	cell = 792 to 799
-40	-26	-55	-16	10	-9	-22	19	cell = 800 to 807
-41	-20	-22	1	10	-47	-50	-16	cell = 808 to 815
-16	-9	-44	-14	-21	-21	-16	15	cell = 816 to 823
-64	7	-56	-45	-25	-29	-21	-38	cell = 824 to 831
-50	0	-4	-9	-26	-16	-2	-17	cell = 832 to 839
-21	-32	6	-18	-31	2	-30	7	cell = 840 to 847
-29	-11	-40	-31	3	-5	-16	-48	cell = 848 to 855
-46	-43	-43	2	-46	-37	0	-22	cell = 856 to 863
2	-9	-14	3	-5	12	15	-25	cell = 864 to 871
19	-31	-20	14	1	-28	-41	29	cell = 872 to 879
-5	-6	-9	4	1	-16	-38	9	cell = 880 to 887
-45	-11	-35	23	-66	-36	-33	-16	cell = 888 to 895
18	-27	-24	-5	-14	-14	12	-24	cell = 896 to 903
-35	-20	-56	-39	-2	-46	18	-5	cell = 904 to 911
-20	-27	-36	-9	-39	-51	-9	-44	cell = 912 to 919
-4	-45	1	0	16	-3	-51	-27	cell = 920 to 927
-24	-18	-4	-12	-21	-38	30	12	cell = 928 to 935
2	-35	10	-14	-20	-24	-35	-18	cell = 936 to 943
0	-12	4	-25	5	-47	-53	-13	cell = 944 to 951
-38	-35	-7	11	-26	-7	-61	-19	cell = 952 to 959
29	-11	4	-19	-51	-61	-51	-32	cell = 960 to 967
-20	-42	-24	52	-28	-2	-2	-18	cell = 968 to 975
-3	2	-7	-25	-78	-33	-26	-1	cell = 976 to 983
-26	-24	-18	-21	-29	-16	24	30	cell = 984 to 991
-8	-29	-55	-19	-71	0	-36	-10	cell = 992 to 999
-18	-12	-39	-30	-42	-57	-3	-19	cell = 1000 to 1007
-19	0	-28	9	6	-17	-41	-28	cell = 1008 to 1015
-5	-12	-59	-13	-26	-19	-21	-33	cell = 1016 to 1023
Calibration values from cell 0 to 1024 for channel 3:

58	16	22	3	17	-13	38	-21	cell = 0 to 7
26	1	69	-21	50	-18	56	-5	cell = 8 to 15
46	-30	15	-2	31	6	90	28	cell = 16 to 23
38	-24	60	-6	43	-42	45	-65	cell = 24 to 31
64	15	65	-43	16	-6	71	-12	cell = 32 to 39
59	-17	20	-41	24	20	9	-12	cell = 40 to 47
32	-13	69	-19	50	-4	3	10	cell = 48 to 55
42	13	44	-56	37	20	6	-49	cell = 56 to 63
44	-13	64	-24	63	9	45	-67	cell = 64 to 71
20	-15	43	-7	43	-47	63	10	cell = 72 to 79
24	12	36	14	41	-16	35	-7	cell = 80 to 87
60	-31	12	0	41	-20	36	-20	cell = 88 to 95
60	-6	63	9	67	-13	32	-35	cell = 96 to 103
25	-40	3	-2	18	32	31	22	cell = 104 to 111
64	-43	14	36	28	-13	24	-11	cell = 112 to 119
67	-21	27	15	56	-3	25	-12	cell = 120 to 127
32	20	62	15	41	-11	73	-25	cell = 128 to 135
83	7	63	-39	2	-3	47	-20	cell = 136 to 143
60	-2	59	6	46	-6	27	-15	cell = 144 to 151
50	22	31	-3	-5	-17	40	-14	cell = 152 to 159
43	-21	25	11	64	-5	19	-1	cell = 160 to 167
63	0	54	-12	55	-12	81	-59	cell = 168 to 175
10	-18	38	-10	-7	-16	68	-12	cell = 176 to 183
46	-35	46	-21	27	-13	59	8	cell = 184 to 191
0	-9	59	-50	7	0	40	-38	cell = 192 to 199
20	-16	35	-46	50	24	60	-13	cell = 200 to 207
56	-36	10	-37	54	-1	62	3	cell = 208 to 215
23	0	40	-8	74	12	19	5	cell = 216 to 223
70	-19	27	-19	24	-13	96	10	cell = 224 to 231
84	-17	37	22	76	-32	33	-49	cell = 232 to 239
43	-18	35	9	38	11	69	-19	cell = 240 to 247
42	-34	26	1	40	-18	27	-33	cell = 248 to 255
1	5	32	32	44	24	25	-24	cell = 256 to 263
63	-11	12	-19	18	-12	7	15	cell = 264 to 271
19	27	47	-17	23	-30	88	1	cell = 272 to 279
-2	-35	50	0	22	-3	61	-5	cell = 280 to 287
30	-22	48	-32	30	-31	13	-24	cell = 288 to 295
10	-21	35	-30	35	-32	37	-9	cell = 296 to 303
24	18	52	-39	28	-26	45	9	cell = 304 to 311
52	-3	62	18	49	20	29	-24	cell = 312 to 319
58	-27	80	-20	-7	27	38	-11	cell = 320 to 327
31	-49	46	-47	30	0	7	3	cell = 328 to 335
71	48	30	-20	62	4	64	-6	cell = 336 to 343
61	34	89	-9	27	-40	51	-35	cell = 344 to 351
70	-17	23	5	26	15	60	-1	cell = 352 to 359
42	-4	45	-15	32	-11	25	-44	cell = 360 to 367
34	17	17	16	47	-9	71	11	cell = 368 to 375
48	-53	69	-14	37	29	64	-22	cell = 376 to 383
26	7	33	-29	37	38	50	11	cell = 384 to 391
34	-46	73	-17	17	-36	88	6	cell = 392 to 399
45	4	47	-19	32	-5	54	11	cell = 400 to 407
49	7	27	-3	55	-10	72	-29	cell = 408 to 415
32	9	35	-27	84	-40	46	9	cell = 416 to 423
25	-12	39	13	58	8	60	-2	cell = 424 to 431
68	-8	25	-29	37	-15	24	-26	cell = 432 to 439
58	-5	40	-14	68	-43	38	-11	cell = 440 to 447
6	8	53	4	-3	15	-1	-6	cell = 448 to 455
20	-34	40	-38	61	0	58	-71	cell = 456 to 463
55	6	85	24	36	-15	67	-6	cell = 464 to 471
22	-43	25	13	48	28	72	7	cell = 472 to 479
56	-20	23	-3	41	-28	49	-6	cell = 480 to 487
22	18	4	-4	-6	-28	35	-37	cell = 488 to 495
50	6	-38	-86	-39	-58	6	-78	cell = 496 to 503
90	-4	31	5	36	22	59	13	cell = 504 to 511
-57	16	-48	2	-30	-35	-57	-17	cell = 512 to 519
7	9	-34	20	-19	7	22	-3	cell = 520 to 527
19	4	-12	0	-11	-10	1	-14	cell = 528 to 535
-17	-51	-30	-38	-30	25	11	7	cell = 536 to 543
23	1	-24	34	22	-25	26	25	cell = 544 to 551
-54	-14	0	23	-18	21	-46	39	cell = 552 to 559
-7	-20	-19	-27	-26	-11	3	-21	cell = 560 to 567
-31	-30	14	23	-7	22	-35	-21	cell = 568 to 575
-34	-27	7	-7	-45	13	-28	-82	cell = 576 to 583
21	-12	-31	-25	-30	-20	-37	8	cell = 584 to 591
10	-8	13	-7	-46	-17	-17	-7	cell = 592 to 599
-16	-28	-26	-9	-20	-15	-35	31	cell = 600 to 607
11	-4	-41	-11	-6	-16	5	-13	cell = 608 to 615
18	-48	-40	-4	-28	-36	-3	-49	cell = 616 to 623
-54	-26	-26	-26	-42	-5	-9	-18	cell = 624 to 631
-2	-35	-37	1	-16	8	4	16	cell = 632 to 639
17	-17	17	-16	-42	-39	-11	5	cell = 640 to 647
-38	11	-50	-8	0	-17	-35	-21	cell = 648 to 655
0	14	-54	2	-15	-33	-6	9	cell = 656 to 663
-28	-23	-29	-31	-24	-23	-52	7	cell = 664 to 671
-24	2	-35	-37	-10	-2	-13	-20	cell = 672 to 679
-43	15	-33	8	-5	-20	-15	-39	cell = 680 to 687
3	0	4	8	0	-22	10	-13	cell = 688 to 695
-62	-9	-11	-8	27	-26	-25	-31	cell = 696 to 703
18	-31	-2	-27	-30	-23	-45	-23	cell = 704 to 711
-30	6	-20	-26	3	0	-25	-46	cell = 712 to 719
34	-37	-29	-9	-27	-2	-55	-7	cell = 720 to 727
-22	8	-44	19	-10	-17	-21	-9	cell = 728 to 735
-39	-22	-22	7	-26	3	-61	22	cell = 736 to 743
-12	-40	-14	5	12	-14	-14	-43	cell = 744 to 751
-10	-14	9	-16	-23	-43	-25	13	cell = 752 to 759
-17	12	-35	-3	14	-25	-14	-35	cell = 760 to 767
-24	-29	3	-17	-45	-28	-18	7	cell = 768 to 775
-17	-8	-4	12	-21	3	-22	-34	cell = 776 to 783
-1	-28	-35	-19	0	-23	-20	-37	cell = 784 to 791
-28	-27	-26	13	-36	-47	-16	26	cell = 792 to 799
10	-10	23	2	0	-2	17	-29	cell = 800 to 807
9	-2	2	6	-36	-1	-11	1	cell = 808 to 815
-31	-16	-32	11	-56	-12	-18	-28	cell = 816 to 823
-49	-33	-39	-8	-30	-42	-44	27	cell = 824 to 831
-12	-16	-8	-40	6	7	-15	-42	cell = 832 to 839
-38	-72	9	-51	2	-71	-11	-27	cell = 840 to 847
3	-22	21	-6	-25	6	-27	-13	cell = 848 to 855
-15	-28	-25	-23	20	-20	-2	0	cell = 856 to 863
-47	5	-18	26	-52	-11	-46	-45	cell = 864 to 871
27	-6	41	-25	-17	18	-31	23	cell = 872 to 879
-42	-11	-14	11	-29	2	-39	-15	cell = 880 to 887
12	31	-16	27	18	18	-20	-9	cell = 888 to 895
-23	-38	22	-5	-38	0	-33	15	cell = 896 to 903
-41	-4	-21	0	-15	-52	-43	-43	cell = 904 to 911
-17	26	-36	-29	-22	27	-70	-12	cell = 912 to 919
-21	-26	-16	-15	-10	-16	-50	-12	cell = 920 to 927
29	8	-17	-20	-44	-12	-30	-57	cell = 928 to 935
-5	-30	-27	-21	17	-18	-34	-7	cell = 936 to 943
27	-41	-45	-49	-2	-43	3	-33	cell = 944 to 951
6	17	-9	-49	-41	11	-40	8	cell = 952 to 959
-15	-27	14	-17	-13	-28	-28	-48	cell = 960 to 967
-39	-36	-40	-8	-22	-18	-11	-29	cell = 968 to 975
-39	-10	-21	36	-34	-19	2	9	cell = 976 to 983
-13	26	-86	21	8	-44	-17	-2	cell = 984 to 991
-30	-4	-27	-19	-5	-15	-18	-68	cell = 992 to 999
-30	-10	-36	-29	-21	-10	-22	-34	cell = 1000 to 1007
-49	23	0	14	-20	-2	-53	-32	cell = 1008 to 1015
-21	20	-64	-56	-27	-23	-18	-32	cell = 1016 to 1023
Calibration values from cell 0 to 1024 for channel 4:

26	0	40	-10	-2	-35	39	-19	cell = 0 to 7
59	-8	34	-16	14	-40	49	-6	cell = 8 to 15
59	9	14	-14	72	-2	32	-61	cell = 16 to 23
25	-5	33	-31	43	21	19	-12	cell = 24 to 31
38	-31	45	-13	25	13	78	-32	cell = 32 to 39
40	19	56	-2	34	10	44	3	cell = 40 to 47
35	-46	10	32	14	-14	64	-5	cell = 48 to 55
2	-13	49	-39	46	-41	10	-9	cell = 56 to 63
61	-15	23	6	6	3	10	-46	cell = 64 to 71
44	-23	55	-11	52	6	39	-10	cell = 72 to 79
24	-15	47	-9	78	16	17	-21	cell = 80 to 87
51	-8	6	2	45	0	19	12	cell = 88 to 95
75	14	39	-12	50	-11	37	21	cell = 96 to 103
52	-40	25	-34	49	24	29	-18	cell = 104 to 111
74	-14	53	9	46	-10	53	-8	cell = 112 to 119
53	-20	50	-16	52	29	49	14	cell = 120 to 127
52	-1	1	4	2	20	31	20	cell = 128 to 135
6	10	49	47	10	-8	32	22	cell = 136 to 143
9	-45	71	1	46	27	19	18	cell = 144 to 151
60	22	83	0	27	-3	63	35	cell = 152 to 159
28	37	58	9	40	-4	35	-40	cell = 160 to 167
51	-21	47	-10	59	-51	72	-10	cell = 168 to 175
18	-2	25	-18	54	-15	45	11	cell = 176 to 183
16	-4	39	26	32	16	21	-58	cell = 184 to 191
13	-20	18	-19	31	-1	19	-4	cell = 192 to 199
82	2	4	14	44	-40	77	-5	cell = 200 to 207
43	-2	77	51	20	-8	42	-20	cell = 208 to 215
59	-34	26	-32	28	-21	57	3	cell = 216 to 223
37	6	52	-36	37	-12	11	-13	cell = 224 to 231
24	21	16	-12	73	-28	64	-15	cell = 232 to 239
58	-4	25	4	39	-25	29	-25	cell = 240 to 247
24	-31	37	-10	64	-8	14	-62	cell = 248 to 255
56	-41	30	12	55	4	46	-1	cell = 256 to 263
-12	16	69	-25	45	-11	-11	-22	cell = 264 to 271
10	36	58	-41	66	6	8	15	cell = 272 to 279
27	-25	40	-5	38	0	57	11	cell = 280 to 287
67	41	20	11	54	-22	54	39	cell = 288 to 295
21	14	80	-11	56	-32	33	-10	cell = 296 to 303
47	-35	24	-10	23	2	59	-9	cell = 304 to 311
12	-13	71	-33	28	-25	-7	-32	cell = 312 to 319
56	-19	47	-24	59	-20	40	-20	cell = 320 to 327
80	13	79	-26	26	7	30	-10	cell = 328 to 335
7	-27	31	26	36	-33	0	38	cell = 336 to 343
30	-6	37	-15	59	-11	48	-31	cell = 344 to 351
10	51	56	1	41	21	50	6	cell = 352 to 359
56	-3	30	-18	73	-36	57	-28	cell = 360 to 367
11	32	31	-38	47	20	42	-30	cell = 368 to 375
22	-27	97	-25	7	16	22	28	cell = 376 to 383
47	-31	21	-23	28	-7	72	-1	cell = 384 to 391
71	-12	51	-30	31	-19	58	8	cell = 392 to 399
40	-23	27	11	25	34	2	-19	cell = 400 to 407
50	2	16	12	36	38	60	12	cell = 408 to 415
30	-7	56	33	59	-27	37	-18	cell = 416 to 423
46	-48	29	-25	76	4	64	-38	cell = 424 to 431
60	-44	75	15	38	-24	48	-16	cell = 432 to 439
33	-10	38	15	47	-33	58	22	cell = 440 to 447
60	11	27	-29	47	2	56	-15	cell = 448 to 455
89	-14	47	-17	11	23	45	-30	cell = 456 to 463
22	10	78	-48	37	1	38	-28	cell = 464 to 471
44	-36	-17	6	34	-3	84	-31	cell = 472 to 479
55	-9	47	-31	18	-5	49	23	cell = 480 to 487
40	34	26	-21	70	13	41	16	cell = 488 to 495
40	1	-30	-36	25	-45	-82	-83	cell = 496 to 503
70	-15	65	-14	17	19	22	-32	cell = 504 to 511
16	-14	-30	36	2	-16	-37	27	cell = 512 to 519
-24	-29	-14	-10	-6	23	-10	-1	cell = 520 to 527
-22	13	-9	15	-4	-8	-38	-16	cell = 528 to 535
-17	-35	-21	-22	-13	21	-8	15	cell = 536 to 543
-2	-55	-20	-38	-2	-14	-37	-30	cell = 544 to 551
-41	-14	-53	-33	-55	12	-16	19	cell = 552 to 559
-34	-20	-14	14	20	-51	-42	16	cell = 560 to 567
-16	-28	-20	-56	-17	0	-4	1	cell = 568 to 575
7	2	-1	-20	2	-66	-50	17	cell = 576 to 583
-57	-36	-35	0	-44	-4	-6	-30	cell = 584 to 591
-38	-6	-2	-41	-28	-9	-37	-20	cell = 592 to 599
-25	-32	-16	23	3	-37	-37	6	cell = 600 to 607
-7	-14	0	-25	-7	29	-16	-13	cell = 608 to 615
-60	-45	-9	-19	-26	-31	-11	-17	cell = 616 to 623
-13	-5	14	-29	-44	-9	16	-8	cell = 624 to 631
-11	-20	-50	5	-50	0	-67	-13	cell = 632 to 639
35	-11	-28	-4	2	3	-34	1	cell = 640 to 647
-17	13	-12	-27	-24	-30	19	-24	cell = 648 to 655
-25	11	-8	35	-10	-4	-17	-18	cell = 656 to 663
-56	23	-27	51	2	-18	-21	14	cell = 664 to 671
-2	-14	-7	-30	6	-17	-44	33	cell = 672 to 679
32	-13	-17	-40	-24	-27	-15	-11	cell = 680 to 687
10	-38	-22	23	28	-62	-14	-2	cell = 688 to 695
-25	-48	-33	5	-33	-38	-27	-39	cell = 696 to 703
-34	-25	-2	-27	-5	-15	-55	-13	cell = 704 to 711
-21	-26	-46	7	-10	2	5	-8	cell = 712 to 719
-11	-8	-28	-12	-39	2	-16	-7	cell = 720 to 727
4	-42	-13	0	-11	-28	1	25	cell = 728 to 735
-13	-2	5	-25	9	-46	-38	-31	cell = 736 to 743
-33	-41	-35	-4	-35	-3	16	9	cell = 744 to 751
-28	-13	-22	40	1	-17	-9	13	cell = 752 to 759
-29	-15	-13	2	-25	-28	-31	-27	cell = 760 to 767
-36	-64	13	-14	-19	-1	-28	6	cell = 768 to 775
-63	3	3	-33	-4	-41	-18	-25	cell = 776 to 783
-6	40	-36	0	-22	-6	-11	-39	cell = 784 to 791
-16	12	-18	-41	-24	-54	-32	-4	cell = 792 to 799
-24	-74	-34	-17	7	-31	22	-8	cell = 800 to 807
-19	-8	-32	-55	-26	-39	29	-45	cell = 808 to 815
-52	-17	-19	-62	16	-30	6	-35	cell = 816 to 823
-32	-9	-19	-51	-13	-32	-27	21	cell = 824 to 831
24	-37	-41	-9	-53	-51	-46	-21	cell = 832 to 839
-45	-3	-33	-15	7	2	-25	12	cell = 840 to 847
17	-17	-3	-5	6	-33	-17	19	cell = 848 to 855
1	20	-37	9	-29	43	0	-9	cell = 856 to 863
-26	22	-3	-17	-45	-6	-39	33	cell = 864 to 871
-7	-40	-34	7	-28	0	-32	7	cell = 872 to 879
-48	2	2	-3	-33	-9	-14	-11	cell = 880 to 887
-23	-21	0	-18	-36	-30	-8	-45	cell = 888 to 895
2	10	8	15	-19	-61	9	-17	cell = 896 to 903
-30	-40	-11	-5	-18	-11	14	-24	cell = 904 to 911
-33	-26	-22	-43	-12	-45	-63	4	cell = 912 to 919
-23	1	-52	-43	9	-57	2	2	cell = 920 to 927
16	10	-45	8	-21	-14	-19	7	cell = 928 to 935
-32	-26	-16	-50	16	-18	-34	-29	cell = 936 to 943
-24	-22	-30	33	-16	-2	-27	31	cell = 944 to 951
-31	8	-7	10	-3	16	-27	-68	cell = 952 to 959
-8	0	-36	16	4	5	26	-15	cell = 960 to 967
-15	-8	-40	-26	-23	-7	-26	-24	cell = 968 to 975
-6	-18	-18	-53	-44	-43	-6	-8	cell = 976 to 983
3	-33	-34	-17	-25	-28	-61	9	cell = 984 to 991
-21	-48	-25	5	-22	-2	-11	-32	cell = 992 to 999
-28	12	-41	-3	0	-27	-42	-18	cell = 1000 to 1007
-7	-9	-38	-29	-12	-21	-78	15	cell = 1008 to 1015
-15	2	-52	18	-1	-34	-46	1	cell = 1016 to 1023
Calibration values from cell 0 to 1024 for channel 5:

33	2	14	0	38	-2	77	-24	cell = 0 to 7
8	9	58	-14	102	-21	52	-6	cell = 8 to 15
65	-57	46	-37	21	-37	55	-34	cell = 16 to 23
56	-12	61	-34	27	25	12	15	cell = 24 to 31
33	10	28	-75	53	-4	40	-28	cell = 32 to 39
25	-3	40	22	112	-5	15	-41	cell = 40 to 47
55	-4	17	9	64	-26	20	-5	cell = 48 to 55
26	-40	19	-52	17	-29	50	7	cell = 56 to 63
42	23	13	11	27	1	45	-9	cell = 64 to 71
30	0	47	-31	20	-24	18	0	cell = 72 to 79
60	18	22	-29	72	9	81	-10	cell = 80 to 87
42	-29	19	-31	42	13	35	-18	cell = 88 to 95
49	25	-12	1	39	23	62	-15	cell = 96 to 103
-9	2	52	6	50	8	43	-5	cell = 104 to 111
32	-11	52	-9	11	-5	79	-8	cell = 112 to 119
-16	-4	56	-26	30	-10	82	-18	cell = 120 to 127
41	-6	58	-13	29	-13	50	9	cell = 128 to 135
20	20	51	32	43	-16	50	14	cell = 136 to 143
4	20	39	-23	2	-34	63	-18	cell = 144 to 151
34	27	19	-10	57	-8	1	22	cell = 152 to 159
15	2	24	39	63	-7	50	-35	cell = 160 to 167
57	32	21	-8	-3	-40	33	-9	cell = 168 to 175
31	-17	31	4	18	-25	26	23	cell = 176 to 183
51	-19	32	5	13	24	37	2	cell = 184 to 191
22	17	54	-7	58	-7	24	-27	cell = 192 to 199
41	-12	20	40	16	6	4	-19	cell = 200 to 207
54	-3	38	-14	30	-3	53	-15	cell = 208 to 215
19	4	41	11	18	-22	22	0	cell = 216 to 223
37	-20	39	-25	43	-18	87	-15	cell = 224 to 231
40	-39	61	21	31	28	41	-36	cell = 232 to 239
33	28	64	-3	17	5	85	17	cell = 240 to 247
71	25	12	11	29	0	0	12	cell = 248 to 255
71	2	16	1	57	13	72	3	cell = 256 to 263
38	-53	78	-14	50	-3	42	-6	cell = 264 to 271
82	-10	46	33	29	-16	30	-15	cell = 272 to 279
49	-23	52	18	60	-11	42	-9	cell = 280 to 287
47	-15	70	-27	50	-24	39	-29	cell = 288 to 295
32	-6	39	-5	21	-2	57	-25	cell = 296 to 303
47	11	33	-3	28	-14	52	-1	cell = 304 to 311
21	-46	45	-55	35	12	54	-36	cell = 312 to 319
47	-3	53	-2	46	30	38	-15	cell = 320 to 327
41	-10	51	-12	88	17	86	-4	cell = 328 to 335
67	1	41	-30	0	-12	54	7	cell = 336 to 343
25	-8	48	-47	11	17	14	-23	cell = 344 to 351
44	-21	90	1	23	26	36	-31	cell = 352 to 359
51	-22	55	-18	24	-26	81	32	cell = 360 to 367
55	-26	53	35	53	46	19	2	cell = 368 to 375
12	-14	67	-8	39	16	67	-10	cell = 376 to 383
40	-14	54	-5	12	35	24	-7	cell = 384 to 391
50	-21	31	-18	56	19	46	8	cell = 392 to 399
17	1	68	-23	32	-23	27	-29	cell = 400 to 407
67	-22	72	-11	28	14	35	-42	cell = 408 to 415
62	-14	72	24	8	7	35	8	cell = 416 to 423
4	-49	53	4	49	40	60	3	cell = 424 to 431
18	0	81	5	37	13	42	-13	cell = 432 to 439
41	-12	28	4	47	-65	6	4	cell = 440 to 447
39	-17	69	11	42	-14	59	-39	cell = 448 to 455
23	-35	34	-13	36	-24	8	21	cell = 456 to 463
67	36	51	10	47	14	66	-29	cell = 464 to 471
65	10	4	-12	20	5	55	21	cell = 472 to 479
29	11	42	22	45	-15	50	-17	cell = 480 to 487
45	8	44	-28	47	0	12	-2	cell = 488 to 495
53	11	-32	-50	-34	-39	-38	-59	cell = 496 to 503
49	-49	47	-22	9	-5	3	-20	cell = 504 to 511
-4	-25	14	3	-19	15	-19	-40	cell = 512 to 519
-41	-31	-47	-35	-5	-20	-13	24	cell = 520 to 527
-48	-3	-41	-51	-10	-6	-13	-13	cell = 528 to 535
-32	13	-49	-46	-25	32	-3	-31	cell = 536 to 543
-23	-35	-14	-23	0	4	-24	-6	cell = 544 to 551
-20	6	10	9	3	4	-30	-16	cell = 552 to 559
-14	-29	-27	19	-7	-6	-30	7	cell = 560 to 567
-11	18	-27	-24	-29	-16	-22	-23	cell = 568 to 575
4	-11	28	-55	-10	-56	-63	-24	cell = 576 to 583
-5	-9	-27	-42	-10	-12	-34	0	cell = 584 to 591
-38	21	-45	-6	-41	-38	-26	-9	cell = 592 to 599
-20	-14	-3	-18	-22	-26	-53	4	cell = 600 to 607
-7	-1	-41	-8	1	-15	-11	-31	cell = 608 to 615
-3	-13	8	-3	14	-11	-27	17	cell = 616 to 623
-15	-20	-74	-48	-25	-8	16	-15	cell = 624 to 631
5	2	-46	-7	-27	11	-2	-8	cell = 632 to 639
-9	8	-35	10	6	1	-18	-12	cell = 640 to 647
-33	-3	-42	6	-8	54	-57	-10	cell = 648 to 655
-46	-30	-27	-4	-33	-8	-6	5	cell = 656 to 663
12	-68	-25	2	6	24	-38	-34	cell = 664 to 671
5	-40	23	-31	11	-13	-45	-8	cell = 672 to 679
-6	-5	-44	3	-26	-37	-35	1	cell = 680 to 687
-39	12	-7	-27	-27	22	-66	-3	cell = 688 to 695
-32	20	-13	-15	-6	-5	20	-17	cell = 696 to 703
-10	-21	39	-27	-63	-44	9	-47	cell = 704 to 711
-17	19	-22	-13	-18	4	-14	-60	cell = 712 to 719
-22	0	-70	-57	-21	-60	-11	-9	cell = 720 to 727
-17	-35	-8	40	-15	16	-8	-28	cell = 728 to 735
-2	-44	-17	30	-8	23	9	-19	cell = 736 to 743
3	-39	-24	-42	-58	-20	1	-7	cell = 744 to 751
-80	19	-38	2	-34	30	-9	-68	cell = 752 to 759
-29	-16	-52	-42	-37	-32	-28	31	cell = 760 to 767
5	-16	10	-1	-13	16	-4	11	cell = 768 to 775
-66	-22	-31	-13	-17	5	-60	-69	cell = 776 to 783
2	-45	-30	-47	-12	-25	-67	-3	cell = 784 to 791
-64	-37	-47	-13	-60	-31	-19	2	cell = 792 to 799
-19	-8	-2	18	-38	30	-4	-33	cell = 800 to 807
34	-35	-28	-4	-25	-5	-36	-23	cell = 808 to 815
-2	-14	-53	13	24	21	-23	-23	cell = 816 to 823
-9	13	12	-16	6	-20	-23	6	cell = 824 to 831
17	-15	1	-6	-28	-5	-50	18	cell = 832 to 839
33	-34	15	-27	-19	-12	-33	1	cell = 840 to 847
18	-20	-3	15	-39	-19	-4	-14	cell = 848 to 855
-25	-21	-17	17	-39	-21	14	1	cell = 856 to 863
7	-41	-13	-38	-31	-40	-29	-27	cell = 864 to 871
1	-15	-69	24	11	1	-12	-10	cell = 872 to 879
-43	2	30	-43	9	-16	-57	-15	cell = 880 to 887
-10	-4	3	-36	-19	-4	-72	-11	cell = 888 to 895
-3	-46	-8	0	-14	-7	3	22	cell = 896 to 903
-48	-75	-43	15	-8	-22	-41	-4	cell = 904 to 911
-14	-28	-17	-30	3	-30	-39	-4	cell = 912 to 919
-8	-28	-7	23	-66	3	-39	-7	cell = 920 to 927
-27	-9	-23	-9	19	-49	-5	-41	cell = 928 to 935
-15	-38	-20	-19	-33	-33	1	1	cell = 936 to 943
-25	-5	-11	-11	-23	-36	-25	27	cell = 944 to 951
-27	7	-51	11	-3	27	-23	-11	cell = 952 to 959
-7	-12	-20	-45	-48	-60	-37	-14	cell = 960 to 967
-35	-40	6	7	-8	-10	-31	-38	cell = 968 to 975
-35	-31	0	-19	-30	-12	-46	-22	cell = 976 to 983
-15	-23	-39	-24	0	-12	-5	-22	cell = 984 to 991
-8	-10	-6	0	2	-7	-11	-36	cell = 992 to 999
-38	-7	-7	-21	-15	2	-21	19	cell = 1000 to 1007
-14	-67	-11	-47	-68	-39	-37	-11	cell = 1008 to 1015
9	-21	-50	-1	-39	-23	-59	-27	cell = 1016 to 1023
Calibration values from cell 0 to 1024 for channel 6:

46	7	37	-10	-4	-46	32	30	cell = 0 to 7
10	-32	45	15	25	42	51	-18	cell = 8 to 15
63	-36	15	7	50	-5	10	8	cell = 16 to 23
24	-7	76	-8	21	8	53	-36	cell = 24 to 31
1	-7	42	26	76	-29	27	-13	cell = 32 to 39
4	-14	72	-22	80	49	68	18	cell = 40 to 47
51	-44	47	-49	26	26	29	-21	cell = 48 to 55
11	-30	27	-12	50	-25	45	-26	cell = 56 to 63
59	0	48	1	1	-14	31	-10	cell = 64 to 71
60	-17	36	-27	37	8	41	-20	cell = 72 to 79
54	-37	13	-18	89	24	60	-14	cell = 80 to 87
15	-7	30	-19	29	-11	40	21	cell = 88 to 95
30	-25	45	-18	41	-3	52	-27	cell = 96 to 103
25	-4	59	-23	49	-28	58	-29	cell = 104 to 111
44	24	42	-35	46	-10	35	-15	cell = 112 to 119
34	26	5	-39	-5	-19	62	16	cell = 120 to 127
35	-6	72	-17	59	-24	72	-9	cell = 128 to 135
37	-2	61	6	26	20	62	-5	cell = 136 to 143
34	-3	49	38	23	-15	42	-43	cell = 144 to 151
72	-31	28	16	46	-15	63	-37	cell = 152 to 159
66	-30	37	2	21	-7	49	-43	cell = 160 to 167
53	26	27	-5	53	21	49	-17	cell = 168 to 175
2	24	69	0	29	16	45	-63	cell = 176 to 183
16	18	26	-3	10	20	44	-23	cell = 184 to 191
68	-23	87	-39	29	30	30	-5	cell = 192 to 199
34	-12	62	-20	35	-13	18	-5	cell = 200 to 207
50	-36	46	-57	31	-36	14	-1	cell = 208 to 215
44	10	102	11	54	15	83	-6	cell = 216 to 223
4	28	24	8	58	-52	28	-13	cell = 224 to 231
44	-13	5	27	71	-28	35	12	cell = 232 to 239
51	8	27	-24	25	16	43	17	cell = 240 to 247
45	1	32	-12	14	3	54	21	cell = 248 to 255
6	-8	29	-41	30	6	38	-29	cell = 256 to 263
57	-5	65	-6	49	-8	25	-44	cell = 264 to 271
76	32	70	18	25	-12	18	3	cell = 272 to 279
30	-3	3	11	39	0	51	-15	cell = 280 to 287
64	1	50	-34	9	-66	29	-22	cell = 288 to 295
38	27	12	21	75	-14	33	11	cell = 296 to 303
47	-30	71	4	86	-19	31	23	cell = 304 to 311
46	-2	62	-6	32	-38	30	-47	cell = 312 to 319
51	-3	28	-10	34	-1	17	-21	cell = 320 to 327
7	-14	68	-7	32	13	45	32	cell = 328 to 335
79	-11	18	-4	21	9	42	12	cell = 336 to 343
57	28	54	-22	70	-2	69	-7	cell = 344 to 351
32	3	50	-10	55	-14	34	-35	cell = 352 to 359
54	-2	23	0	38	-21	43	-8	cell = 360 to 367
17	21	46	-29	51	39	53	3	cell = 368 to 375
60	-26	70	-16	55	-47	19	-10	cell = 376 to 383
73	22	63	13	31	-19	76	12	cell = 384 to 391
51	-36	68	-31	38	-10	25	-4	cell = 392 to 399
52	-16	70	-14	41	-2	63	-6	cell = 400 to 407
21	22	75	18	42	19	77	-28	cell = 408 to 415
48	-4	20	-27	61	6	62	-11	cell = 416 to 423
24	17	53	-11	45	3	1	0	cell = 424 to 431
1	15	21	-25	63	55	59	-8	cell = 432 to 439
34	-42	45	0	20	-47	29	32	cell = 440 to 447
80	-15	80	-24	53	12	46	16	cell = 448 to 455
56	-44	73	-20	29	12	65	-39	cell = 456 to 463
66	3	45	-30	66	-22	2	-3	cell = 464 to 471
14	6	-31	29	28	3	29	7	cell = 472 to 479
73	-22	37	-7	17	3	47	10	cell = 480 to 487
57	-38	62	-58	23	-8	41	-19	cell = 488 to 495
45	-19	-22	-106	-26	-74	-41	-89	cell = 496 to 503
20	-25	14	18	49	-12	56	-27	cell = 504 to 511
-21	-40	-51	-23	-49	-37	-62	6	cell = 512 to 519
-39	5	5	-23	-11	-11	10	20	cell = 520 to 527
-32	-22	-25	-41	-20	-34	-17	-25	cell = 528 to 535
-41	-9	11	10	-3	-16	25	-21	cell = 536 to 543
15	14	24	-10	-2	-9	-2	-69	cell = 544 to 551
3	-44	10	19	-27	0	-22	-16	cell = 552 to 559
-10	-25	-33	1	10	-50	-14	-19	cell = 560 to 567
-18	-31	-39	-26	-23	-21	-17	-11	cell = 568 to 575
15	-7	-3	-31	-51	-10	-33	10	cell = 576 to 583
-1	19	-41	-28	9	-17	-21	0	cell = 584 to 591
6	-1	6	-61	-42	28	-14	0	cell = 592 to 599
-20	1	-33	-14	-19	41	-16	-34	cell = 600 to 607
-47	-35	-5	-25	-13	-25	-32	-19	cell = 608 to 615
-1	-15	-24	-15	2	-6	-29	-21	cell = 616 to 623
-5	-8	-8	-13	-38	-45	-26	-17	cell = 624 to 631
24	-9	-22	-13	-6	-35	-35	29	cell = 632 to 639
-19	-25	-40	-12	-21	-13	-50	-47	cell = 640 to 647
-37	-17	-14	34	-41	-30	-14	1	cell = 648 to 655
-12	-36	1	5	1	-39	-10	-19	cell = 656 to 663
-34	-24	-37	6	13	4	-18	-14	cell = 664 to 671
-19	2	6	-10	-10	-43	-56	-46	cell = 672 to 679
-35	-28	-4	-8	-24	-6	-5	-16	cell = 680 to 687
4	8	-8	-33	-28	20	0	-3	cell = 688 to 695
-23	-7	-33	10	-34	-30	-61	-23	cell = 696 to 703
-37	-24	-59	22	1	28	-5	17	cell = 704 to 711
6	-21	-8	-4	-48	-1	-1	24	cell = 712 to 719
-23	25	-9	-10	14	-8	-16	-6	cell = 720 to 727
11	25	-51	-13	-20	-29	-6	10	cell = 728 to 735
-65	-8	-56	-22	-22	-41	-26	-37	cell = 736 to 743
-4	-31	-15	5	17	-31	-13	-15	cell = 744 to 751
-6	21	-48	11	-35	18	-2	10	cell = 752 to 759
28	-4	-42	-24	-54	-16	-40	-7	cell = 760 to 767
2	-9	-43	-60	-27	-30	-18	11	cell = 768 to 775
3	-29	-25	-13	-25	-30	-15	-35	cell = 776 to 783
-24	-32	-21	2	-3	-11	8	3	cell = 784 to 791
-12	18	-34	-41	-8	-25	-55	-35	cell = 792 to 799
-33	4	17	-20	-12	-29	-27	10	cell = 800 to 807
-12	14	3	-30	-11	-64	-52	-33	cell = 808 to 815
-52	-30	-33	-18	-10	-49	-52	-9	cell = 816 to 823
-3	-15	-12	-28	-23	-7	-21	-23	cell = 824 to 831
-30	22	-5	0	-9	-30	15	-11	cell = 832 to 839
-6	-12	-7	-36	0	22	17	-25	cell = 840 to 847
3	28	-23	-13	-14	-36	-8	-21	cell = 848 to 855
-24	-9	-19	-1	1	-11	-38	-4	cell = 856 to 863
-12	-35	-62	3	-34	-33	-53	-16	cell = 864 to 871
-26	-11	-4	-18	-49	0	-29	-33	cell = 872 to 879
-7	-22	-27	-14	10	-55	-29	-24	cell = 880 to 887
18	-18	-1	-28	-29	30	-40	6	cell = 888 to 895
-20	-31	-10	-43	-58	11	-41	-33	cell = 896 to 903
-32	-12	-32	-27	-6	-12	13	-20	cell = 904 to 911
-47	17	-64	-25	24	-16	-46	-6	cell = 912 to 919
-27	-23	-9	24	6	-8	-17	-22	cell = 920 to 927
3	13	-8	-32	-18	4	5	-4	cell = 928 to 935
-5	-13	35	-5	4	12	-41	-11	cell = 936 to 943
-29	29	-41	-10	-19	-37	-19	3	cell = 944 to 951
-5	-30	-18	-29	14	-7	-15	1	cell = 952 to 959
-37	-15	-3	14	9	7	-8	-55	cell = 960 to 967
-34	-11	-25	-16	-46	0	-30	-7	cell = 968 to 975
-42	-22	9	-4	-33	-41	-45	-22	cell = 976 to 983
2	12	-30	-8	-10	-72	37	-19	cell = 984 to 991
-9	-18	16	8	-27	-37	-31	-23	cell = 992 to 999
-16	-29	-34	-57	-39	-40	-26	-22	cell = 1000 to 1007
-22	-35	-33	-15	-40	-25	-45	-25	cell = 1008 to 1015
-14	-25	-42	-40	-21	-13	-63	-9	cell = 1016 to 1023
Calibration values from cell 0 to 1024 for channel 7:

45	3	21	-20	69	7	26	-29	cell = 0 to 7
82	-11	33	-15	28	-50	45	-18	cell = 8 to 15
24	-9	5	-15	39	-27	58	-4	cell = 16 to 23
72	-30	43	-11	39	-17	0	21	cell = 24 to 31
46	-19	43	12	62	-33	48	4	cell = 32 to 39
72	-7	32	-72	43	25	28	8	cell = 40 to 47
83	5	79	-7	65	-10	55	-53	cell = 48 to 55
30	-30	68	10	78	-10	8	-26	cell = 56 to 63
60	7	25	-25	44	-25	22	-2	cell = 64 to 71
28	-35	64	-20	92	-13	25	16	cell = 72 to 79
51	-45	51	-1	78	12	70	-22	cell = 80 to 87
54	-7	56	-14	25	-23	42	-23	cell = 88 to 95
5	-25	38	-33	45	19	37	6	cell = 96 to 103
29	-2	59	-12	19	-5	77	4	cell = 104 to 111
61	9	42	13	38	-7	73	-17	cell = 112 to 119
42	-5	-4	-29	3	-27	40	-10	cell = 120 to 127
10	9	63	0	69	9	41	-7	cell = 128 to 135
33	8	40	-36	43	-39	53	-9	cell = 136 to 143
25	8	61	9	33	21	65	22	cell = 144 to 151
25	24	53	7	12	16	92	25	cell = 152 to 159
61	-35	53	-48	73	-17	-7	3	cell = 160 to 167
73	4	51	12	38	-15	13	-10	cell = 168 to 175
59	17	62	-3	31	35	21	-26	cell = 176 to 183
38	-3	25	26	42	10	25	19	cell = 184 to 191
49	12	57	-12	22	-30	74	-25	cell = 192 to 199
23	6	88	-1	58	0	18	3	cell = 200 to 207
28	21	33	7	66	13	48	-13	cell = 208 to 215
18	-64	23	-28	101	2	41	-13	cell = 216 to 223
27	-48	42	-19	56	-17	53	18	cell = 224 to 231
28	-7	20	14	59	25	61	-8	cell = 232 to 239
31	-43	42	-5	46	5	9	-15	cell = 240 to 247
21	-11	11	-66	51	23	60	-8	cell = 248 to 255
45	-10	45	36	21	-9	29	-7	cell = 256 to 263
35	7	45	-13	14	-17	63	-20	cell = 264 to 271
87	29	30	6	47	-25	59	-48	cell = 272 to 279
64	-4	22	14	20	4	10	32	cell = 280 to 287
13	-15	46	29	20	-7	13	-27	cell = 288 to 295
68	23	63	-4	87	-5	56	14	cell = 296 to 303
48	12	44	-17	41	38	35	-28	cell = 304 to 311
12	2	25	-56	35	30	63	0	cell = 312 to 319
9	39	57	-17	49	10	77	7	cell = 320 to 327
55	-14	46	-5	74	-9	2	12	cell = 328 to 335
63	-22	10	-22	55	-33	19	-4	cell = 336 to 343
22	-16	55	-41	58	5	74	-27	cell = 344 to 351
52	3	78	-17	93	-20	40	-45	cell = 352 to 359
33	35	29	27	44	2	43	-45	cell = 360 to 367
66	-10	26	-2	29	5	14	24	cell = 368 to 375
1	12	9	-8	-14	3	45	-12	cell = 376 to 383
6	-8	36	-17	67	-25	45	-20	cell = 384 to 391
22	-51	37	-18	37	-29	34	33	cell = 392 to 399
53	-28	37	-5	25	14	41	-2	cell = 400 to 407
28	-17	39	5	57	2	46	-14	cell = 408 to 415
21	-1	53	-42	54	-28	71	-36	cell = 416 to 423
49	9	50	-54	46	-7	68	-11	cell = 424 to 431
45	17	40	3	11	13	7	-30	cell = 432 to 439
29	-4	39	-20	80	-4	39	8	cell = 440 to 447
65	44	17	-31	1	-23	62	-5	cell = 448 to 455
27	-24	23	-14	48	11	-14	2	cell = 456 to 463
27	1	54	-5	62	14	17	-17	cell = 464 to 471
81	-19	42	-3	57	19	51	9	cell = 472 to 479
81	-5	34	-5	64	-42	33	1	cell = 480 to 487
29	-22	34	10	55	-12	18	-18	cell = 488 to 495
17	-46	1	-38	-14	-75	-72	-73	cell = 496 to 503
33	-9	51	-49	47	14	57	-18	cell = 504 to 511
-17	-5	-37	-43	-14	2	-67	-52	cell = 512 to 519
-28	-11	-24	-31	2	15	-26	-15	cell = 520 to 527
-11	-7	25	-2	-25	-17	-82	-33	cell = 528 to 535
-38	18	-61	-23	-3	-3	49	-15	cell = 536 to 543
-2	21	-22	-30	-34	-11	-8	-17	cell = 544 to 551
-1	-17	-28	10	16	22	-28	-25	cell = 552 to 559
-54	-52	0	23	15	1	-56	-50	cell = 560 to 567
-40	-31	-48	8	2	-25	-21	-34	cell = 568 to 575
-48	-2	-4	1	-33	16	30	-24	cell = 576 to 583
0	-17	-4	-13	7	-4	-52	-22	cell = 584 to 591
-20	15	-10	15	14	-16	-31	17	cell = 592 to 599
-39	-23	-22	-29	-9	-17	6	-34	cell = 600 to 607
-8	20	-30	1	5	24	-31	-5	cell = 608 to 615
-19	-11	-35	-39	-7	-34	-33	-20	cell = 616 to 623
6	1	-43	-7	-17	-13	-16	-12	cell = 624 to 631
-5	-22	-32	-24	-23	-51	-20	-52	cell = 632 to 639
-36	0	-27	15	-33	-28	0	8	cell = 640 to 647
-29	-43	-7	-17	-4	-58	-90	3	cell = 648 to 655
-7	-2	16	-25	-35	10	-31	-19	cell = 656 to 663
-53	4	4	-43	-12	2	8	10	cell = 664 to 671
-31	-20	2	-49	-35	3	1	-39	cell = 672 to 679
-37	-34	0	-3	-56	17	-30	-7	cell = 680 to 687
-33	-2	-41	-56	-13	14	23	-62	cell = 688 to 695
19	-15	-11	-34	-10	-52	-8	-14	cell = 696 to 703
15	13	-37	-39	23	-4	-30	-8	cell = 704 to 711
0	3	-46	-33	-24	-27	-30	-37	cell = 712 to 719
-26	-39	-40	-12	-45	14	-15	-25	cell = 720 to 727
-15	-5	-16	-17	-42	-11	28	-40	cell = 728 to 735
-7	-44	-6	0	-12	23	-41	-21	cell = 736 to 743
39	-61	-38	8	-9	-12	-8	16	cell = 744 to 751
-35	-21	-9	-23	-27	-24	-29	-2	cell = 752 to 759
-40	-35	-25	2	-19	3	-35	-34	cell = 760 to 767
5	-4	-47	5	1	-10	-29	27	cell = 768 to 775
-13	-52	-24	1	-7	17	13	4	cell = 776 to 783
-27	-23	-43	-15	-7	-8	-21	24	cell = 784 to 791
-11	-39	-20	-21	-18	20	-35	-14	cell = 792 to 799
-52	-14	28	28	-35	-27	-36	-28	cell = 800 to 807
-7	-59	-40	-47	-21	21	-7	-17	cell = 808 to 815
-3	-25	2	-22	-2	-19	-19	-8	cell = 816 to 823
-9	-18	-16	-14	-38	-24	-35	20	cell = 824 to 831
-40	-26	-36	8	-56	-36	-47	-60	cell = 832 to 839
21	13	-30	-35	-16	30	-29	-17	cell = 840 to 847
-16	-18	-16	2	-47	-43	6	0	cell = 848 to 855
12	-4	-39	-35	-53	-66	-5	-5	cell = 856 to 863
-27	-11	-32	20	13	-20	0	-15	cell = 864 to 871
12	0	-21	1	0	-31	-19	20	cell = 872 to 879
-54	6	-15	-4	-14	-42	-72	-39	cell = 880 to 887
-44	-61	0	-23	-38	-8	-9	11	cell = 888 to 895
-51	-8	-15	-2	14	-9	-49	-12	cell = 896 to 903
-33	-46	-22	-12	-33	-21	7	-12	cell = 904 to 911
-44	-31	-21	-10	0	-5	-20	3	cell = 912 to 919
-38	24	-43	19	-37	-26	13	7	cell = 920 to 927
-26	-20	-13	2	-34	-20	-48	13	cell = 928 to 935
24	-33	-22	-49	-16	-31	-28	-33	cell = 936 to 943
-12	3	-30	16	-27	-24	-9	-27	cell = 944 to 951
10	24	-31	-39	-2	-10	-1	5	cell = 952 to 959
-59	-9	-19	13	20	-65	-23	-6	cell = 960 to 967
-18	-11	-15	2	12	-7	-43	-17	cell = 968 to 975
14	-31	-10	-23	-18	3	-7	-29	cell = 976 to 983
-23	-29	-31	-34	0	-15	-35	-22	cell = 984 to 991
-4	-46	6	-16	-29	-3	-51	9	cell = 992 to 999
-9	-40	5	-21	38	-35	-11	20	cell = 1000 to 1007
-29	-44	-21	-12	-12	-13	-43	-56	cell = 1008 to 1015
-21	-31	-33	-75	1	-3	-24	-25	cell = 1016 to 1023
Calibration values from cell 0 to 1024 for channel 8:

5	-20	95	-11	26	-2	79	5	cell = 0 to 7
6	9	61	0	38	4	-3	-14	cell = 8 to 15
55	1	9	-19	55	-17	36	-58	cell = 16 to 23
18	-38	8	7	66	-25	53	-19	cell = 24 to 31
68	10	43	15	58	14	36	-17	cell = 32 to 39
29	3	36	-20	19	-21	53	-6	cell = 40 to 47
29	22	83	7	31	10	63	-29	cell = 48 to 55
43	32	32	-20	48	15	19	-11	cell = 56 to 63
66	-8	20	22	35	3	61	-26	cell = 64 to 71
57	9	94	-42	8	7	62	-31	cell = 72 to 79
33	-2	16	-33	76	-1	24	23	cell = 80 to 87
31	-22	32	-15	65	-22	49	-17	cell = 88 to 95
16	9	41	2	23	-43	16	-8	cell = 96 to 103
30	-27	55	-34	42	-9	49	14	cell = 104 to 111
49	-23	55	0	71	-13	87	-51	cell = 112 to 119
19	-17	17	13	57	51	58	-10	cell = 120 to 127
31	-2	50	-39	10	9	-9	-3	cell = 128 to 135
32	-32	61	-33	28	-32	30	3	cell = 136 to 143
73	-19	11	-9	48	-12	77	-13	cell = 144 to 151
48	-3	29	-33	7	41	56	-25	cell = 152 to 159
30	9	23	-12	46	-16	57	26	cell = 160 to 167
48	-41	37	-8	52	-40	92	-20	cell = 168 to 175
81	9	45	-32	22	-24	73	8	cell = 176 to 183
41	10	18	-62	34	8	70	-39	cell = 184 to 191
16	33	35	-23	73	-23	41	-9	cell = 192 to 199
58	25	76	-31	57	-43	39	-32	cell = 200 to 207
60	29	21	0	54	3	16	23	cell = 208 to 215
44	14	74	-11	11	-28	30	-34	cell = 216 to 223
56	1	76	-30	54	12	45	-55	cell = 224 to 231
34	5	71	-43	74	-9	44	-20	cell = 232 to 239
56	-16	49	19	22	-34	72	-3	cell = 240 to 247
18	0	67	38	23	-4	43	-6	cell = 248 to 255
54	-26	26	-3	61	33	64	-23	cell = 256 to 263
18	-13	55	16	31	-19	31	-19	cell = 264 to 271
45	-42	65	-2	-9	-29	51	-38	cell = 272 to 279
41	-7	28	-26	61	-24	78	0	cell = 280 to 287
45	31	58	18	29	-6	49	0	cell = 288 to 295
29	9	69	7	26	8	33	23	cell = 296 to 303
47	-28	52	-4	45	29	6	-26	cell = 304 to 311
24	-16	41	-31	17	-20	38	-29	cell = 312 to 319
56	14	41	-46	54	32	74	-16	cell = 320 to 327
-7	15	39	-40	83	13	34	-25	cell = 328 to 335
75	-26	51	-27	47	-3	38	-6	cell = 336 to 343
39	21	22	-6	39	-26	58	-7	cell = 344 to 351
30	-1	45	-24	10	14	32	-27	cell = 352 to 359
69	-8	68	-4	46	-30	39	4	cell = 360 to 367
76	21	51	12	65	-4	69	-9	cell = 368 to 375
53	-14	39	-16	44	-10	58	-21	cell = 376 to 383
29	-4	9	-2	25	29	36	-14	cell = 384 to 391
43	-24	3	-28	68	0	62	-9	cell = 392 to 399
21	17	39	6	60	14	-3	-22	cell = 400 to 407
60	-7	96	-40	73	-48	66	0	cell = 408 to 415
101	-19	44	-22	59	14	48	31	cell = 416 to 423
50	-16	50	-7	53	-42	72	27	cell = 424 to 431
40	-38	22	11	20	-38	46	-9	cell = 432 to 439
76	-16	63	27	8	-13	54	-6	cell = 440 to 447
17	27	51	-17	43	-13	24	26	cell = 448 to 455
-5	-23	59	-14	62	-24	52	-17	cell = 456 to 463
58	21	50	0	97	-19	70	-17	cell = 464 to 471
21	-24	54	-54	42	-20	46	-20	cell = 472 to 479
34	-39	33	0	28	-12	40	7	cell = 480 to 487
48	-11	76	-27	64	-12	66	22	cell = 488 to 495
48	-62	-46	-60	-51	-90	-37	-96	cell = 496 to 503
50	-46	27	-1	20	-46	50	-52	cell = 504 to 511
-68	42	-14	-24	9	-5	-35	-40	cell = 512 to 519
-6	-18	-16	0	-29	-26	17	-29	cell = 520 to 527
26	-3	-59	-3	8	-8	-8	-3	cell = 528 to 535
21	-32	-26	10	-39	-3	-47	0	cell = 536 to 543
2	-51	-3	-17	-14	-29	1	-11	cell = 544 to 551
-23	-27	-22	-11	-49	-55	-54	-18	cell = 552 to 559
-17	-25	7	-3	4	5	-20	-8	cell = 560 to 567
-44	-19	-21	-24	-7	9	-36	-52	cell = 568 to 575
1	0	-33	16	-67	16	13	42	cell = 576 to 583
-4	13	-4	-55	26	0	-51	38	cell = 584 to 591
-6	11	-12	14	-16	9	5	17	cell = 592 to 599
-44	-24	-16	15	6	-12	44	-56	cell = 600 to 607
-19	-1	-46	-22	-24	-20	24	-38	cell = 608 to 615
-82	-7	-11	-10	-10	-40	-34	6	cell = 616 to 623
25	-19	-2	-13	-21	-4	-38	-14	cell = 624 to 631
-29	-40	-19	-9	-40	-9	-15	32	cell = 632 to 639
-18	-63	-27	20	-19	-31	-13	-37	cell = 640 to 647
-41	-17	4	-29	6	-30	-53	-6	cell = 648 to 655
15	-12	-17	-11	-43	14	-33	-24	cell = 656 to 663
-14	4	-3	-3	-36	-13	-13	-42	cell = 664 to 671
1	-54	8	-4	5	-38	18	-40	cell = 672 to 679
41	13	-18	17	-12	-16	-19	-22	cell = 680 to 687
-56	-32	-12	-26	-33	2	16	34	cell = 688 to 695
-32	-28	-20	-47	2	12	-59	-10	cell = 696 to 703
-19	0	14	5	-1	15	5	-16	cell = 704 to 711
36	-16	-41	-3	-23	-7	-37	9	cell = 712 to 719
18	-2	-34	-23	-28	-14	-23	-20	cell = 720 to 727
-4	-48	-35	-2	-63	-11	-36	-30	cell = 728 to 735
-5	-21	0	-28	-22	-24	-31	-14	cell = 736 to 743
-38	-40	-32	-36	5	10	-65	6	cell = 744 to 751
-25	-12	-18	-20	-8	-16	-82	-9	cell = 752 to 759
3	9	-11	5	-43	-20	-26	-15	cell = 760 to 767
40	-20	10	-17	22	-20	29	-19	cell = 768 to 775
-19	-38	-31	-20	0	-30	-40	-7	cell = 776 to 783
-29	-9	-36	-2	27	29	-13	-1	cell = 784 to 791
12	-6	-21	-51	-44	-48	-30	-15	cell = 792 to 799
-27	-2	-19	-13	-31	-19	15	-11	cell = 800 to 807
-38	-44	-42	-22	-3	1	6	-11	cell = 808 to 815
-39	-29	-19	13	-22	-23	-7	21	cell = 816 to 823
11	-8	-23	-20	-34	-56	-50	-1	cell = 824 to 831
27	-20	-6	-43	-4	-39	-33	-18	cell = 832 to 839
-29	-2	-24	10	-17	1	8	-9	cell = 840 to 847
-32	-6	-34	-34	-20	-21	-38	-6	cell = 848 to 855
5	-5	-71	-26	-1	-3	-6	-22	cell = 856 to 863
-32	-28	-3	-4	4	-1	-62	28	cell = 864 to 871
-8	-14	-21	-6	-24	15	-27	-3	cell = 872 to 879
-19	36	-45	-25	-20	-55	-14	-22	cell = 880 to 887
-42	-30	-14	-19	-27	-11	-40	-29	cell = 888 to 895
-2	-3	9	15	-21	8	-68	-47	cell = 896 to 903
-11	50	18	-3	-15	-18	-33	-4	cell = 904 to 911
-2	-76	-41	-13	-19	-13	-30	-44	cell = 912 to 919
-22	-40	2	-12	-18	-22	-39	3	cell = 920 to 927
6	-6	-23	-3	-24	0	-24	-27	cell = 928 to 935
-19	-15	-48	-18	-19	-26	-14	-50	cell = 936 to 943
16	-11	-63	-63	-42	-28	-29	-6	cell = 944 to 951
2	-22	-52	-21	-64	-18	-11	4	cell = 952 to 959
-25	-28	-30	-27	-9	-25	-15	-11	cell = 960 to 967
-40	-17	-24	6	-44	20	-18	-28	cell = 968 to 975
-9	-27	-7	-19	-19	-30	-49	-27	cell = 976 to 983
-25	-47	-13	-80	0	-42	-50	-1	cell = 984 to 991
-21	-45	-26	-41	0	-4	-39	11	cell = 992 to 999
17	-23	-6	-19	-27	6	-25	-20	cell = 1000 to 1007
-38	-23	-59	-29	-34	1	29	-10	cell = 1008 to 1015
-16	-53	-37	-23	-24	23	-11	-28	cell = 1016 to 1023
