Calibration values from cell 0 to 1024 for channel 0:

35	-19	49	-21	27	-8	61	-6	cell = 0 to 7
71	14	56	-39	48	-17	44	-9	cell = 8 to 15
63	9	8	-26	11	-18	-10	-51	cell = 16 to 23
60	6	1	18	26	-28	11	-57	cell = 24 to 31
57	0	49	17	50	-8	4	-30	cell = 32 to 39
78	-33	27	0	39	-52	47	-50	cell = 40 to 47
18	-42	29	-12	66	17	68	-32	cell = 48 to 55
12	-59	49	2	25	-31	32	-12	cell = 56 to 63
19	-25	65	2	34	5	67	1	cell = 64 to 71
44	-43	50	29	31	2	36	-7	cell = 72 to 79
48	-24	44	-21	9	-9	27	5	cell = 80 to 87
31	-34	19	-16	24	-20	20	-49	cell = 88 to 95
47	19	42	8	63	-24	74	-24	cell = 96 to 103
26	-4	1	7	43	40	34	-28	cell = 104 to 111
32	10	67	-29	54	-7	61	12	cell = 112 to 119
54	-40	2	3	32	-31	27	-52	cell = 120 to 127
76	-7	78	-31	67	-8	52	7	cell = 128 to 135
18	-19	32	-17	118	-19	63	-10	cell = 136 to 143
23	1	109	-5	20	-12	39	-16	cell = 144 to 151
48	-52	55	22	53	-50	1	1	cell = 152 to 159
35	4	28	11	27	3	31	-12	cell = 160 to 167
15	-19	29	-35	12	-7	14	-7	cell = 168 to 175
33	12	43	-1	18	-15	35	-10	cell = 176 to 183
42	-35	56	-24	48	42	57	-32	cell = 184 to 191
45	-30	51	-20	45	-32	30	-21	cell = 192 to 199
45	-7	66	20	62	9	58	12	cell = 200 to 207
24	-46	35	-13	61	29	56	0	cell = 208 to 215
55	8	78	-2	84	-3	37	-21	cell = 216 to 223
30	38	67	-10	47	-3	28	-18	cell = 224 to 231
45	-24	13	-29	-5	-27	28	-42	cell = 232 to 239
7	19	31	-10	33	-20	45	-15	cell = 240 to 247
11	13	37	-39	16	-4	44	-42	cell = 248 to 255
42	-2	40	-15	51	-6	43	-16	cell = 256 to 263
-1	-14	16	-11	49	-5	28	-3	cell = 264 to 271
11	-40	37	-39	66	17	66	-10	cell = 272 to 279
1	-19	75	27	6	-25	19	4	cell = 280 to 287
57	17	92	19	14	-17	72	-16	cell = 288 to 295
41	-2	47	-21	52	-7	18	34	cell = 296 to 303
27	-10	55	-7	81	-8	63	-13	cell = 304 to 311
71	25	71	-27	41	8	59	-14	cell = 312 to 319
50	2	30	30	40	-15	29	-29	cell = 320 to 327
23	-39	54	1	63	-23	19	-31	cell = 328 to 335
33	-36	49	-50	6	-17	70	-8	cell = 336 to 343
33	7	10	-28	37	-2	60	-43	cell = 344 to 351
24	-2	32	-12	19	-22	53	-14	cell = 352 to 359
55	38	50	-34	84	-1	34	17	cell = 360 to 367
23	-10	67	-12	83	-29	36	-11	cell = 368 to 375
17	-19	44	38	99	-25	36	-19	cell = 376 to 383
54	-11	28	-22	57	22	9	-26	cell = 384 to 391
33	-13	25	-5	84	-29	44	27	cell = 392 to 399
38	19	57	-13	39	18	60	-6	cell = 400 to 407
47	-51	74	-7	48	-7	71	2	cell = 408 to 415
60	-1	53	0	63	-5	32	-13	cell = 416 to 423
19	14	17	13	23	-37	-2	-27	cell = 424 to 431
52	-27	41	-14	41	-8	0	-20	cell = 432 to 439
-6	-22	75	22	55	-2	48	-19	cell = 440 to 447
59	4	4	-4	65	-5	55	-11	cell = 448 to 455
93	-30	-5	-1	44	-13	52	28	cell = 456 to 463
33	-7	73	4	47	-19	10	23	cell = 464 to 471
68	16	29	-12	38	23	44	-38	cell = 472 to 479
47	9	55	-2	102	-2	53	-8	cell = 480 to 487
35	-1	15	-18	52	20	70	14	cell = 488 to 495
39	-13	-6	-57	-18	-88	3	-79	cell = 496 to 503
61	-36	35	-23	42	-34	34	-29	cell = 504 to 511
3	15	6	-10	-50	-14	24	0	cell = 512 to 519
-36	-54	13	-30	-30	-14	-25	-10	cell = 520 to 527
-2	5	-23	1	-23	1	-22	-20	cell = 528 to 535
-27	-9	-19	8	-44	-44	-10	-19	cell = 536 to 543
-9	-26	-17	-23	-17	0	-16	-18	cell = 544 to 551
-45	9	-13	-26	7	-27	-28	-63	cell = 552 to 559
-48	4	7	-1	-32	-18	-14	53	cell = 560 to 567
15	-19	-32	-40	-39	-58	-17	-11	cell = 568 to 575
-32	-27	-1	-10	-17	-42	-37	26	cell = 576 to 583
-24	-22	-47	5	-33	-32	12	-10	cell = 584 to 591
4	-37	13	-2	-16	-6	-14	-16	cell = 592 to 599
5	-45	-3	10	-2	-22	-65	-6	cell = 600 to 607
-19	8	-35	10	-42	-54	4	-8	cell = 608 to 615
-22	-46	8	-3	-4	-12	-12	-7	cell = 616 to 623
-29	-19	-24	-31	4	-3	-23	-24	cell = 624 to 631
-22	10	-45	-8	-3	-13	25	33	cell = 632 to 639
-5	6	-27	9	-30	-32	-41	-34	cell = 640 to 647
-5	28	-16	37	-4	9	-14	-16	cell = 648 to 655
-9	-40	-60	0	6	-12	-35	-12	cell = 656 to 663
-50	-6	-36	-41	-34	-18	-8	-30	cell = 664 to 671
-33	-7	11	-43	-10	-18	-34	-19	cell = 672 to 679
19	8	-33	28	-35	-8	-20	-12	cell = 680 to 687
-60	7	-3	-11	-5	-29	-6	-6	cell = 688 to 695
3	-18	-39	-14	-13	-8	5	-38	cell = 696 to 703
7	-3	32	-17	-32	18	-26	-39	cell = 704 to 711
26	-10	-58	-52	-42	31	-44	7	cell = 712 to 719
-36	-19	-40	21	3	-57	-45	-30	cell = 720 to 727
-21	17	-48	-37	-20	3	-18	-12	cell = 728 to 735
-27	8	11	24	-18	-14	-48	24	cell = 736 to 743
-19	-11	-58	-16	-18	-33	-14	-17	cell = 744 to 751
-30	4	-1	-38	-27	15	-3	4	cell = 752 to 759
-23	-48	-27	-10	-26	-42	-7	-49	cell = 760 to 767
-10	0	-21	-53	-7	-33	-28	-17	cell = 768 to 775
-20	-20	-31	-18	-20	13	-31	20	cell = 776 to 783
-40	-28	-30	-23	-6	1	-26	25	cell = 784 to 791
-2	-39	-64	-1	-10	-10	-14	-26	cell = 792 to 799
27	0	-4	13	-15	-13	-5	6	cell = 800 to 807
-18	-9	-34	2	-33	-55	-61	-4	cell = 808 to 815
-4	-2	-36	-31	-19	-27	-18	32	cell = 816 to 823
-20	-40	-19	25	-42	17	-38	-36	cell = 824 to 831
35	-17	-20	-3	2	4	-14	0	cell = 832 to 839
0	-33	9	4	-27	13	0	12	cell = 840 to 847
-40	3	-11	8	-42	-27	-17	28	cell = 848 to 855
14	-2	-17	30	-35	-28	-47	0	cell = 856 to 863
-4	3	-15	-9	-26	15	-13	0	cell = 864 to 871
-13	-37	-28	16	-10	-18	-46	-5	cell = 872 to 879
6	4	-35	-23	-66	-17	-14	-32	cell = 880 to 887
-50	-25	-42	9	-40	-26	-18	7	cell = 888 to 895
-29	6	-61	-7	24	-29	-37	-14	cell = 896 to 903
4	-16	20	39	29	42	-7	3	cell = 904 to 911
-35	-3	-34	-4	27	-18	7	-5	cell = 912 to 919
-4	-20	-5	-7	-21	2	-22	-21	cell = 920 to 927
-39	-12	-14	-33	17	7	-27	-4	cell = 928 to 935
-32	-13	-30	-12	-4	-31	-14	-4	cell = 936 to 943
-9	-21	-50	-8	-34	-46	-20	-12	cell = 944 to 951
-34	-2	-31	-17	-28	-34	-20	27	cell = 952 to 959
-8	2	1	-16	0	-5	-52	-9	cell = 960 to 967
-34	-22	-31	-16	-19	13	12	-14	cell = 968 to 975
-5	-9	5	-7	-22	-58	-9	-31	cell = 976 to 983
-19	-29	10	-27	-43	-12	-53	-15	cell = 984 to 991
-11	-16	26	18	-36	-30	-29	-5	cell = 992 to 999
-33	-30	-13	-30	-14	-18	-6	-1	cell = 1000 to 1007
-16	-6	-47	-54	-9	-17	-57	-20	cell = 1008 to 1015
-38	-16	1	-4	-32	-17	-41	13	cell = 1016 to 1023
Calibration values from cell 0 to 1024 for channel 1:

76	-40	21	-31	35	33	30	25	cell = 0 to 7
36	-12	32	-38	23	-9	21	-29	cell = 8 to 15
48	-34	17	3	56	-29	29	-34	cell = 16 to 23
32	11	41	5	28	-42	32	-52	cell = 24 to 31
68	8	27	-20	32	-35	8	9	cell = 32 to 39
76	25	78	-24	25	-25	40	-11	cell = 40 to 47
54	-31	59	0	63	40	30	8	cell = 48 to 55
58	-32	66	-21	79	6	11	-1	cell = 56 to 63
47	-1	48	-16	39	13	43	2	cell = 64 to 71
31	-10	58	-18	47	-35	58	10	cell = 72 to 79
90	-36	23	-2	61	-6	39	-35	cell = 80 to 87
6	-3	83	-18	45	45	63	-11	cell = 88 to 95
59	-66	-14	-23	22	-9	71	-50	cell = 96 to 103
26	-18	59	-2	55	-9	29	26	cell = 104 to 111
58	17	20	-35	51	23	78	-25	cell = 112 to 119
9	-45	36	13	42	-42	27	-18	cell = 120 to 127
38	14	70	11	49	3	48	-10	cell = 128 to 135
32	7	34	-24	26	-18	40	13	cell = 136 to 143
38	5	44	-52	30	-15	49	4	cell = 144 to 151
0	19	60	10	17	10	74	-4	cell = 152 to 159
40	-21	60	-5	59	-14	35	39	cell = 160 to 167
43	-8	51	-9	53	-14	61	23	cell = 168 to 175
62	26	57	-10	23	-33	44	1	cell = 176 to 183
61	-47	73	-19	46	34	44	-39	cell = 184 to 191
61	-28	38	35	9	-40	49	-17	cell = 192 to 199
7	16	19	2	40	-43	76	-5	cell = 200 to 207
55	5	58	-25	32	-26	17	-5	cell = 208 to 215
69	-22	53	-5	40	-7	41	10	cell = 216 to 223
39	-8	76	4	56	-2	77	-18	cell = 224 to 231
45	-17	52	-17	39	25	65	0	cell = 232 to 239
10	-22	23	-60	56	14	71	22	cell = 240 to 247
71	9	-11	-25	31	-16	76	-18	cell = 248 to 255
48	-13	45	-13	32	22	25	-27	cell = 256 to 263
43	-41	22	-21	43	4	87	6	cell = 264 to 271
22	-16	41	1	52	-22	63	-59	cell = 272 to 279
47	8	59	26	43	-22	78	-37	cell = 280 to 287
51	4	27	-23	102	-14	6	-31	cell = 288 to 295
42	1	8	31	36	-9	65	26	cell = 296 to 303
14	13	27	-13	38	26	55	27	cell = 304 to 311
43	-9	2	-35	57	8	47	-31	cell = 312 to 319
34	-40	54	16	47	26	14	-15	cell = 320 to 327
53	-17	53	12	36	-9	-29	-24	cell = 328 to 335
43	-10	57	31	46	10	50	12	cell = 336 to 343
53	8	61	-13	25	-6	44	6	cell = 344 to 351
27	11	34	-47	28	11	35	9	cell = 352 to 359
28	-37	27	-30	31	-2	49	-15	cell = 360 to 367
65	-4	40	17	0	-15	54	-46	cell = 368 to 375
67	17	67	11	42	40	9	13	cell = 376 to 383
44	11	54	-1	58	-14	24	-53	cell = 384 to 391
31	-24	19	-16	67	-18	50	46	cell = 392 to 399
51	-15	40	31	40	-32	43	-25	cell = 400 to 407
44	7	56	-9	85	-36	46	12	cell = 408 to 415
79	-8	65	-13	66	-3	34	-2	cell = 416 to 423
49	-7	36	8	49	31	53	1	cell = 424 to 431
59	-5	51	-10	55	21	8	-20	cell = 432 to 439
52	-4	54	-17	37	-10	35	-9	cell = 440 to 447
49	30	36	-7	32	24	28	-26	cell = 448 to 455
26	5	69	-45	23	4	45	-25	cell = 456 to 463
38	-20	73	-29	94	-35	42	-17	cell = 464 to 471
40	-4	39	30	55	2	40	-30	cell = 472 to 479
37	-24	41	6	62	-35	30	-16	cell = 480 to 487
71	-31	45	-3	60	-21	61	7	cell = 488 to 495
55	-14	-20	-89	-75	-67	-80	-87	cell = 496 to 503
59	-3	36	2	52	10	29	-8	cell = 504 to 511
31	-10	-22	-31	-27	-26	-22	-43	cell = 512 to 519
-43	-35	-36	-4	42	-39	-3	1	cell = 520 to 527
-37	-42	-26	-25	-11	-23	0	-3	cell = 528 to 535
-16	-38	-34	-10	-32	11	-18	-16	cell = 536 to 543
-2	-8	-15	-26	-44	-11	1	-16	cell = 544 to 551
1	-33	-11	4	-19	-32	-25	8	cell = 552 to 559
10	3	-49	23	-7	-7	-66	8	cell = 560 to 567
18	-24	-37	28	9	-13	15	23	cell = 568 to 575
-10	22	-10	-6	-6	-30	-13	-17	cell = 576 to 583
6	-49	2	5	-41	-9	-41	-3	cell = 584 to 591
3	-31	-31	-12	-7	-26	-40	6	cell = 592 to 599
-16	-7	-66	4	-45	-6	-34	-35	cell = 600 to 607
-14	-4	2	-36	-19	-50	-47	5	cell = 608 to 615
-29	16	4	-32	-5	0	-7	-6	cell = 616 to 623
-43	-31	-2	18	-1	-21	-30	-31	cell = 624 to 631
-33	20	-10	-42	-16	8	-27	-9	cell = 632 to 639
-34	-3	6	-38	-31	-47	-35	-20	cell = 640 to 647
-22	5	34	-11	9	-8	-31	1	cell = 648 to 655
2	-52	16	-11	-14	-25	-19	-24	cell = 656 to 663
-43	-40	-37	-31	-24	-27	-16	-43	cell = 664 to 671
-32	-35	-20	35	-19	-28	-12	-5	cell = 672 to 679
12	-12	-53	15	16	-43	-21	-24	cell = 680 to 687
-6	-24	-30	-1	19	-39	-34	-35	cell = 688 to 695
-51	-51	-50	-16	-15	-33	-45	-18	cell = 696 to 703
-9	-51	-24	2	-29	-33	-25	-22	cell = 704 to 711
-4	-1	-12	-54	-40	9	-42	-26	cell = 712 to 719
5	-10	-17	-14	-13	-28	32	-43	cell = 720 to 727
-21	-12	-34	10	-64	9	-32	-8	cell = 728 to 735
-46	-9	-8	-42	-3	9	-17	-13	cell = 736 to 743
-15	-32	-34	-5	-12	6	-40	10	cell = 744 to 751
1	-32	-53	-32	-23	13	17	-9	cell = 752 to 759
-50	-2	-59	-12	-12	-36	5	20	cell = 760 to 767
-26	-22	1	5	29	0	-9	-23	cell = 768 to 775
-36	-37	-30	-24	-15	-5	-30	-33	cell = 776 to 783
-15	21	11	4	23	-4	8	5	cell = 784 to 791
-40	-32	-22	-34	-57	-24	-15	0	cell = 792 to 799
-18	-3	-21	9	-22	-16	18	3	cell = 800 to 807
-7	-1	-10	17	-36	-13	-43	17	cell = 808 to 815
-40	-21	10	-17	12	-44	0	10	cell = 816 to 823
4	-22	-37	-43	-32	-13	-32	-32	cell = 824 to 831
-34	-4	-50	-24	22	-28	-36	2	cell = 832 to 839
-32	-36	1	-26	-44	-52	-4	-3	cell = 840 to 847
-27	-27	7	-19	-7	25	-27	34	cell = 848 to 855
-29	-24	-10	3	-26	-21	-24	-40	cell = 856 to 863
16	-26	-47	-3	-33	6	-43	58	cell = 864 to 871
-28	-23	-12	-8	-10	-3	-5	3	cell = 872 to 879
-37	26	5	21	4	-23	-40	-8	cell = 880 to 887
-14	-27	-40	-27	1	-12	-14	-6	cell = 888 to 895
-5	-3	-14	-28	-31	8	2	-27	cell = 896 to 903
-32	5	-60	10	-53	-26	-12	-14	cell = 904 to 911
-52	-42	0	12	-50	-38	-21	-29	cell = 912 to 919
7	-16	-18	-34	-26	29	-22	-34	cell = 920 to 927
-6	-9	-10	-31	10	-25	-39	3	cell = 928 to 935
-41	-66	-18	-2	-57	-11	-47	-36	cell = 936 to 943
-5	8	0	-4	-23	-34	-27	-2	cell = 944 to 951
-34	-34	-10	-9	-40	12	-18	4	cell = 952 to 959
38	7	5	-35	-35	-51	-30	-20	cell = 960 to 967
-9	-40	-4	-17	-51	-38	0	-36	cell = 968 to 975
-38	16	-26	-7	16	-15	-26	15	cell = 976 to 983
-40	0	-2	-27	-22	-63	-41	-37	cell = 984 to 991
-36	-22	18	-17	-45	2	8	-22	cell = 992 to 999
-31	-13	-63	-41	-32	-30	-37	5	cell = 1000 to 1007
23	4	-46	-49	-32	-40	-63	-63	cell = 1008 to 1015
-22	-39	-18	-30	-29	-26	-17	-33	cell = 1016 to 1023
Calibration values from cell 0 to 1024 for channel 2:

53	-27	59	7	51	-24	13	26	cell = 0 to 7
19	16	46	-40	53	5	55	17	cell = 8 to 15
38	-45	41	-46	47	0	55	-6	cell = 16 to 23
32	-61	20	-7	34	-21	-31	-35	cell = 24 to 31
86	10	59	-1	17	-18	47	14	cell = 32 to 39
47	35	32	27	45	-28	38	-28	cell = 40 to 47
47	45	50	2	7	13	78	12	cell = 48 to 55
-17	9	24	-3	-5	-59	7	-9	cell = 56 to 63
70	-10	49	7	31	2	61	-15	cell = 64 to 71
53	-35	36	-7	8	-3	82	-38	cell = 72 to 79
20	-30	72	-12	47	-2	7	13	cell = 80 to 87
36	18	44	-26	37	-7	37	-11	cell = 88 to 95
32	14	27	-29	24	-26	12	-11	cell = 96 to 103
42	9	42	8	82	7	22	-10	cell = 104 to 111
43	-22	9	-5	41	-6	29	-18	cell = 112 to 119
28	1	26	8	37	13	27	-11	cell = 120 to 127
61	30	24	5	34	-20	31	-24	cell = 128 to 135
55	2	47	8	32	3	23	10	cell = 136 to 143
12	-14	58	19	49	-20	75	-5	cell = 144 to 151
35	-6	28	19	18	12	47	12	cell = 152 to 159
11	-4	38	-15	40	15	47	-10	cell = 160 to 167
33	-31	68	-19	14	-26	51	-29	cell = 168 to 175
42	-4	38	-5	66	0	97	8	cell = 176 to 183
65	-24	47	-46	51	-9	49	-39	cell = 184 to 191
37	13	36	-22	73	14	63	11	cell = 192 to 199
10	-2	7	-9	77	-30	25	9	cell = 200 to 207
38	-40	39	-45	25	18	16	-10	cell = 208 to 215
36	-12	56	5	49	-23	55	-26	cell = 216 to 223
37	8	50	-23	89	13	24	-19	cell = 224 to 231
16	3	16	-31	69	-23	73	-12	cell = 232 to 239
43	-27	18	28	36	3	41	-16	cell = 240 to 247
34	-12	50	-9	57	-5	71	0	cell = 248 to 255
43	-11	10	-15	44	-15	68	-36	cell = 256 to 263
48	7	81	-18	54	-2	32	-21	cell = 264 to 271
27	9	18	-20	19	-6	34	6	cell = 272 to 279
31	35	57	-23	25	2	0	-23	cell = 280 to 287
49	11	35	22	48	-9	33	1	cell = 288 to 295
18	-31	52	-2	35	27	29	-19	cell = 296 to 303
51	11	37	13	50	-16	62	-9	cell = 304 to 311
56	-40	6	-15	30	-2	36	-24	cell = 312 to 319
19	12	79	-23	77	-12	53	13	cell = 320 to 327
25	6	57	-26	45	-22	4	0	cell = 328 to 335
53	18	49	-22	71	11	49	3	cell = 336 to 343
78	-31	16	-19	69	-3	15	-20	cell = 344 to 351
32	20	60	-40	60	-35	52	12	cell = 352 to 359
52	1	48	1	63	-17	13	-22	cell = 360 to 367
83	22	60	-29	60	2	62	7	cell = 368 to 375
2	3	22	-16	33	-5	18	21	cell = 376 to 383
61	23	71	21	55	-9	29	-4	cell = 384 to 391
68	9	39	-7	4	-23	54	8	cell = 392 to 399
63	-32	51	-17	10	-14	85	2	cell = 400 to 407
29	-15	78	0	20	14	39	-26	cell = 408 to 415
22	5	19	17	11	-58	37	3	cell = 416 to 423
55	-5	30	-20	79	0	17	10	cell = 424 to 431
39	-43	72	5	76	-16	43	10	cell = 432 to 439
34	0	2	-26	63	-31	65	-12	cell = 440 to 447
77	-16	67	-50	38	-3	30	-14	cell = 448 to 455
9	28	92	14	78	-21	61	-27	cell = 456 to 463
38	-7	31	14	59	2	39	36	cell = 464 to 471
55	32	80	-19	41	-28	50	-10	cell = 472 to 479
39	-8	13	6	2	-26	14	2	cell = 480 to 487
40	9	51	-40	40	-27	44	-56	cell = 488 to 495
-8	17	-17	-68	3	-98	-51	-103	cell = 496 to 503
39	-6	47	-7	44	-25	36	-18	cell = 504 to 511
-5	10	-33	2	5	6	-54	-6	cell = 512 to 519
-2	-32	-15	-14	-48	-29	-63	2	cell = 520 to 527
-7	-15	-50	-26	12	-17	-43	-3	cell = 528 to 535
-12	-8	-33	-7	-14	-29	-8	-28	cell = 536 to 543
-12	16	-51	-17	-3	-15	-20	2	cell = 544 to 551
11	-12	-33	-50	-48	-36	-21	-28	cell = 552 to 559
13	-3	0	7	4	-3	-1	-8	cell = 560 to 567
33	7	-48	-15	-29	-8	10	-10	cell = 568 to 575
7	12	-29	-50	-44	-20	-28	1	cell = 576 to 583
32	-4	-48	13	-13	27	-35	-5	cell = 584 to 591
-8	-2	-18	19	-20	16	-3	4	cell = 592 to 599
-7	-19	-10	-6	-12	-18	-34	9	cell = 600 to 607
-17	-8	15	-21	-26	-59	19	-23	cell = 608 to 615
-7	37	-9	9	-41	-44	14	-29	cell = 616 to 623
-16	-23	-5	-31	20	-44	-41	-47	cell = 624 to 631
-24	1	-21	-26	-8	-23	9	-42	cell = 632 to 639
-19	-19	-11	-4	-42	-29	-38	-16	cell = 640 to 647
-37	5	-5	-12	8	-37	-27	-5	cell = 648 to 655
-22	-8	-12	2	-27	-31	-43	2	cell = 656 to 663
-58	-24	-10	-7	2	-3	-15	-9	cell = 664 to 671
-4	21	-20	-50	-10	-2	-31	0	cell = 672 to 679
-24	2	-15	-60	-9	-44	-30	-3	cell = 680 to 687
-21	0	0	-8	-19	17	-51	1	cell = 688 to 695
-8	0	-21	27	-10	-39	2	-6	cell = 696 to 703
-49	16	7	3	-39	-5	-18	-9	cell = 704 to 711
-13	-27	16	-7	-21	-12	-25	23	cell = 712 to 719
-25	-16	-35	-26	-12	-16	-25	-12	cell = 720 to 727
0	8	4	-45	-38	-24	-26	-55	cell = 728 to 735
-30	3	-26	-28	-27	32	-25	-14	cell = 736 to 743
-15	0	-18	1	-19	-20	-5	-47	cell = 744 to 751
-23	19	-31	-2	-17	-10	-3	-10	cell = 752 to 759
-36	-12	-36	-3	-2	-21	-8	-22	cell = 760 to 767
2	-19	4	-41	-18	-20	-10	-30	cell = 768 to 775
-38	0	-29	-14	3	-44	-24	-21	cell = 776 to 783
-5	-25	-10	-17	-11	-15	-60	-30	cell = 784 to 791
-3	-17	-23	-38	4	-40	-11	12	cell = 792 to 799
-31	-25	-37	-25	-34	-52	27	-27	cell = 800 to 807
-4	-22	0	-20	-13	-22	-6	20	cell = 808 to 815
-11	-26	17	-55	-50	9	3	4	cell = 816 to 823
-31	-44	-43	1	-18	27	-49	20	cell = 824 to 831
-8	-41	-34	2	-14	-4	-58	-28	cell = 832 to 839
-17	17	-35	-3	-30	-1	-31	3	cell = 840 to 847
-12	-19	-21	-45	-16	-19	24	-29	cell = 848 to 855
-7	-41	-29	2	-42	-11	-23	-2	cell = 856 to 863
-12	13	11	-13	-7	-25	-41	-3	cell = 864 to 871
-44	-48	-12	-11	-24	-15	3	-33	cell = 872 to 879
-21	-49	-1	17	6	1	-5	-26	cell = 880 to 887
-2	-23	-34	-22	-13	-16	-27	26	cell = 888 to 895
-53	-35	-15	-11	11	16	-28	-40	cell = 896 to 903
-12	-88	-10	31	-2	48	-8	6	cell = 904 to 911
11	-43	-20	18	-64	23	-36	-13	cell = 912 to 919
-38	-17	-47	-25	-41	-6	-27	-27	cell = 920 to 927
-53	-21	-26	-33	-12	-42	-6	-30	cell = 928 to 935
-40	-23	-18	-7	10	-68	-51	-46	cell = 936 to 943
-44	-62	-38	-42	-43	-50	-41	-8	cell = 944 to 951
-3	-7	-41	-22	-34	-2	-5	5	cell = 952 to 959
-18	-13	-1	9	-23	12	-12	-25	cell = 960 to 967
7	6	-13	-25	25	-3	-3	0	cell = 968 to 975
5	-30	-37	-50	-20	9	-32	-17	cell = 976 to 983
-29	-35	-8	-3	-58	-67	-58	-28	cell = 984 to 991
-19	-23	-31	-11	-15	-7	5	2	cell = 992 to 999
-8	-34	-47	4	-38	17	-8	-27	cell = 1000 to 1007
-29	-16	-23	-25	-28	-28	-20	-30	cell = 1008 to 1015
9	-10	29	15	-9	-25	-18	-14	cell = 1016 to 1023
Calibration values from cell 0 to 1024 for channel 3:

23	9	73	-8	63	12	59	1	cell = 0 to 7
12	-22	75	-8	36	-40	31	4	cell = 8 to 15
90	16	83	-6	1	10	50	-38	cell = 16 to 23
45	-10	17	-42	18	-45	65	-19	cell = 24 to 31
37	10	63	12	35	-11	51	-13	cell = 32 to 39
48	-16	63	-15	19	-6	78	0	cell = 40 to 47
17	6	31	3	53	-15	50	-11	cell = 48 to 55
37	-30	43	-12	0	0	44	40	cell = 56 to 63
45	0	46	-21	62	-61	18	-24	cell = 64 to 71
55	-1	66	-26	27	15	50	-32	cell = 72 to 79
73	-22	51	7	106	-26	82	-26	cell = 80 to 87
53	25	50	-6	55	-22	27	21	cell = 88 to 95
34	-36	11	-12	11	-26	-7	-32	cell = 96 to 103
2	12	28	-23	13	-17	44	31	cell = 104 to 111
50	25	50	-33	15	-1	51	-6	cell = 112 to 119
71	0	58	-25	24	2	8	-26	cell = 120 to 127
54	2	33	0	17	2	58	-37	cell = 128 to 135
45	-46	-11	-16	3	-24	71	-7	cell = 136 to 143
54	52	77	-31	54	-17	47	5	cell = 144 to 151
76	18	40	-6	51	-39	46	-28	cell = 152 to 159
83	4	51	-55	51	14	39	-2	cell = 160 to 167
33	24	17	-12	89	-32	54	19	cell = 168 to 175
62	21	33	-26	13	29	61	-36	cell = 176 to 183
47	-40	11	-22	53	-26	38	21	cell = 184 to 191
56	17	50	19	8	-12	54	-19	cell = 192 to 199
38	5	47	12	48	-10	90	-30	cell = 200 to 207
48	-30	44	-55	37	-26	83	-35	cell = 208 to 215
31	-24	53	-20	35	-14	38	-6	cell = 216 to 223
32	-7	39	-44	103	-4	81	-11	cell = 224 to 231
85	1	37	-22	52	-4	57	16	cell = 232 to 239
15	-5	75	0	41	-20	30	8	cell = 240 to 247
39	9	1	13	35	-15	84	-34	cell = 248 to 255
52	-17	49	6	20	-2	61	14	cell = 256 to 263
8	-9	48	9	41	-9	26	-34	cell = 264 to 271
45	-20	42	-24	90	19	83	-36	cell = 272 to 279
37	-35	27	-44	41	-50	29	-37	cell = 280 to 287
54	-14	68	-13	38	-6	36	-32	cell = 288 to 295
40	15	63	-3	18	52	54	26	cell = 296 to 303
45	4	1	-20	80	11	35	-24	cell = 304 to 311
58	-33	26	4	70	22	50	-4	cell = 312 to 319
55	-26	48	-18	35	-20	51	3	cell = 320 to 327
22	26	47	3	66	-6	16	-17	cell = 328 to 335
56	14	35	-20	59	9	80	-2	cell = 336 to 343
62	-31	44	3	83	-16	66	-25	cell = 344 to 351
33	27	68	-5	76	17	46	-3	cell = 352 to 359
37	-36	30	-34	3	-5	98	45	cell = 360 to 367
87	-43	56	6	51	-38	41	-24	cell = 368 to 375
34	-23	37	-18	30	14	45	-14	cell = 376 to 383
35	-11	48	-23	71	-17	43	-26	cell = 384 to 391
44	3	67	-11	41	35	28	8	cell = 392 to 399
20	11	17	-12	45	-10	51	-52	cell = 400 to 407
32	-48	21	-66	21	19	39	-1	cell = 408 to 415
28	-21	62	-15	26	-27	30	-27	cell = 416 to 423
26	-3	54	46	45	7	54	33	cell = 424 to 431
28	-21	48	-12	32	-26	40	-14	cell = 432 to 439
30	-11	81	-29	59	4	44	-46	cell = 440 to 447
25	-9	59	9	11	-11	47	-14	cell = 448 to 455
19	-10	62	-9	19	-45	6	-34	cell = 456 to 463
32	2	61	39	56	10	78	-34	cell = 464 to 471
51	-38	17	-17	73	-44	55	0	cell = 472 to 479
45	55	36	-32	26	14	38	-26	cell = 480 to 487
-2	16	11	-43	34	-41	43	-18	cell = 488 to 495
49	1	-28	-52	-33	-111	-22	-93	cell = 496 to 503
24	15	60	-35	77	-15	65	-31	cell = 504 to 511
-12	-9	-35	-52	-3	13	-36	-17	cell = 512 to 519
-11	-48	-26	-20	-29	-19	32	-21	cell = 520 to 527
-27	-17	8	-39	1	8	3	-32	cell = 528 to 535
-66	-5	-26	-10	-18	-5	-3	-17	cell = 536 to 543
-34	-28	-32	2	-16	-23	2	-22	cell = 544 to 551
-14	-89	-30	2	-43	1	-57	-34	cell = 552 to 559
-2	-16	-23	4	-32	-22	-9	-1	cell = 560 to 567
-30	-51	-59	9	-8	-25	-18	-6	cell = 568 to 575
-20	41	-35	-10	-13	-24	4	-27	cell = 576 to 583
-18	-11	-19	-15	-43	2	-33	-24	cell = 584 to 591
-33	7	4	5	-21	-10	-24	-15	cell = 592 to 599
1	16	-18	-10	-24	-52	5	-10	cell = 600 to 607
-13	-9	7	-28	-10	-40	-45	-19	cell = 608 to 615
-22	-44	-23	-12	-45	-14	-39	-33	cell = 616 to 623
-8	-23	-34	-33	-32	-11	-13	-46	cell = 624 to 631
30	-10	-7	-2	-53	-14	-22	-10	cell = 632 to 639
-16	18	-38	-23	55	-34	-20	-43	cell = 640 to 647
-24	-19	14	-17	5	-23	0	12	cell = 648 to 655
-65	11	4	-12	17	28	-19	-4	cell = 656 to 663
-59	-40	-4	-4	-9	-21	-27	13	cell = 664 to 671
-25	2	-35	-32	14	-44	3	8	cell = 672 to 679
-9	-6	25	-8	-9	-23	15	-4	cell = 680 to 687
10	-12	-11	-16	0	-36	-24	-11	cell = 688 to 695
-31	-25	-30	-18	-33	-6	-16	-57	cell = 696 to 703
-51	3	-36	-13	-12	-28	-25	32	cell = 704 to 711
-32	-31	-24	-24	-43	-10	-5	-20	cell = 712 to 719
13	16	-5	-7	4	9	-37	-2	cell = 720 to 727
-13	-12	-19	14	-23	41	-3	33	cell = 728 to 735
-8	-51	0	19	38	-36	-14	-52	cell = 736 to 743
17	-18	28	-14	-49	8	-45	5	cell = 744 to 751
-25	0	-36	-28	12	-2	-41	-11	cell = 752 to 759
-18	-53	-27	-10	-4	9	-28	-3	cell = 760 to 767
-8	8	-12	8	-10	7	-41	2	cell = 768 to 775
-31	19	-14	9	-3	19	18	0	cell = 776 to 783
-45	-20	3	3	5	12	-37	-26	cell = 784 to 791
-14	-7	-6	-23	-22	-33	-3	-69	cell = 792 to 799
9	-8	17	14	-24	11	-8	12	cell = 800 to 807
-37	-19	-19	-14	-2	-65	-25	-5	cell = 808 to 815
-10	-9	-20	-34	20	-8	3	-3	cell = 816 to 823
-12	27	-38	-31	-27	-32	11	-8	cell = 824 to 831
17	3	-25	-4	-20	16	-7	-30	cell = 832 to 839
-26	-38	-29	27	-62	-3	-17	18	cell = 840 to 847
8	-8	-16	-43	-16	-57	3	-5	cell = 848 to 855
0	-54	-24	-28	-28	-42	-6	-16	cell = 856 to 863
-30	1	-11	4	-6	-55	-38	-25	cell = 864 to 871
-30	-17	-17	13	-21	-15	-31	-28	cell = 872 to 879
-10	-42	19	-3	2	-58	0	14	cell = 880 to 887
-20	-13	-37	-51	-24	-18	13	-24	cell = 888 to 895
-69	-28	-20	-51	-42	-3	-31	-22	cell = 896 to 903
-70	-25	-6	-2	-65	3	-41	-41	cell = 904 to 911
-11	15	-43	-29	-3	-28	-55	-25	cell = 912 to 919
-33	-30	-15	-29	24	-31	14	-1	cell = 920 to 927
-31	-33	-39	-32	26	3	-22	0	cell = 928 to 935
-70	-9	-29	-13	6	13	-26	-32	cell = 936 to 943
-33	-11	5	-6	1	-36	-26	-32	cell = 944 to 951
-49	-5	-20	-18	-2	-14	-26	14	cell = 952 to 959
-55	-16	-33	8	-3	-39	-37	-24	cell = 960 to 967
-18	-50	-33	-48	-54	31	-76	6	cell = 968 to 975
-25	-34	-61	12	-31	-3	-31	5	cell = 976 to 983
-37	-2	-32	-28	1	-24	-39	0	cell = 984 to 991
3	-19	-27	5	-36	-23	-40	5	cell = 992 to 999
-41	-48	-50	-3	-20	-38	-59	-10	cell = 1000 to 1007
2	18	-5	-10	-31	-42	-25	-30	cell = 1008 to 1015
-33	-18	-68	30	-17	20	-27	-7	cell = 1016 to 1023
Calibration values from cell 0 to 1024 for channel 4:

61	-6	84	-39	43	-27	38	-6	cell = 0 to 7
2	-55	15	5	41	19	47	-37	cell = 8 to 15
69	10	73	-33	19	28	47	-9	cell = 16 to 23
-9	-35	63	-24	63	15	34	-5	cell = 24 to 31
35	-11	70	-14	45	-39	90	-9	cell = 32 to 39
30	4	18	-47	21	-5	65	-26	cell = 40 to 47
53	47	77	-23	12	-23	35	38	cell = 48 to 55
49	-4	22	6	2	-9	1	-20	cell = 56 to 63
59	9	53	11	54	5	47	22	cell = 64 to 71
30	17	35	-2	64	14	24	-42	cell = 72 to 79
23	-6	51	0	44	-28	16	-15	cell = 80 to 87
30	-20	42	-4	18	-9	43	5	cell = 88 to 95
60	-6	53	-15	31	-2	33	-27	cell = 96 to 103
72	34	31	13	57	-32	61	-3	cell = 104 to 111
62	-30	78	6	22	12	10	-20	cell = 112 to 119
55	22	20	17	56	8	49	-23	cell = 120 to 127
6	22	62	-38	-1	-22	32	7	cell = 128 to 135
72	-2	54	-19	45	33	56	-6	cell = 136 to 143
53	11	63	42	72	-19	16	8	cell = 144 to 151
37	-17	74	-31	33	7	44	41	cell = 152 to 159
16	15	60	-37	52	-24	19	-18	cell = 160 to 167
47	11	29	4	57	-6	32	-12	cell = 168 to 175
48	-20	50	9	35	-29	21	-4	cell = 176 to 183
69	-25	58	-52	53	-40	23	-37	cell = 184 to 191
85	16	39	-10	60	-2	45	-23	cell = 192 to 199
79	12	12	-39	17	14	13	-21	cell = 200 to 207
31	28	73	9	38	15	37	5	cell = 208 to 215
30	-17	40	16	35	-9	40	-56	cell = 216 to 223
43	-5	55	-46	-3	18	58	9	cell = 224 to 231
-6	-20	35	-21	23	21	69	7	cell = 232 to 239
60	-54	16	0	26	33	66	-28	cell = 240 to 247
72	-6	-4	-36	12	9	48	-17	cell = 248 to 255
62	20	61	-14	19	21	38	-28	cell = 256 to 263
29	-2	38	8	44	-15	66	38	cell = 264 to 271
17	-20	31	-21	61	-13	51	10	cell = 272 to 279
-16	-9	5	-26	81	-23	13	-33	cell = 280 to 287
76	17	46	16	6	8	66	16	cell = 288 to 295
26	-5	54	-16	57	-9	70	-2	cell = 296 to 303
35	-12	24	-15	46	-35	26	14	cell = 304 to 311
39	13	37	0	9	-37	35	-33	cell = 312 to 319
68	18	40	-8	13	-15	28	7	cell = 320 to 327
31	-43	32	34	19	-20	66	33	cell = 328 to 335
33	39	37	-51	28	37	29	-6	cell = 336 to 343
69	-5	13	-5	57	19	37	-26	cell = 344 to 351
55	-16	32	-31	13	4	32	5	cell = 352 to 359
20	2	26	2	54	-10	36	40	cell = 360 to 367
46	-22	32	-51	45	-6	49	0	cell = 368 to 375
44	18	18	-14	76	-15	47	2	cell = 376 to 383
50	32	59	-21	51	-2	37	-12	cell = 384 to 391
45	6	44	-1	28	16	82	6	cell = 392 to 399
75	0	51	-20	52	-32	48	-47	cell = 400 to 407
62	-7	60	-45	27	19	8	-10	cell = 408 to 415
59	-23	50	11	74	-2	23	-32	cell = 416 to 423
49	-16	30	32	21	-35	48	13	cell = 424 to 431
28	6	49	-5	17	-33	33	13	cell = 432 to 439
5	-8	53	-12	32	-15	56	-5	cell = 440 to 447
65	-33	24	-6	63	-52	72	-11	cell = 448 to 455
5	-40	9	-15	37	4	35	-14	cell = 456 to 463
66	-26	48	-2	65	16	13	3	cell = 464 to 471
28	28	46	-27	68	-5	43	24	cell = 472 to 479
67	38	46	-54	18	-19	20	-14	cell = 480 to 487
53	-6	65	3	31	15	37	-20	cell = 488 to 495
48	2	-3	-65	-13	-48	-28	-56	cell = 496 to 503
50	-3	7	-33	49	-45	15	-21	cell = 504 to 511
-16	-29	-34	19	-58	22	-64	-31	cell = 512 to 519
8	-26	-44	2	-21	15	9	-9	cell = 520 to 527
-32	-33	-37	3	-51	8	-3	-21	cell = 528 to 535
-21	-3	-51	-41	16	-16	-8	-22	cell = 536 to 543
-42	-25	6	-17	-25	-36	-33	-55	cell = 544 to 551
-6	-19	-39	32	-33	-41	-39	6	cell = 552 to 559
11	6	-9	-7	0	11	-72	-23	cell = 560 to 567
-27	-16	8	-19	10	-27	17	1	cell = 568 to 575
3	-9	-9	-1	-4	-10	-43	-5	cell = 576 to 583
9	-30	-42	1	-1	-2	-19	-28	cell = 584 to 591
-32	5	37	-28	-8	-32	29	-14	cell = 592 to 599
-29	-16	-54	42	17	10	-62	5	cell = 600 to 607
-30	-12	-25	3	-13	-35	-21	-1	cell = 608 to 615
3	-26	37	-17	-8	-4	-15	-13	cell = 616 to 623
-8	-9	-26	-26	-34	-41	5	-46	cell = 624 to 631
5	-35	3	0	-46	3	-31	0	cell = 632 to 639
2	-34	9	19	-26	9	-17	-50	cell = 640 to 647
0	-53	11	-5	-37	-27	-43	-14	cell = 648 to 655
-3	-14	-5	6	14	-5	-31	6	cell = 656 to 663
5	-6	-58	-14	-12	-26	-13	-17	cell = 664 to 671
10	-47	-28	-5	-7	-8	-22	-9	cell = 672 to 679
0	-27	4	-16	-17	-40	-11	-3	cell = 680 to 687
-9	11	3	40	3	-29	6	10	cell = 688 to 695
-10	1	-4	-11	-55	-28	4	1	cell = 696 to 703
-19	-36	-12	11	10	-49	-26	-31	cell = 704 to 711
-37	-57	-19	-13	1	-18	-30	-9	cell = 712 to 719
-14	3	-14	-20	10	-17	-42	-9	cell = 720 to 727
-12	13	-45	13	-43	-3	-42	-20	cell = 728 to 735
-29	1	-43	-7	-20	-16	-8	17	cell = 736 to 743
-7	-21	-3	-25	-53	-26	-48	-4	cell = 744 to 751
8	-20	0	-25	-26	-4	-52	6	cell = 752 to 759
-20	-62	-29	-12	-22	-1	-42	36	cell = 760 to 767
-23	-11	-27	10	-33	-35	-15	-30	cell = 768 to 775
-3	11	-25	14	-49	-26	-28	-31	cell = 776 to 783
-36	24	-30	-33	-34	30	-25	-27	cell = 784 to 791
-42	-9	-46	24	-39	19	-26	34	cell = 792 to 799
-41	-42	15	-23	-12	-6	-30	-19	cell = 800 to 807
-11	-35	-30	-1	-40	-1	-30	-28	cell = 808 to 815
-37	-4	-2	-21	-19	-31	-28	8	cell = 816 to 823
-18	-61	-42	4	1	4	-24	-47	cell = 824 to 831
11	-62	-2	43	-9	13	-40	-9	cell = 832 to 839
-34	11	-31	8	4	-5	-43	-14	cell = 840 to 847
-11	-26	-13	-29	-14	-27	26	13	cell = 848 to 855
-39	17	-4	-23	-21	-16	-25	-2	cell = 856 to 863
-47	-51	-10	-35	-42	-31	-19	18	cell = 864 to 871
38	-12	-28	-30	-2	-8	-61	4	cell = 872 to 879
-43	10	-36	-42	-1	6	-42	-24	cell = 880 to 887
-37	-22	-16	-24	-11	-62	-28	-14	cell = 888 to 895
-27	6	9	-44	-45	-56	-63	-7	cell = 896 to 903
-19	-19	-24	-29	-28	-7	-35	3	cell = 904 to 911
-24	14	-9	-89	-16	-38	-4	-28	cell = 912 to 919
-32	-54	-11	-10	-2	5	0	8	cell = 920 to 927
-62	-15	-27	22	-46	-33	-64	-66	cell = 928 to 935
-2	-34	-13	1	1	-23	-42	-23	cell = 936 to 943
-10	-7	-30	18	-32	-37	-24	-22	cell = 944 to 951
-20	-16	-43	25	5	-24	-66	-29	cell = 952 to 959
-65	-20	-10	-26	-32	-12	-50	17	cell = 960 to 967
-4	-8	-13	5	-14	-46	-26	-9	cell = 968 to 975
2	22	-31	1	-5	-4	-33	-25	cell = 976 to 983
-46	-19	-21	2	-40	-30	-54	-26	cell = 984 to 991
-15	-5	-5	4	5	-42	-12	-6	cell = 992 to 999
-13	-43	-46	2	-17	3	18	33	cell = 1000 to 1007
8	10	-4	5	2	-27	-42	-34	cell = 1008 to 1015
-14	8	-65	-18	-49	-21	-30	-18	cell = 1016 to 1023
Calibration values from cell 0 to 1024 for channel 5:

22	15	46	-24	20	46	55	-15	cell = 0 to 7
99	-37	46	-22	47	0	26	-29	cell = 8 to 15
66	17	25	-32	76	20	24	9	cell = 16 to 23
69	-10	46	-24	4	-38	-5	-17	cell = 24 to 31
47	17	14	-63	36	0	32	10	cell = 32 to 39
16	-19	64	-29	50	5	65	-4	cell = 40 to 47
29	21	52	-10	48	-28	65	-31	cell = 48 to 55
0	-14	60	-22	-12	4	58	6	cell = 56 to 63
13	18	52	-9	31	2	56	-15	cell = 64 to 71
39	-17	47	0	73	-23	25	-41	cell = 72 to 79
47	-33	32	5	63	-5	64	-7	cell = 80 to 87
56	-4	68	19	32	-7	86	14	cell = 88 to 95
27	3	33	-67	15	19	36	-23	cell = 96 to 103
82	27	50	2	45	-32	92	-20	cell = 104 to 111
53	-8	40	-59	50	-30	74	-8	cell = 112 to 119
14	-46	54	-8	29	-29	1	-1	cell = 120 to 127
85	8	47	3	37	-2	87	30	cell = 128 to 135
-5	5	34	-5	20	-7	11	-15	cell = 136 to 143
104	-15	50	-35	15	-5	44	0	cell = 144 to 151
36	8	51	-34	49	-7	46	7	cell = 152 to 159
21	15	18	-3	35	11	28	-2	cell = 160 to 167
56	-4	22	0	19	8	9	6	cell = 168 to 175
25	-66	64	3	46	-18	29	42	cell = 176 to 183
24	-2	41	6	15	-3	51	-12	cell = 184 to 191
56	-8	17	-14	31	-28	35	-45	cell = 192 to 199
61	-38	46	12	70	6	31	-37	cell = 200 to 207
32	16	20	27	54	17	41	-17	cell = 208 to 215
36	-9	45	-21	35	32	70	-10	cell = 216 to 223
39	0	33	14	57	-4	53	28	cell = 224 to 231
36	-17	33	9	98	0	55	-12	cell = 232 to 239
36	-19	48	-24	36	6	-3	-30	cell = 240 to 247
22	-42	67	-12	71	-41	52	23	cell = 248 to 255
33	33	90	19	16	1	27	-5	cell = 256 to 263
29	-22	75	-19	37	32	18	0	cell = 264 to 271
2	25	69	2	28	-34	47	-13	cell = 272 to 279
20	22	67	9	77	0	58	-16	cell = 280 to 287
44	-4	-6	-42	11	-42	43	-29	cell = 288 to 295
68	10	49	10	-16	18	33	-6	cell = 296 to 303
-3	-8	107	-8	22	-51	68	-73	cell = 304 to 311
33	-20	29	18	21	8	49	-11	cell = 312 to 319
8	-48	32	11	59	-12	8	-5	cell = 320 to 327
63	-19	35	0	52	-5	23	-9	cell = 328 to 335
26	-1	55	-26	5	-49	59	10	cell = 336 to 343
24	6	63	-17	43	-43	19	-2	cell = 344 to 351
29	-17	31	-4	27	1	42	31	cell = 352 to 359
26	4	46	-5	48	-5	34	-25	cell = 360 to 367
37	-1	33	16	48	0	62	-20	cell = 368 to 375
89	13	29	-11	36	-11	62	5	cell = 376 to 383
40	30	56	-11	24	-10	19	-28	cell = 384 to 391
16	-65	33	-24	32	10	38	-3	cell = 392 to 399
42	3	28	-13	18	-16	46	9	cell = 400 to 407
77	-29	23	-6	49	15	37	-7	cell = 408 to 415
66	-15	40	4	24	-2	5	-15	cell = 416 to 423
25	-45	4	-2	29	5	57	6	cell = 424 to 431
28	-23	44	10	35	-18	63	4	cell = 432 to 439
-3	9	45	-6	68	19	1	3	cell = 440 to 447
38	0	51	-56	34	-16	69	24	cell = 448 to 455
56	-10	43	-20	54	-25	36	1	cell = 456 to 463
33	3	78	-51	54	35	48	-11	cell = 464 to 471
28	47	53	-10	11	-22	63	-39	cell = 472 to 479
76	5	49	6	13	17	65	12	cell = 480 to 487
43	4	37	16	23	-8	12	-49	cell = 488 to 495
76	-27	-53	-47	-2	-82	0	-94	cell = 496 to 503
48	-40	1	-4	55	-18	31	-49	cell = 504 to 511
-9	-36	-51	29	-17	-35	23	-20	cell = 512 to 519
-6	-35	4	13	-38	12	-39	-19	cell = 520 to 527
-1	0	-36	6	-18	-33	-24	-8	cell = 528 to 535
-20	-42	-60	-13	-10	-6	-23	19	cell = 536 to 543
-40	-4	-16	-15	-34	-28	-45	2	cell = 544 to 551
-52	-7	-7	-2	-38	-4	-3	-14	cell = 552 to 559
-4	33	-35	-35	-32	-35	-12	-23	cell = 560 to 567
53	13	-42	-37	-35	-7	-36	-19	cell = 568 to 575
-46	-28	-12	-57	-23	-1	-28	-28	cell = 576 to 583
-9	-35	-45	-20	-14	0	-49	11	cell = 584 to 591
-29	-15	-39	-20	-3	8	-61	-10	cell = 592 to 599
15	-13	-27	-10	-20	-45	-27	-29	cell = 600 to 607
-31	-16	0	34	0	-3	-2	-8	cell = 608 to 615
-13	-40	-15	-9	-14	-53	34	-10	cell = 616 to 623
-13	-1	4	15	9	30	-12	-33	cell = 624 to 631
-33	16	-48	-29	-39	26	-48	-17	cell = 632 to 639
-11	2	-72	16	-33	5	-33	29	cell = 640 to 647
-17	-32	-40	23	12	11	-28	-33	cell = 648 to 655
-5	-38	-59	-20	23	-24	16	45	cell = 656 to 663
12	-15	6	-39	16	2	-11	-3	cell = 664 to 671
-27	-55	1	0	-12	-19	-16	-21	cell = 672 to 679
-33	-2	-53	-23	-10	-10	-35	-34	cell = 680 to 687
-24	3	0	-29	-22	-21	-29	-5	cell = 688 to 695
-46	-23	-8	-10	17	-44	-57	-29	cell = 696 to 703
-33	1	19	-10	-44	4	-8	-24	cell = 704 to 711
-20	-24	62	20	-12	-12	-1	-6	cell = 712 to 719
-24	-4	-26	-14	-34	2	-38	14	cell = 720 to 727
16	-6	-32	23	8	14	-53	-25	cell = 728 to 735
-54	11	25	-22	-35	-15	-21	19	cell = 736 to 743
-17	21	-56	-14	-21	-14	-35	-15	cell = 744 to 751
-35	-13	-13	-45	-5	-13	-18	-29	cell = 752 to 759
-39	-35	1	-40	13	7	-55	-15	cell = 760 to 767
-33	-22	1	28	6	4	-19	-2	cell = 768 to 775
-17	-34	-26	1	-39	-12	11	-17	cell = 776 to 783
-17	-27	16	15	-5	11	38	19	cell = 784 to 791
-8	4	-23	-43	10	3	-32	0	cell = 792 to 799
14	-31	-61	14	30	-29	-27	-8	cell = 800 to 807
-32	-11	-20	-24	-34	42	-10	-24	cell = 808 to 815
-25	-35	-8	-15	-55	0	-20	13	cell = 816 to 823
5	-31	-25	19	-14	-7	-22	1	cell = 824 to 831
-3	-26	-24	-6	-32	-32	-40	-43	cell = 832 to 839
-42	-25	18	-9	-17	-14	-47	-57	cell = 840 to 847
12	-22	1	-21	-13	3	-6	-11	cell = 848 to 855
-15	-18	-8	-63	-4	-39	-38	11	cell = 856 to 863
-14	-53	-29	-32	-40	-7	-14	-15	cell = 864 to 871
-18	-7	-2	-5	-17	20	-13	4	cell = 872 to 879
-18	-15	-21	2	-23	-11	-4	-10	cell = 880 to 887
-13	-11	-44	-8	-29	22	-1	-25	cell = 888 to 895
-24	15	5	0	-19	-68	-8	-33	cell = 896 to 903
-58	-19	-22	20	11	16	-18	2	cell = 904 to 911
0	10	-4	-17	-16	17	-55	22	cell = 912 to 919
4	-31	-57	-16	-11	2	-49	-36	cell = 920 to 927
-24	-19	-22	-20	12	-69	-35	-12	cell = 928 to 935
-24	-47	-4	-20	-22	8	-7	0	cell = 936 to 943
-4	-17	-6	-40	-54	-49	-19	-13	cell = 944 to 951
-38	6	-25	-18	-33	-32	-36	-8	cell = 952 to 959
-4	-22	-70	19	18	-28	-21	-33	cell = 960 to 967
-17	-19	-40	51	-43	-42	-19	-32	cell = 968 to 975
-53	-5	-47	2	-36	-44	-6	-14	cell = 976 to 983
-32	-9	-32	-17	-48	19	-28	-30	cell = 984 to 991
-44	-10	-54	15	-13	-20	-50	2	cell = 992 to 999
-33	-37	-19	6	21	-16	1	19	cell = 1000 to 1007
-23	-42	-17	5	-35	-14	-9	-8	cell = 1008 to 1015
-50	-11	-36	-2	-33	-29	16	-15	cell = 1016 to 1023
Calibration values from cell 0 to 1024 for channel 6:

43	-19	53	-43	49	13	88	-23	cell = 0 to 7
56	-38	77	25	27	11	49	-33	cell = 8 to 15
26	-14	45	-3	45	-38	15	-47	cell = 16 to 23
78	-5	31	-17	31	-41	45	-29	cell = 24 to 31
34	-7	38	29	23	-19	33	-4	cell = 32 to 39
14	5	64	-33	11	18	13	-13	cell = 40 to 47
25	3	58	-16	32	-9	69	-16	cell = 48 to 55
25	-3	40	-26	27	-41	63	7	cell = 56 to 63
60	12	104	6	32	5	39	7	cell = 64 to 71
37	12	45	-23	27	-28	79	-44	cell = 72 to 79
48	-31	62	-43	54	5	30	10	cell = 80 to 87
23	-27	45	-47	34	-9	29	-57	cell = 88 to 95
31	13	41	-38	41	-6	46	9	cell = 96 to 103
5	4	38	-34	54	5	67	-12	cell = 104 to 111
55	1	25	-18	27	-17	27	2	cell = 112 to 119
52	-4	17	6	72	-11	100	-13	cell = 120 to 127
33	11	57	-42	32	17	20	-38	cell = 128 to 135
23	-20	64	-17	42	-25	52	-44	cell = 136 to 143
16	10	43	-22	37	12	70	0	cell = 144 to 151
18	9	48	-32	34	-41	69	-22	cell = 152 to 159
76	-33	28	30	66	16	24	-12	cell = 160 to 167
50	13	18	-35	41	9	56	8	cell = 168 to 175
30	16	29	-4	42	-21	5	15	cell = 176 to 183
26	7	54	-33	54	-19	26	21	cell = 184 to 191
77	-8	0	-25	32	24	20	-14	cell = 192 to 199
32	-3	23	-7	44	7	62	-44	cell = 200 to 207
36	-32	38	-22	47	34	39	7	cell = 208 to 215
49	2	40	0	35	16	53	-29	cell = 216 to 223
24	-26	42	8	32	-17	27	15	cell = 224 to 231
44	23	30	13	45	6	34	30	cell = 232 to 239
17	4	62	17	23	7	48	5	cell = 240 to 247
19	-2	17	10	74	-6	26	-16	cell = 248 to 255
15	33	35	8	28	-25	58	-6	cell = 256 to 263
69	-40	15	23	18	-60	65	-39	cell = 264 to 271
70	-10	22	-25	59	-32	58	-22	cell = 272 to 279
5	-29	51	1	26	13	70	-4	cell = 280 to 287
85	-18	60	-39	10	-48	128	-52	cell = 288 to 295
46	-17	56	-9	62	-14	56	5	cell = 296 to 303
48	-17	45	3	46	19	58	-24	cell = 304 to 311
12	-2	-1	13	59	26	30	15	cell = 312 to 319
6	5	46	3	50	-30	44	2	cell = 320 to 327
31	13	43	6	37	16	61	-11	cell = 328 to 335
14	35	38	4	60	-14	48	-15	cell = 336 to 343
67	5	71	-13	49	46	20	10	cell = 344 to 351
42	-17	64	17	49	34	28	-2	cell = 352 to 359
25	-3	58	-40	72	-8	48	-27	cell = 360 to 367
25	34	42	-37	48	-38	54	-40	cell = 368 to 375
33	6	3	-55	91	50	44	31	cell = 376 to 383
18	5	81	13	57	18	37	26	cell = 384 to 391
96	-32	61	-17	72	21	86	-14	cell = 392 to 399
72	-17	30	-31	30	9	97	-13	cell = 400 to 407
60	-28	24	7	20	-16	51	-12	cell = 408 to 415
26	19	21	-12	-14	31	68	-35	cell = 416 to 423
21	-28	20	1	11	-14	68	-30	cell = 424 to 431
49	23	75	19	45	2	20	-28	cell = 432 to 439
47	0	74	10	71	-7	80	3	cell = 440 to 447
21	-15	46	-23	45	-1	49	32	cell = 448 to 455
42	-17	39	-25	51	-24	72	-31	cell = 456 to 463
3	-2	30	-14	42	-5	52	20	cell = 464 to 471
13	-41	30	15	60	-20	40	-13	cell = 472 to 479
38	-8	64	13	25	-18	25	-13	cell = 480 to 487
38	-40	50	5	22	15	49	-6	cell = 488 to 495
22	11	-18	-74	-19	-87	-18	-99	cell = 496 to 503
51	3	26	1	40	31	92	-6	cell = 504 to 511
-18	-5	-10	-7	-5	-19	-24	-46	cell = 512 to 519
-33	1	-31	-3	-13	-30	-35	9	cell = 520 to 527
-35	-17	-34	5	8	-8	1	-13	cell = 528 to 535
-22	15	-24	-1	-25	31	10	1	cell = 536 to 543
-9	-15	-13	-29	-24	-26	-50	-11	cell = 544 to 551
-52	-7	-6	-16	-34	-20	-32	-16	cell = 552 to 559
4	-12	-15	13	-10	-17	-14	20	cell = 560 to 567
-59	-37	2	-41	-48	-46	-9	-18	cell = 568 to 575
-30	-43	-28	-42	-32	-36	-32	-1	cell = 576 to 583
-48	-38	-24	5	-30	-29	-40	-11	cell = 584 to 591
-14	-10	-39	-22	2	2	-26	-22	cell = 592 to 599
-42	-22	-43	-2	-39	-13	-13	-28	cell = 600 to 607
-2	-45	-33	8	8	-18	-46	-85	cell = 608 to 615
-25	-69	-11	-6	-19	-3	-2	4	cell = 616 to 623
-18	17	-6	31	-30	-11	34	-38	cell = 624 to 631
-17	-50	-8	-50	-37	3	-6	-33	cell = 632 to 639
-27	-27	-19	13	-34	-35	-10	-16	cell = 640 to 647
-27	-8	24	-50	-5	-20	4	-22	cell = 648 to 655
8	28	4	-4	-31	-22	-24	8	cell = 656 to 663
-6	-12	-41	-15	-25	-12	23	-38	cell = 664 to 671
-6	6	27	-33	-12	-23	-3	10	cell = 672 to 679
4	-39	7	-30	5	18	-37	4	cell = 680 to 687
-22	-24	-27	-8	-4	2	12	-54	cell = 688 to 695
-21	-3	-65	-23	-12	21	-33	-6	cell = 696 to 703
-50	26	-38	-14	-58	-32	-17	-21	cell = 704 to 711
-10	-21	-24	-25	-24	-11	-47	-4	cell = 712 to 719
10	-24	-61	-49	-6	-30	-23	-10	cell = 720 to 727
-46	-24	-30	-44	-24	-26	-14	-43	cell = 728 to 735
5	-29	-10	-29	-54	2	-4	-2	cell = 736 to 743
11	-15	-11	-6	-45	12	-16	18	cell = 744 to 751
-35	-12	-25	-26	17	27	-9	-24	cell = 752 to 759
-18	17	-67	-21	-32	-6	-30	-25	cell = 760 to 767
-13	-27	-15	-21	-36	-8	-15	0	cell = 768 to 775
-19	4	-32	8	-13	-5	-4	-30	cell = 776 to 783
6	-15	-22	24	-45	-61	-34	0	cell = 784 to 791
-8	8	-10	-26	0	-23	-10	-46	cell = 792 to 799
-23	-39	18	24	-13	-25	-12	-21	cell = 800 to 807
-45	-15	-26	-6	6	14	-17	-16	cell = 808 to 815
-41	-11	-15	12	-11	-12	-41	-25	cell = 816 to 823
-8	-23	-55	-59	-29	-30	-7	-12	cell = 824 to 831
-62	-15	-43	-28	9	-10	-19	-16	cell = 832 to 839
-30	14	-6	-31	-40	6	7	-8	cell = 840 to 847
-14	-12	-2	-2	-41	1	-16	26	cell = 848 to 855
-4	-3	-16	0	-45	-18	-7	-3	cell = 856 to 863
-2	-7	-41	-35	-20	-14	-17	-32	cell = 864 to 871
-39	-21	-30	-5	23	15	-17	-23	cell = 872 to 879
-15	-14	-64	4	-23	-9	-18	27	cell = 880 to 887
-22	-11	-8	-6	15	-9	-4	-24	cell = 888 to 895
10	-25	-47	-34	-13	-20	-45	7	cell = 896 to 903
-61	0	3	-29	16	-29	-55	-33	cell = 904 to 911
-7	31	-40	-31	-40	-41	-54	42	cell = 912 to 919
-15	-20	-29	12	-3	-3	-64	-39	cell = 920 to 927
-13	-23	0	17	-8	-44	-24	-15	cell = 928 to 935
-82	-7	-31	-32	-23	-20	-15	18	cell = 936 to 943
-38	-52	-11	-24	-5	-50	-26	-33	cell = 944 to 951
31	-13	-9	21	-58	-46	-8	0	cell = 952 to 959
-3	11	-29	-18	-6	-11	5	-7	cell = 960 to 967
-10	-29	-70	-17	-17	2	-39	-7	cell = 968 to 975
-22	-41	-7	10	-9	-21	-14	-5	cell = 976 to 983
-16	-15	-56	8	-4	-27	-58	-18	cell = 984 to 991
-30	-1	-62	-18	-12	-2	-35	5	cell = 992 to 999
-50	-19	0	-4	-12	25	3	-18	cell = 1000 to 1007
-27	-25	15	-22	-7	7	-20	-15	cell = 1008 to 1015
-48	-27	-31	22	-5	-40	-48	1	cell = 1016 to 1023
Calibration values from cell 0 to 1024 for channel 7:

42	-34	33	-31	45	-40	38	-46	cell = 0 to 7
43	11	12	-33	15	-17	54	-4	cell = 8 to 15
61	-10	34	-32	26	-27	66	-22	cell = 16 to 23
27	-31	0	-5	37	-29	9	-47	cell = 24 to 31
34	-8	95	9	75	-2	74	7	cell = 32 to 39
33	-18	54	0	60	-16	49	18	cell = 40 to 47
23	16	50	-66	48	-33	6	6	cell = 48 to 55
35	-32	20	-9	49	-2	35	6	cell = 56 to 63
46	-43	84	-13	32	-18	10	-25	cell = 64 to 71
40	18	60	34	43	-11	43	-29	cell = 72 to 79
68	15	61	-6	11	-28	59	-35	cell = 80 to 87
21	1	36	-26	10	10	60	-27	cell = 88 to 95
75	-9	63	-13	-11	-25	52	24	cell = 96 to 103
37	19	35	-27	51	15	54	-13	cell = 104 to 111
44	3	20	-27	69	-3	34	34	cell = 112 to 119
82	-26	34	-38	36	-13	24	-2	cell = 120 to 127
-5	-12	56	-26	30	-1	40	-18	cell = 128 to 135
45	28	21	-19	35	-34	55	21	cell = 136 to 143
74	-10	66	-19	54	-29	25	-5	cell = 144 to 151
10	-40	20	0	61	20	39	-9	cell = 152 to 159
41	13	68	-11	53	9	41	-61	cell = 160 to 167
9	-14	47	-39	17	-55	32	-33	cell = 168 to 175
31	-8	41	-27	63	-40	43	-21	cell = 176 to 183
45	28	16	8	41	14	21	-11	cell = 184 to 191
32	23	61	-56	33	-7	70	-34	cell = 192 to 199
26	2	65	-2	51	13	79	-25	cell = 200 to 207
37	-4	63	-16	37	4	61	6	cell = 208 to 215
1	-7	33	-52	66	1	37	34	cell = 216 to 223
51	12	-20	-5	29	4	42	25	cell = 224 to 231
-3	-10	11	25	38	4	77	-45	cell = 232 to 239
-10	30	27	-44	49	1	54	9	cell = 240 to 247
25	15	28	44	5	-10	15	-9	cell = 248 to 255
37	3	92	-29	61	17	65	-36	cell = 256 to 263
31	-23	31	-18	3	1	44	-3	cell = 264 to 271
56	16	-15	20	22	-66	69	-25	cell = 272 to 279
55	-7	67	22	79	7	-1	-18	cell = 280 to 287
7	10	95	-15	66	-21	67	-23	cell = 288 to 295
20	-15	4	-38	46	4	17	-31	cell = 296 to 303
15	8	47	-25	55	-8	60	-27	cell = 304 to 311
72	4	0	-18	18	-10	40	12	cell = 312 to 319
22	5	50	4	50	-5	62	-6	cell = 320 to 327
47	-13	62	8	17	4	17	-12	cell = 328 to 335
67	33	65	-24	22	2	71	-35	cell = 336 to 343
4	2	45	-4	22	14	28	-49	cell = 344 to 351
-7	12	18	-22	75	10	42	6	cell = 352 to 359
57	44	52	-19	26	-53	41	-27	cell = 360 to 367
13	-20	37	11	61	-29	66	-33	cell = 368 to 375
66	1	34	24	58	24	52	-3	cell = 376 to 383
35	52	86	-19	32	-23	70	-46	cell = 384 to 391
14	-23	40	3	29	13	98	-47	cell = 392 to 399
33	-4	36	5	70	-19	43	-29	cell = 400 to 407
55	6	53	-14	44	-52	23	-22	cell = 408 to 415
38	-19	58	-16	56	-28	30	-10	cell = 416 to 423
60	0	31	0	46	14	38	-22	cell = 424 to 431
25	-2	44	-31	45	-14	99	-27	cell = 432 to 439
28	-20	46	-22	39	0	61	-25	cell = 440 to 447
32	45	49	30	46	17	61	-11	cell = 448 to 455
37	-11	22	-5	89	-18	40	25	cell = 456 to 463
37	-30	52	-39	69	-8	6	-40	cell = 464 to 471
51	35	39	3	45	-25	69	-12	cell = 472 to 479
19	-2	57	-22	78	12	9	17	cell = 480 to 487
48	8	49	7	37	-43	25	-26	cell = 488 to 495
59	-32	-8	-117	-46	-67	-75	-113	cell = 496 to 503
26	44	7	-13	33	8	50	-36	cell = 504 to 511
-6	-20	-29	-15	-19	18	-25	-24	cell = 512 to 519
-12	-14	-9	-25	14	-28	10	-14	cell = 520 to 527
-34	-12	-43	-24	-7	-10	-37	-35	cell = 528 to 535
-39	-38	14	-11	8	28	-17	-4	cell = 536 to 543
-42	-41	-21	8	-37	-31	-10	-13	cell = 544 to 551
7	-12	-45	-40	-24	2	-22	-61	cell = 552 to 559
-43	-29	-23	26	-18	18	-25	-24	cell = 560 to 567
-3	-32	-25	11	-5	15	-14	-25	cell = 568 to 575
-31	-38	-1	-38	-4	-34	28	-27	cell = 576 to 583
-16	-27	-12	-37	-32	-3	-6	3	cell = 584 to 591
1	-7	19	-10	-10	-37	-43	-39	cell = 592 to 599
-17	-7	-29	-10	-1	9	-26	0	cell = 600 to 607
12	3	4	-17	14	-17	-31	-12	cell = 608 to 615
29	-47	-62	5	-18	-12	-35	-17	cell = 616 to 623
0	15	-11	5	-52	20	16	-31	cell = 624 to 631
-43	-9	-9	-26	-13	-35	-40	-19	cell = 632 to 639
-27	-5	1	12	-11	21	-41	-17	cell = 640 to 647
-11	-13	-24	-17	-49	15	-38	24	cell = 648 to 655
8	-40	-19	-21	-23	-24	-21	-31	cell = 656 to 663
30	8	-11	-28	-26	0	-4	0	cell = 664 to 671
-47	-18	2	-15	7	-40	-15	8	cell = 672 to 679
-33	-14	-32	-28	-61	0	21	-1	cell = 680 to 687
-7	-20	28	-5	-35	-6	-41	-6	cell = 688 to 695
-9	-45	-56	-12	-19	-25	-17	25	cell = 696 to 703
2	-15	-36	-11	-39	-33	-18	40	cell = 704 to 711
-18	-16	-46	-4	-4	8	-25	-35	cell = 712 to 719
-1	-12	1	14	-23	6	-51	-5	cell = 720 to 727
-37	-12	-34	-6	-18	-20	-19	-25	cell = 728 to 735
35	-7	3	-39	23	11	-55	-12	cell = 736 to 743
0	-2	-1	-65	-41	-11	-27	-22	cell = 744 to 751
11	-16	-15	-4	53	-22	-13	-5	cell = 752 to 759
-38	1	11	-22	-17	-48	-42	28	cell = 760 to 767
-14	-17	-19	13	-21	-58	-30	-47	cell = 768 to 775
16	-45	-17	-22	-24	-42	-22	2	cell = 776 to 783
-39	10	-41	-1	-39	-34	-37	-25	cell = 784 to 791
-4	0	0	31	21	-10	-15	-24	cell = 792 to 799
-44	13	-50	-3	-6	-30	-52	0	cell = 800 to 807
-65	36	-37	-35	-14	0	12	-19	cell = 808 to 815
-2	-4	-8	5	-4	-33	-2	16	cell = 816 to 823
-22	-17	-35	-21	-32	-46	-24	11	cell = 824 to 831
-22	10	-4	-10	8	16	-27	-55	cell = 832 to 839
-59	5	11	-13	-45	-40	-7	-11	cell = 840 to 847
15	3	6	29	0	13	-53	-52	cell = 848 to 855
-49	12	7	-39	-18	-48	-64	1	cell = 856 to 863
-41	-5	19	-11	-6	-23	19	-9	cell = 864 to 871
-11	25	8	27	-13	-4	-26	1	cell = 872 to 879
5	-15	-59	-13	-30	-13	0	-42	cell = 880 to 887
-5	-38	-15	-11	-53	-4	-55	-3	cell = 888 to 895
-21	0	-8	-4	17	9	-4	-24	cell = 896 to 903
14	-3	-44	24	-11	16	-20	-5	cell = 904 to 911
1	11	-24	-9	-21	-7	14	4	cell = 912 to 919
-10	-27	-4	20	-2	-24	-23	11	cell = 920 to 927
-24	-21	-7	-12	-38	-2	-45	34	cell = 928 to 935
-50	-27	-13	-8	-54	-5	4	-51	cell = 936 to 943
-36	-4	-47	-32	-12	-41	28	-12	cell = 944 to 951
5	-5	-47	6	14	-29	8	13	cell = 952 to 959
-5	-23	-10	-22	-6	-61	-43	7	cell = 960 to 967
-48	-46	-30	-12	-31	-13	-40	-51	cell = 968 to 975
-11	-9	-61	22	15	-33	-30	-16	cell = 976 to 983
-3	14	-52	4	-17	-20	-3	9	cell = 984 to 991
-40	-9	-20	20	-47	-6	-18	-25	cell = 992 to 999
-63	-28	-22	-32	-58	0	5	33	cell = 1000 to 1007
-29	-16	-2	-12	-28	0	-60	-36	cell = 1008 to 1015
-24	-20	0	1	-16	-51	-72	-32	cell = 1016 to 1023
Calibration values from cell 0 to 1024 for channel 8:

86	-31	16	-22	54	0	46	-15	cell = 0 to 7
46	-34	90	-1	73	-25	39	28	cell = 8 to 15
48	23	82	-8	44	3	40	0	cell = 16 to 23
48	13	53	-22	29	1	8	-64	cell = 24 to 31
35	0	35	-11	7	-14	64	-18	cell = 32 to 39
48	-34	60	-36	10	15	80	-4	cell = 40 to 47
59	0	57	-58	59	21	63	-37	cell = 48 to 55
1	-1	74	0	21	-32	60	-4	cell = 56 to 63
31	15	69	-14	30	-12	42	-29	cell = 64 to 71
36	-26	56	-53	69	29	42	-6	cell = 72 to 79
28	-14	73	20	18	-23	51	-1	cell = 80 to 87
44	-25	60	25	52	27	-5	2	cell = 88 to 95
64	-13	69	-11	61	-44	61	38	cell = 96 to 103
25	-14	46	2	50	39	46	-39	cell = 104 to 111
52	-7	32	-46	33	-48	17	-37	cell = 112 to 119
61	5	77	-12	31	8	92	-2	cell = 120 to 127
42	19	56	-7	28	11	67	-37	cell = 128 to 135
64	-50	53	40	18	32	36	-3	cell = 136 to 143
64	-8	32	12	64	-5	46	-38	cell = 144 to 151
38	-33	8	-20	32	-12	59	10	cell = 152 to 159
3	3	65	-12	25	19	63	-20	cell = 160 to 167
55	-5	34	55	69	-17	59	-10	cell = 168 to 175
46	-13	27	-41	50	-7	79	-32	cell = 176 to 183
32	-18	53	7	55	22	13	-52	cell = 184 to 191
16	12	98	-33	78	7	54	1	cell = 192 to 199
12	28	67	-19	62	-3	57	-43	cell = 200 to 207
26	-8	47	-2	56	-13	42	-35	cell = 208 to 215
35	-38	42	14	88	17	31	-11	cell = 216 to 223
51	8	101	8	26	15	49	-27	cell = 224 to 231
54	-4	65	-29	81	-10	64	-20	cell = 232 to 239
26	3	45	-53	61	-19	43	-23	cell = 240 to 247
71	-4	21	-25	36	-26	82	-65	cell = 248 to 255
54	24	56	0	51	3	3	-10	cell = 256 to 263
41	-24	78	-15	63	-19	88	38	cell = 264 to 271
52	37	63	-32	28	-23	57	-25	cell = 272 to 279
50	-17	52	4	32	28	34	8	cell = 280 to 287
41	-32	33	-11	40	-11	3	3	cell = 288 to 295
42	-24	41	-37	14	6	69	-52	cell = 296 to 303
49	-52	75	-23	51	2	83	-77	cell = 304 to 311
40	3	54	-38	21	60	58	12	cell = 312 to 319
45	-30	37	0	25	-38	55	-3	cell = 320 to 327
50	13	60	13	31	11	72	-37	cell = 328 to 335
9	-21	82	9	52	-4	37	-11	cell = 336 to 343
74	20	53	-37	48	1	17	-12	cell = 344 to 351
37	-50	52	-45	51	-27	61	-17	cell = 352 to 359
46	-21	52	-16	53	3	48	6	cell = 360 to 367
31	-1	50	-2	30	-20	65	17	cell = 368 to 375
30	-15	12	-11	82	-37	22	-23	cell = 376 to 383
60	23	49	-18	51	5	27	-25	cell = 384 to 391
47	-8	69	20	31	22	90	3	cell = 392 to 399
20	-1	66	-23	42	-41	53	-13	cell = 400 to 407
4	47	57	-29	30	-21	62	-32	cell = 408 to 415
31	-8	53	2	33	11	64	-1	cell = 416 to 423
48	-54	71	-14	47	-17	36	-27	cell = 424 to 431
34	25	60	-10	36	-11	69	-3	cell = 432 to 439
60	18	51	-27	35	0	92	-44	cell = 440 to 447
72	40	50	-15	56	-27	-8	16	cell = 448 to 455
23	-27	43	6	52	11	67	-12	cell = 456 to 463
62	-2	69	0	64	-12	34	-49	cell = 464 to 471
54	4	65	-25	0	-25	42	-22	cell = 472 to 479
43	0	90	6	85	-11	54	-35	cell = 480 to 487
22	-12	21	7	31	-13	26	-10	cell = 488 to 495
73	-23	-11	-83	-57	-96	-13	-82	cell = 496 to 503
31	23	47	-6	15	0	45	-10	cell = 504 to 511
-23	-31	11	-13	-20	-17	-17	-7	cell = 512 to 519
-17	9	-40	-37	-12	-26	-23	-40	cell = 520 to 527
-5	-32	6	-36	-57	-61	-36	-10	cell = 528 to 535
-23	18	-33	-14	1	-41	-4	0	cell = 536 to 543
5	41	-19	-43	-18	5	-48	-9	cell = 544 to 551
-5	5	-37	-9	12	-49	8	12	cell = 552 to 559
9	-13	-29	-34	-49	-52	-30	-3	cell = 560 to 567
-4	-23	-6	-25	-30	-14	-47	-8	cell = 568 to 575
-23	-48	14	-27	-31	-20	-13	13	cell = 576 to 583
-37	-58	-9	-37	-9	-14	6	7	cell = 584 to 591
-19	3	-20	11	-30	16	-15	-11	cell = 592 to 599
-36	-11	-34	-27	-3	-24	-16	-33	cell = 600 to 607
-36	-33	-34	-5	-6	-4	-62	18	cell = 608 to 615
6	-65	-17	-16	-40	-7	-5	-15	cell = 616 to 623
-55	-10	-22	6	35	-18	-53	22	cell = 624 to 631
-5	-37	-61	-30	16	-50	-10	-14	cell = 632 to 639
-60	-1	-5	17	-22	-3	6	-7	cell = 640 to 647
-58	-27	4	-22	-49	-5	-20	-12	cell = 648 to 655
-22	-24	-13	-5	-13	-56	-4	7	cell = 656 to 663
-19	-34	-20	-39	4	-28	-14	-26	cell = 664 to 671
-27	-33	-4	-44	9	-2	-37	-20	cell = 672 to 679
-31	14	-4	-20	10	-60	-34	5	cell = 680 to 687
11	8	-45	-45	-23	-12	-11	-2	cell = 688 to 695
-26	-39	-50	-30	-48	-27	-18	-39	cell = 696 to 703
-30	-12	16	-46	-31	0	-31	-13	cell = 704 to 711
-88	4	-11	8	-9	-35	-6	-17	cell = 712 to 719
-5	-55	-18	-6	-29	19	12	-47	cell = 720 to 727
-19	0	-2	-58	-23	-29	-19	-18	cell = 728 to 735
-11	-28	-19	-24	-19	-19	-33	-6	cell = 736 to 743
-15	0	18	-34	29	-28	-7	28	cell = 744 to 751
-36	-21	-11	-20	12	-20	-38	-12	cell = 752 to 759
-25	8	-39	-10	-18	-6	-66	-27	cell = 760 to 767
13	-43	-18	-15	-15	-16	-53	-17	cell = 768 to 775
-6	-8	-29	40	-21	-1	-35	3	cell = 776 to 783
-18	-27	-20	12	7	-12	-43	-3	cell = 784 to 791
3	-37	-54	0	-17	-27	-34	-8	cell = 792 to 799
-33	-11	9	-17	-11	17	-11	-5	cell = 800 to 807
-45	-18	-27	-42	-27	-40	1	-2	cell = 808 to 815
-23	-9	7	-39	-41	11	-25	23	cell = 816 to 823
-24	1	-5	-39	-33	11	-20	-39	cell = 824 to 831
-23	-4	-59	0	1	-24	-28	-35	cell = 832 to 839
-44	26	-23	-26	-42	-8	-47	30	cell = 840 to 847
-4	-13	-30	-10	-52	25	-40	0	cell = 848 to 855
14	-16	0	32	-22	7	-33	12	cell = 856 to 863
-27	-32	6	-10	-5	-22	9	-13	cell = 864 to 871
4	-17	-31	-12	-6	-30	-42	-81	cell = 872 to 879
-11	11	27	15	-20	-41	17	-6	cell = 880 to 887
-48	6	7	-3	-12	-51	-5	-37	cell = 888 to 895
12	-22	-46	-45	18	-21	-12	-24	cell = 896 to 903
-35	24	-13	-10	-16	-76	-43	-33	cell = 904 to 911
-22	-13	-67	8	9	-28	-41	21	cell = 912 to 919
-30	-46	-12	-24	-2	-10	-54	4	cell = 920 to 927
-39	-33	-34	14	-31	-27	-18	-34	cell = 928 to 935
-31	12	-12	-22	-14	-55	-64	-14	cell = 936 to 943
-12	-44	3	-44	21	-31	-22	12	cell = 944 to 951
-44	-53	-39	-33	-46	-37	-46	-26	cell = 952 to 959
6	-2	-8	-73	-60	-3	-57	-11	cell = 960 to 967
-18	-32	-2	-6	-30	-45	8	-10	cell = 968 to 975
-37	-3	-31	25	32	-18	-40	-46	cell = 976 to 983
-21	7	-25	-7	-28	-20	-20	-11	cell = 984 to 991
11	-38	-3	-43	-25	-26	-4	-26	cell = 992 to 999
-12	-50	-10	-37	-1	-17	-18	8	cell = 1000 to 1007
-1	20	0	-30	-48	-74	-31	-44	cell = 1008 to 1015
-2	-39	-28	5	-28	-11	-20	-11	cell = 1016 to 1023
