Calibration values from cell 0 to 1024 for channel 0:

51	-11	35	-34	45	-10	45	-61	cell = 0 to 7
70	4	47	11	45	-22	41	-9	cell = 8 to 15
31	26	51	43	59	-28	54	7	cell = 16 to 23
44	-18	18	-24	45	14	78	-7	cell = 24 to 31
27	8	93	-10	26	27	26	-23	cell = 32 to 39
34	-8	44	27	13	-31	53	-19	cell = 40 to 47
42	-40	22	-8	18	11	25	15	cell = 48 to 55
61	7	20	-19	24	-10	34	-9	cell = 56 to 63
73	35	28	22	60	-4	62	-18	cell = 64 to 71
61	-34	23	-20	45	-8	40	3	cell = 72 to 79
33	17	19	-6	21	21	45	-27	cell = 80 to 87
83	-16	58	-19	65	9	20	-5	cell = 88 to 95
57	-29	35	-15	46	33	36	-20	cell = 96 to 103
39	-6	-16	-23	79	2	21	-20	cell = 104 to 111
51	-2	35	-29	37	-1	62	-13	cell = 112 to 119
63	25	40	0	54	14	66	-23	cell = 120 to 127
13	-9	57	-21	48	-17	33	6	cell = 128 to 135
28	14	22	0	54	27	21	-30	cell = 136 to 143
79	-19	8	29	48	6	50	-3	cell = 144 to 151
53	-3	28	-9	50	-6	63	-7	cell = 152 to 159
13	43	80	-10	89	9	53	21	cell = 160 to 167
34	-1	55	2	45	-7	72	-11	cell = 168 to 175
61	-42	34	-10	35	-5	18	26	cell = 176 to 183
59	16	61	-1	66	-10	38	-25	cell = 184 to 191
93	-13	11	-12	1	3	55	-38	cell = 192 to 199
49	-33	31	23	17	-22	60	16	cell = 200 to 207
14	30	57	7	36	18	69	-3	cell = 208 to 215
29	-7	71	-44	31	-34	42	-16	cell = 216 to 223
50	-2	67	-10	44	14	43	-2	cell = 224 to 231
56	5	40	2	57	23	15	-13	cell = 232 to 239
50	24	34	11	41	9	32	12	cell = 240 to 247
64	4	19	-17	-1	-3	100	-51	cell = 248 to 255
13	0	53	-18	64	-5	46	-37	cell = 256 to 263
16	28	51	-18	35	-12	55	-13	cell = 264 to 271
33	-29	89	11	16	2	28	-37	cell = 272 to 279
73	-8	77	-39	47	-23	37	-8	cell = 280 to 287
31	-16	40	13	70	1	14	-6	cell = 288 to 295
20	23	57	6	59	13	34	-18	cell = 296 to 303
52	10	42	-21	51	-30	37	37	cell = 304 to 311
57	-36	19	-64	91	32	41	-4	cell = 312 to 319
13	-29	82	-10	28	-6	60	36	cell = 320 to 327
55	0	44	-31	46	19	11	9	cell = 328 to 335
8	-1	13	25	31	7	17	25	cell = 336 to 343
27	-8	32	0	23	52	31	2	cell = 344 to 351
63	-13	18	22	20	-16	29	4	cell = 352 to 359
-12	-8	41	53	45	20	65	-17	cell = 360 to 367
35	-11	55	11	40	-19	48	-17	cell = 368 to 375
30	13	5	-2	50	-6	56	8	cell = 376 to 383
53	7	66	-11	40	-11	65	-20	cell = 384 to 391
62	12	-12	23	33	2	13	-17	cell = 392 to 399
30	25	51	-13	8	-3	49	19	cell = 400 to 407
64	21	64	-10	22	2	36	9	cell = 408 to 415
55	0	36	-28	70	10	29	-24	cell = 416 to 423
36	3	73	8	12	16	17	0	cell = 424 to 431
49	0	47	-10	45	6	45	-15	cell = 432 to 439
-3	-12	57	2	18	32	36	12	cell = 440 to 447
76	-9	66	-22	61	8	34	3	cell = 448 to 455
31	-17	59	4	37	12	56	-26	cell = 456 to 463
37	29	29	-7	26	19	67	-12	cell = 464 to 471
34	5	44	16	84	8	42	-6	cell = 472 to 479
43	-35	48	2	10	-28	-8	25	cell = 480 to 487
21	-12	41	5	58	-11	19	-25	cell = 488 to 495
16	1	-8	-96	-9	-92	-46	-57	cell = 496 to 503
43	10	41	-26	7	-22	44	-23	cell = 504 to 511
10	-22	-17	-1	-31	-18	-38	4	cell = 512 to 519
18	-31	-33	-6	-17	-20	-23	-11	cell = 520 to 527
12	-30	-19	-18	-30	-25	-30	-30	cell = 528 to 535
-37	-18	-6	-41	4	-44	-17	-59	cell = 536 to 543
-51	5	-52	-11	-10	-38	-8	-4	cell = 544 to 551
-10	19	-50	-39	-13	1	-19	13	cell = 552 to 559
-22	-33	-3	-45	-11	-20	-21	-5	cell = 560 to 567
-9	8	-32	-7	-56	42	-25	-10	cell = 568 to 575
-16	-27	-18	5	-31	-7	-26	-12	cell = 576 to 583
-53	-20	-27	-33	-14	-63	-38	-14	cell = 584 to 591
-9	8	-9	-14	-5	-35	-10	-7	cell = 592 to 599
-26	-49	-40	16	-6	32	-5	-9	cell = 600 to 607
-47	-13	-23	4	-17	-2	-32	-24	cell = 608 to 615
1	-14	-16	4	-17	-13	-40	-39	cell = 616 to 623
21	7	5	-10	-43	-58	-27	-30	cell = 624 to 631
-28	22	-17	29	13	-6	-50	-24	cell = 632 to 639
-37	-58	-13	-5	-5	-3	-13	-44	cell = 640 to 647
-3	-10	-31	1	25	-34	-48	-11	cell = 648 to 655
1	8	-10	-6	-13	-12	-58	7	cell = 656 to 663
-53	-15	-30	-7	-3	-32	-21	-31	cell = 664 to 671
-12	19	-18	25	-22	-48	5	-34	cell = 672 to 679
29	-39	-41	-47	-31	-5	-68	-24	cell = 680 to 687
-39	3	-32	0	-27	5	-9	-43	cell = 688 to 695
-23	-52	-45	-22	-36	-33	17	-7	cell = 696 to 703
-17	-31	-13	-9	36	-23	3	-24	cell = 704 to 711
-19	-39	-4	-35	-10	-38	4	-28	cell = 712 to 719
-66	-17	-10	-13	-12	-16	8	-12	cell = 720 to 727
-13	-41	-16	-46	-26	-21	-22	5	cell = 728 to 735
0	-10	-10	-22	-18	20	-17	21	cell = 736 to 743
7	-45	-39	-46	18	-15	-46	-15	cell = 744 to 751
11	-48	-26	-4	-35	-7	-32	3	cell = 752 to 759
-35	-23	-11	-43	-17	-50	-18	-6	cell = 760 to 767
-52	-14	-23	-23	13	-43	-41	-5	cell = 768 to 775
-67	-15	-19	29	60	-8	2	-3	cell = 776 to 783
-5	-28	-22	-38	-37	-20	-39	-23	cell = 784 to 791
-36	13	6	-21	-11	-8	-7	-14	cell = 792 to 799
-47	-31	-21	-10	-43	-26	-64	7	cell = 800 to 807
-32	-3	-42	6	-37	-14	-35	-8	cell = 808 to 815
-17	-51	-7	12	1	-23	-35	-49	cell = 816 to 823
-2	-49	-37	-9	-4	-8	3	5	cell = 824 to 831
-48	-24	-46	-71	-32	-35	-19	-27	cell = 832 to 839
-2	-5	-6	-4	-45	-32	-54	-21	cell = 840 to 847
12	-11	16	-7	-43	30	-12	-3	cell = 848 to 855
0	-35	5	-7	14	-45	-33	-20	cell = 856 to 863
-23	-10	-38	-20	-4	-8	-8	-23	cell = 864 to 871
-17	-13	-11	8	-18	-21	-30	7	cell = 872 to 879
22	-31	-16	2	-51	-25	-14	11	cell = 880 to 887
-24	-12	-18	5	-31	-12	-21	-26	cell = 888 to 895
-18	-28	-67	-13	-45	-22	-44	10	cell = 896 to 903
-18	-34	-13	-23	-5	-10	-63	-7	cell = 904 to 911
-17	12	-6	-36	-58	-14	-43	-21	cell = 912 to 919
-7	-68	19	9	27	-29	-10	-3	cell = 920 to 927
-8	-60	14	-20	-9	-29	-25	-19	cell = 928 to 935
-19	-3	0	-54	-23	4	-40	-8	cell = 936 to 943
-9	-4	-14	-17	-28	-33	-40	-23	cell = 944 to 951
-15	-29	-13	-3	49	-34	-6	-33	cell = 952 to 959
-43	-28	-30	-25	-20	-33	-28	-7	cell = 960 to 967
-52	-45	-15	-27	9	-5	-51	-50	cell = 968 to 975
-24	15	-34	23	7	18	-51	-16	cell = 976 to 983
30	-18	-40	-18	-31	2	-52	16	cell = 984 to 991
-27	-51	-43	-21	-46	-45	-44	-36	cell = 992 to 999
13	0	-20	-13	-43	-57	-14	-41	cell = 1000 to 1007
-20	4	-19	-31	-59	-37	-10	13	cell = 1008 to 1015
-46	-38	-27	4	-21	-27	-43	14	cell = 1016 to 1023
Calibration values from cell 0 to 1024 for channel 1:

3	50	34	2	72	-28	4	-49	cell = 0 to 7
84	-11	27	-33	21	-4	58	10	cell = 8 to 15
13	-30	61	-19	12	35	37	-19	cell = 16 to 23
25	3	33	-44	68	-8	33	-12	cell = 24 to 31
52	-12	18	23	43	42	3	-17	cell = 32 to 39
29	-1	71	-37	38	-1	46	-13	cell = 40 to 47
32	-8	45	24	35	3	10	5	cell = 48 to 55
35	25	59	-4	-9	-16	68	0	cell = 56 to 63
42	2	47	12	21	-5	51	-28	cell = 64 to 71
42	10	41	17	18	-35	28	-7	cell = 72 to 79
29	-18	13	-16	48	-29	79	11	cell = 80 to 87
50	32	71	-30	55	19	55	-15	cell = 88 to 95
8	-15	22	-3	23	7	26	-8	cell = 96 to 103
10	15	34	-19	46	13	78	28	cell = 104 to 111
70	-10	52	2	58	-7	54	5	cell = 112 to 119
27	-35	22	15	35	-17	25	-30	cell = 120 to 127
33	-20	30	-12	29	-9	48	19	cell = 128 to 135
0	-35	40	-33	49	-5	52	-30	cell = 136 to 143
43	20	48	21	55	1	86	20	cell = 144 to 151
20	-40	38	-2	27	-27	37	-4	cell = 152 to 159
55	-5	49	-19	42	-12	32	-3	cell = 160 to 167
37	32	59	2	16	-21	53	10	cell = 168 to 175
48	16	60	-10	93	-36	-25	29	cell = 176 to 183
35	-34	23	-15	19	29	64	-35	cell = 184 to 191
76	-8	52	23	42	26	42	-2	cell = 192 to 199
39	-15	55	-23	45	40	41	-10	cell = 200 to 207
74	-15	59	4	12	2	70	23	cell = 208 to 215
22	15	4	10	30	9	38	-9	cell = 216 to 223
28	-13	47	-27	13	-12	56	1	cell = 224 to 231
0	8	72	25	41	3	39	-12	cell = 232 to 239
30	-45	56	18	17	5	34	7	cell = 240 to 247
31	-20	9	0	26	-4	66	-47	cell = 248 to 255
-2	-22	55	10	30	-17	54	-7	cell = 256 to 263
40	19	23	-38	20	-46	42	-33	cell = 264 to 271
-3	0	-14	12	68	-24	36	-5	cell = 272 to 279
57	14	41	7	30	-33	50	-16	cell = 280 to 287
64	11	52	2	28	17	54	-12	cell = 288 to 295
26	15	52	5	52	14	28	-2	cell = 296 to 303
79	10	18	14	50	-8	43	-33	cell = 304 to 311
58	7	41	9	46	-7	70	24	cell = 312 to 319
62	-26	34	3	36	20	78	-9	cell = 320 to 327
67	13	54	-28	58	-3	40	17	cell = 328 to 335
50	-10	41	36	7	40	26	14	cell = 336 to 343
54	3	65	-65	56	-5	27	21	cell = 344 to 351
51	21	47	5	14	13	7	-28	cell = 352 to 359
26	-18	43	-26	40	0	21	-7	cell = 360 to 367
56	10	58	-5	5	-13	29	-51	cell = 368 to 375
61	-24	48	-24	57	-5	34	-9	cell = 376 to 383
48	-4	27	-3	36	-60	58	5	cell = 384 to 391
47	-21	96	-23	64	10	26	42	cell = 392 to 399
24	19	58	-12	5	1	2	-28	cell = 400 to 407
47	-23	47	4	58	29	26	6	cell = 408 to 415
48	-7	29	46	40	-9	49	4	cell = 416 to 423
37	-13	88	45	20	-13	70	-23	cell = 424 to 431
29	11	70	12	62	-7	22	-16	cell = 432 to 439
30	-7	7	24	19	17	69	-41	cell = 440 to 447
87	0	15	4	42	27	18	30	cell = 448 to 455
55	-17	32	-12	51	3	32	-39	cell = 456 to 463
43	-10	54	-10	27	11	47	-50	cell = 464 to 471
60	34	61	-23	-12	-26	58	-19	cell = 472 to 479
81	23	41	-12	13	2	69	-14	cell = 480 to 487
22	7	50	-27	55	-9	0	3	cell = 488 to 495
26	-32	-62	-74	-52	-85	-31	-47	cell = 496 to 503
105	-20	53	-10	42	2	-2	-6	cell = 504 to 511
-30	7	-27	-39	-26	-14	-15	-34	cell = 512 to 519
-44	-7	13	30	-46	4	-22	7	cell = 520 to 527
-22	-22	-52	12	-12	-38	-69	16	cell = 528 to 535
-11	-29	1	-16	-5	-7	-20	17	cell = 536 to 543
-28	-11	-12	-32	-36	-26	-20	-51	cell = 544 to 551
-28	4	-29	21	-48	-10	-21	-5	cell = 552 to 559
-16	-29	-23	-2	-40	-27	9	1	cell = 560 to 567
3	-29	-47	-50	-3	-2	7	-41	cell = 568 to 575
-26	10	-63	-24	-13	-16	-21	-25	cell = 576 to 583
-22	-14	-35	-24	-10	27	-26	4	cell = 584 to 591
-39	-6	-5	-26	-20	-27	-11	-11	cell = 592 to 599
-16	-28	6	-49	-30	-49	-16	4	cell = 600 to 607
-30	-15	-33	-3	-48	-9	-38	-14	cell = 608 to 615
-23	-41	-42	-21	-18	-45	-25	-5	cell = 616 to 623
-10	-26	29	-17	-68	-4	0	-27	cell = 624 to 631
-76	-10	-53	-31	-19	-12	-15	-6	cell = 632 to 639
-60	1	-9	-1	-21	-14	-12	3	cell = 640 to 647
-40	-25	33	19	-10	-21	6	14	cell = 648 to 655
-23	0	-25	-37	-13	-53	-10	21	cell = 656 to 663
-6	-20	-47	29	-31	-32	17	15	cell = 664 to 671
23	14	30	-16	-18	-54	-19	-30	cell = 672 to 679
-27	-41	-30	31	-11	-29	-21	-5	cell = 680 to 687
-20	29	-27	35	-64	-25	17	-6	cell = 688 to 695
-11	11	-54	-19	-24	-8	-18	-26	cell = 696 to 703
-44	3	-7	-33	-16	-47	-11	-7	cell = 704 to 711
-40	-16	-24	-15	12	-41	-10	2	cell = 712 to 719
-4	-15	-21	3	-10	-37	-18	-35	cell = 720 to 727
-14	-21	-19	-20	-48	9	-9	-31	cell = 728 to 735
-19	-72	27	-6	-21	-33	-34	6	cell = 736 to 743
-34	4	-35	13	-23	1	-53	-3	cell = 744 to 751
-16	16	-10	-5	-46	-10	-34	-26	cell = 752 to 759
-10	-19	-27	0	32	-14	-23	1	cell = 760 to 767
7	-18	-65	-24	26	-22	-68	-14	cell = 768 to 775
-58	-11	-55	2	-25	-37	-39	-31	cell = 776 to 783
20	-9	-60	-43	3	-20	-52	14	cell = 784 to 791
30	-54	-66	29	-50	-52	9	1	cell = 792 to 799
-21	-16	-40	25	0	-13	-22	-40	cell = 800 to 807
-12	-10	-49	-17	-63	35	-47	-52	cell = 808 to 815
-38	-50	-51	-17	-18	-6	-38	-32	cell = 816 to 823
-21	-19	-65	39	-31	-19	-22	-20	cell = 824 to 831
-32	4	-36	-43	-29	-13	-16	-48	cell = 832 to 839
-15	-45	-12	-11	-11	6	-26	-44	cell = 840 to 847
2	-22	-23	-31	-9	-36	-33	-35	cell = 848 to 855
22	-25	-42	-24	9	10	-56	-32	cell = 856 to 863
-38	-18	-14	-13	-68	4	7	-72	cell = 864 to 871
25	-17	14	16	-18	-11	4	-12	cell = 872 to 879
0	-7	-17	-30	15	18	2	-8	cell = 880 to 887
-31	-27	-53	2	-13	-57	-40	12	cell = 888 to 895
6	11	4	-11	-71	-4	-1	-29	cell = 896 to 903
-33	-26	-40	-11	2	-17	-42	-6	cell = 904 to 911
-44	-6	-15	21	-45	-5	-22	1	cell = 912 to 919
-30	5	-27	-13	-8	15	15	-39	cell = 920 to 927
-25	-4	-17	-9	-34	11	-43	-73	cell = 928 to 935
9	-13	-18	-43	-55	-10	-34	-31	cell = 936 to 943
37	-9	5	-13	17	11	-18	2	cell = 944 to 951
50	-10	-17	-7	-30	-11	-29	-8	cell = 952 to 959
-50	-60	-6	-22	-3	4	-36	-15	cell = 960 to 967
-20	-36	-35	-45	18	48	-28	7	cell = 968 to 975
-28	-7	3	-43	0	9	-49	8	cell = 976 to 983
-48	-31	-15	18	-4	-55	37	-23	cell = 984 to 991
-51	-16	15	-16	3	-32	11	26	cell = 992 to 999
-14	-55	-38	-28	-22	-24	17	-17	cell = 1000 to 1007
-11	6	-38	2	-24	-27	-10	-14	cell = 1008 to 1015
-25	-3	-25	3	-27	-39	17	-25	cell = 1016 to 1023
Calibration values from cell 0 to 1024 for channel 2:

49	-26	39	-2	-1	-14	14	4	cell = 0 to 7
57	-18	90	10	34	23	28	-39	cell = 8 to 15
51	39	82	12	29	5	36	-5	cell = 16 to 23
0	-2	70	-38	35	-51	34	21	cell = 24 to 31
20	8	65	-23	19	-37	39	1	cell = 32 to 39
24	-38	42	3	28	-17	21	16	cell = 40 to 47
43	-47	36	26	61	-29	57	-4	cell = 48 to 55
13	7	39	-5	34	8	48	-28	cell = 56 to 63
50	-19	43	-9	51	-46	28	43	cell = 64 to 71
17	41	65	-24	27	-20	104	-20	cell = 72 to 79
44	28	27	-1	38	-45	36	35	cell = 80 to 87
59	-27	51	24	37	45	44	-5	cell = 88 to 95
46	32	46	-4	31	-26	15	-40	cell = 96 to 103
57	-22	17	0	44	-3	41	-23	cell = 104 to 111
28	0	74	-29	79	15	76	-36	cell = 112 to 119
12	10	50	2	24	9	40	-31	cell = 120 to 127
26	6	70	62	63	-19	20	-3	cell = 128 to 135
52	23	73	-39	24	3	56	3	cell = 136 to 143
85	-15	82	-10	64	2	62	-7	cell = 144 to 151
90	-5	58	27	43	22	19	-14	cell = 152 to 159
85	6	53	-16	38	-31	83	-52	cell = 160 to 167
45	15	48	-19	48	14	16	-49	cell = 168 to 175
55	24	64	-13	72	-32	23	-12	cell = 176 to 183
33	-12	27	-25	7	-22	44	-12	cell = 184 to 191
57	13	40	4	6	-37	23	18	cell = 192 to 199
53	-1	53	-26	38	25	68	-6	cell = 200 to 207
50	-49	57	36	88	-19	36	-20	cell = 208 to 215
55	-4	15	-9	46	37	21	-7	cell = 216 to 223
47	1	35	12	47	-27	71	-22	cell = 224 to 231
53	-6	38	-2	81	6	5	-29	cell = 232 to 239
50	18	88	10	57	-17	82	-8	cell = 240 to 247
69	11	72	-32	51	25	3	-27	cell = 248 to 255
18	15	66	-9	42	-20	61	-4	cell = 256 to 263
25	-3	39	35	44	-13	28	14	cell = 264 to 271
42	-28	27	-33	66	16	66	9	cell = 272 to 279
70	-46	15	-45	74	-21	37	-23	cell = 280 to 287
56	1	42	-21	37	-11	38	-23	cell = 288 to 295
51	-30	44	22	36	7	83	27	cell = 296 to 303
53	34	76	-35	51	25	11	22	cell = 304 to 311
41	33	35	-24	65	-43	44	-24	cell = 312 to 319
20	-52	33	5	26	-31	45	-10	cell = 320 to 327
67	2	43	-26	45	-22	26	-19	cell = 328 to 335
26	-16	13	19	81	51	44	12	cell = 336 to 343
34	30	22	-13	63	-19	55	25	cell = 344 to 351
-10	-36	18	-18	34	8	68	-31	cell = 352 to 359
55	-25	47	-19	58	-6	37	4	cell = 360 to 367
26	-31	69	-17	46	24	75	-11	cell = 368 to 375
38	-30	93	18	35	5	9	9	cell = 376 to 383
78	-17	38	-17	21	-28	17	28	cell = 384 to 391
19	-7	47	21	61	3	24	-13	cell = 392 to 399
10	0	15	-5	37	4	85	-2	cell = 400 to 407
45	-9	68	-2	9	23	62	15	cell = 408 to 415
54	-21	43	-29	92	-32	38	-5	cell = 416 to 423
55	-26	63	13	54	-26	44	-43	cell = 424 to 431
13	-9	1	-19	29	-8	35	6	cell = 432 to 439
66	-6	59	2	101	29	44	10	cell = 440 to 447
37	0	49	-8	24	-28	21	-10	cell = 448 to 455
31	33	24	-19	62	23	81	-4	cell = 456 to 463
24	14	19	-41	63	8	67	-29	cell = 464 to 471
49	16	52	17	61	21	53	-33	cell = 472 to 479
47	0	78	-6	69	-48	41	12	cell = 480 to 487
54	-6	50	-2	26	25	47	7	cell = 488 to 495
39	17	-26	-66	-40	-75	-17	-58	cell = 496 to 503
42	16	37	33	36	-16	25	12	cell = 504 to 511
-20	-27	-20	26	3	-38	10	-20	cell = 512 to 519
-16	-2	-62	-21	-28	-14	-9	-19	cell = 520 to 527
-37	-17	-24	-20	-21	-9	-15	-10	cell = 528 to 535
-21	-15	-5	-15	-29	31	-37	-5	cell = 536 to 543
10	-9	-61	-16	-51	-14	-29	0	cell = 544 to 551
0	-3	5	-4	-6	-18	-67	-21	cell = 552 to 559
-36	3	-29	-22	-35	20	-36	-10	cell = 560 to 567
-23	-56	-26	-35	-11	-23	0	-18	cell = 568 to 575
14	-18	-43	0	-43	22	-20	-24	cell = 576 to 583
-34	-26	0	-15	-38	2	-12	-31	cell = 584 to 591
-12	-35	-7	-9	-41	-31	-81	-16	cell = 592 to 599
-13	-33	8	18	12	-7	-63	-62	cell = 600 to 607
-60	-14	-21	-22	-48	-29	21	26	cell = 608 to 615
-49	-57	-49	-2	7	-22	-26	-12	cell = 616 to 623
-46	17	-19	-17	-15	0	17	-27	cell = 624 to 631
7	16	11	-27	14	0	-22	20	cell = 632 to 639
-51	0	0	-58	27	-14	-25	-11	cell = 640 to 647
-13	-17	-45	-25	-60	-22	-4	26	cell = 648 to 655
-28	-37	-36	-23	-32	-30	-7	-5	cell = 656 to 663
-65	-4	-29	-21	24	-21	-31	-17	cell = 664 to 671
-48	-36	-37	-17	-20	-4	6	-37	cell = 672 to 679
-12	27	-32	4	-11	5	-38	1	cell = 680 to 687
-10	-49	4	25	1	1	-29	-11	cell = 688 to 695
1	16	-12	-18	0	-42	9	11	cell = 696 to 703
-14	-65	-55	-39	-5	-27	-23	-33	cell = 704 to 711
-14	-3	-51	-30	14	-37	-7	-26	cell = 712 to 719
-22	-17	19	24	-7	-51	6	-24	cell = 720 to 727
-27	-13	-13	-27	-10	0	11	-21	cell = 728 to 735
-44	-54	-5	-35	5	-52	-16	-25	cell = 736 to 743
-19	10	-16	-34	4	-5	-55	10	cell = 744 to 751
-42	-25	-32	18	12	-40	-65	-44	cell = 752 to 759
-17	6	5	-35	-31	-55	-9	-20	cell = 760 to 767
-21	-48	-47	-57	-19	-27	-16	-11	cell = 768 to 775
-44	-15	-36	-44	-7	-33	-21	-24	cell = 776 to 783
8	-2	-24	-32	-33	-29	11	-19	cell = 784 to 791
20	-68	14	-5	-67	-12	-6	-13	cell = 792 to 799
-9	-51	-42	-13	-39	-39	-22	-28	cell = 800 to 807
-23	15	-6	-23	-46	-2	-25	-9	cell = 808 to 815
14	-15	-51	-46	-7	-30	-6	-12	cell = 816 to 823
-29	-28	-48	-44	-33	16	-24	33	cell = 824 to 831
-20	25	-44	-25	-38	-15	-53	8	cell = 832 to 839
-28	-3	-50	-11	-24	-37	-21	19	cell = 840 to 847
-19	-22	-12	-13	16	-35	-30	-36	cell = 848 to 855
-2	6	-63	-48	-26	-59	-35	-32	cell = 856 to 863
-10	20	-34	-5	-9	-47	-26	-17	cell = 864 to 871
-3	-28	-6	-10	-55	-7	-27	-58	cell = 872 to 879
21	-19	-46	-47	-15	-34	-5	-27	cell = 880 to 887
-55	-78	19	-37	-10	-13	-39	-16	cell = 888 to 895
-67	-12	-35	21	6	-92	33	0	cell = 896 to 903
-38	0	-49	-12	2	-18	-24	-32	cell = 904 to 911
0	-15	23	-40	-31	-8	-45	-22	cell = 912 to 919
-20	-26	-21	-17	-14	-24	-8	-24	cell = 920 to 927
-17	-29	-41	-7	-30	4	-35	-19	cell = 928 to 935
-30	0	-43	-11	42	-8	-29	8	cell = 936 to 943
-13	16	-38	-27	-7	-33	-4	7	cell = 944 to 951
-43	1	27	11	-43	11	-61	-41	cell = 952 to 959
-16	-38	-23	-8	5	-35	-12	-21	cell = 960 to 967
-16	-17	-15	-23	-20	-43	-26	-31	cell = 968 to 975
-12	-13	-69	-7	3	5	-13	35	cell = 976 to 983
-5	-40	5	-20	-35	-35	-12	-38	cell = 984 to 991
-20	22	-38	-16	25	14	-45	-8	cell = 992 to 999
-37	25	-32	-6	6	-37	8	-21	cell = 1000 to 1007
-27	-12	-38	-57	-4	-29	-69	-16	cell = 1008 to 1015
-34	8	-28	-25	-34	-55	-66	-48	cell = 1016 to 1023
Calibration values from cell 0 to 1024 for channel 3:

16	22	80	-13	48	5	21	-5	cell = 0 to 7
32	-25	59	-5	47	-39	33	-22	cell = 8 to 15
8	-5	38	-6	87	-35	54	-12	cell = 16 to 23
32	-5	34	-9	73	-11	28	-41	cell = 24 to 31
46	-11	45	-36	51	-12	60	3	cell = 32 to 39
44	-1	67	-13	58	42	48	-35	cell = 40 to 47
64	16	85	-47	-8	-35	23	-19	cell = 48 to 55
54	-5	26	-19	53	17	6	-9	cell = 56 to 63
55	-18	21	-30	67	3	71	-72	cell = 64 to 71
107	12	46	50	15	9	-8	-16	cell = 72 to 79
18	47	65	-7	55	-5	21	-33	cell = 80 to 87
58	-35	80	-30	14	-14	91	-26	cell = 88 to 95
71	-30	64	32	61	0	-14	-24	cell = 96 to 103
90	33	66	16	59	-17	75	-3	cell = 104 to 111
37	-2	41	-40	36	7	42	20	cell = 112 to 119
72	6	42	-18	24	2	38	16	cell = 120 to 127
35	3	41	-31	62	-35	64	-34	cell = 128 to 135
75	58	30	-7	52	-29	29	-19	cell = 136 to 143
47	-22	67	-39	66	-1	19	15	cell = 144 to 151
26	-16	72	-21	68	-7	51	-25	cell = 152 to 159
75	13	81	-49	14	-12	71	3	cell = 160 to 167
58	-12	50	10	48	-16	37	0	cell = 168 to 175
25	-11	23	-33	56	3	31	1	cell = 176 to 183
32	-12	35	-46	29	18	17	-50	cell = 184 to 191
56	-28	22	-1	41	-12	14	-33	cell = 192 to 199
40	6	74	-25	47	13	20	-2	cell = 200 to 207
39	9	34	-33	0	-9	77	8	cell = 208 to 215
52	19	15	-23	66	4	34	-33	cell = 216 to 223
19	15	55	22	56	10	35	-21	cell = 224 to 231
49	-23	36	-63	78	12	50	-16	cell = 232 to 239
14	-23	45	4	27	-30	53	-12	cell = 240 to 247
39	18	40	0	34	-53	-2	-43	cell = 248 to 255
73	11	62	-14	26	-43	56	-34	cell = 256 to 263
69	-29	6	-39	0	-26	24	-19	cell = 264 to 271
11	-54	55	27	40	21	40	-13	cell = 272 to 279
51	6	60	21	58	-26	75	24	cell = 280 to 287
26	25	11	31	15	-20	36	-36	cell = 288 to 295
60	-17	32	5	65	-25	56	-20	cell = 296 to 303
59	-12	52	-26	8	-26	31	-9	cell = 304 to 311
84	-18	1	-33	49	14	41	-39	cell = 312 to 319
50	-23	95	2	45	-30	78	-6	cell = 320 to 327
53	-47	91	11	53	18	61	-39	cell = 328 to 335
56	14	36	-8	57	11	34	-21	cell = 336 to 343
60	-18	27	3	44	-39	38	-11	cell = 344 to 351
50	-42	-2	7	48	-8	19	0	cell = 352 to 359
39	-25	34	-21	51	-9	44	15	cell = 360 to 367
81	-43	59	-10	18	15	19	16	cell = 368 to 375
66	6	39	-11	12	-3	22	9	cell = 376 to 383
21	-16	60	-15	47	-28	45	-11	cell = 384 to 391
72	2	44	-4	40	-3	52	-10	cell = 392 to 399
79	-31	62	15	32	10	62	7	cell = 400 to 407
41	-23	88	-7	46	-5	53	-20	cell = 408 to 415
61	19	64	6	44	-7	28	4	cell = 416 to 423
38	-25	46	-23	50	-24	66	-4	cell = 424 to 431
22	4	35	-18	62	14	62	-20	cell = 432 to 439
47	10	48	-34	48	-8	27	-6	cell = 440 to 447
43	11	26	-39	35	-12	33	-57	cell = 448 to 455
27	-39	33	7	27	-13	77	-14	cell = 456 to 463
80	-20	47	0	57	44	35	-29	cell = 464 to 471
9	-10	80	21	58	-24	73	-50	cell = 472 to 479
78	16	26	-12	60	-35	19	-48	cell = 480 to 487
35	-10	78	2	61	-2	84	1	cell = 488 to 495
86	-30	-17	-94	-52	-119	8	-80	cell = 496 to 503
62	0	22	-29	6	-11	68	-9	cell = 504 to 511
4	-9	-45	23	-28	-22	-26	-42	cell = 512 to 519
-2	3	-30	15	-17	14	2	26	cell = 520 to 527
-49	-26	-46	-58	-32	-34	-49	-17	cell = 528 to 535
-38	-29	-32	-51	-32	-39	19	-36	cell = 536 to 543
-14	1	11	-28	-71	-33	-24	-30	cell = 544 to 551
-4	-29	-37	-25	-14	-48	-7	-12	cell = 552 to 559
-48	20	-10	-30	22	-64	-12	-13	cell = 560 to 567
21	-67	-22	5	-19	-18	-60	8	cell = 568 to 575
-42	-24	-10	19	6	8	-40	10	cell = 576 to 583
21	-9	-20	-2	-28	-47	-45	-7	cell = 584 to 591
46	8	13	-25	-17	-46	-5	12	cell = 592 to 599
-27	-63	4	-6	34	-16	-14	-15	cell = 600 to 607
30	-8	-25	-8	-24	-42	-37	26	cell = 608 to 615
-15	1	-19	-26	-2	-8	-5	-82	cell = 616 to 623
-31	-26	-49	-6	-36	3	-29	-24	cell = 624 to 631
10	-27	-35	4	12	-24	-20	-20	cell = 632 to 639
-17	10	-9	-13	-34	-25	-64	6	cell = 640 to 647
30	-23	1	26	16	-38	-67	-12	cell = 648 to 655
39	-3	5	-42	-13	-45	-26	-22	cell = 656 to 663
0	-36	-24	-19	-21	-34	3	5	cell = 664 to 671
-22	-29	-43	11	-18	32	-14	-37	cell = 672 to 679
0	-7	17	25	1	-7	-8	-32	cell = 680 to 687
23	-41	-16	2	-19	4	17	-6	cell = 688 to 695
21	-4	-42	-39	-34	4	-33	-26	cell = 696 to 703
0	-16	-38	-45	-9	-30	-43	-44	cell = 704 to 711
-15	-23	-34	-3	47	-5	-18	7	cell = 712 to 719
-18	-6	7	-20	-32	-5	-31	-8	cell = 720 to 727
-7	-9	-19	-33	-19	-16	-51	-15	cell = 728 to 735
-15	-15	-26	20	-29	-46	-21	12	cell = 736 to 743
-11	-33	-35	-15	4	-9	-24	-26	cell = 744 to 751
-37	-56	-34	35	30	-35	-6	-4	cell = 752 to 759
3	-40	-29	-5	-36	-3	-1	-11	cell = 760 to 767
-38	-21	-58	-14	-20	-13	4	-16	cell = 768 to 775
-19	-25	-28	-56	-36	-41	-32	-30	cell = 776 to 783
-20	28	-70	-32	0	-22	-30	15	cell = 784 to 791
-26	-46	12	8	-16	-8	32	23	cell = 792 to 799
1	-36	-6	9	-35	-16	-12	-10	cell = 800 to 807
-28	0	-4	-35	-26	-25	-33	-28	cell = 808 to 815
-8	-54	-24	-64	-27	-14	11	-17	cell = 816 to 823
5	-42	-6	-22	-75	-41	-24	-19	cell = 824 to 831
-54	-33	-14	-36	9	4	2	-6	cell = 832 to 839
0	-22	-54	-34	-36	-10	-4	8	cell = 840 to 847
-18	-5	-45	-28	-14	-43	-12	3	cell = 848 to 855
-29	-28	-51	-30	-31	17	-28	-24	cell = 856 to 863
15	-27	-21	-56	18	-29	-31	-19	cell = 864 to 871
15	-25	13	-56	27	-53	-3	-17	cell = 872 to 879
-30	-5	12	-14	-7	7	-37	-6	cell = 880 to 887
21	-31	-46	-28	-18	-28	21	1	cell = 888 to 895
35	-19	-20	-4	-50	-2	-23	-52	cell = 896 to 903
-9	37	22	-34	9	-16	-14	-11	cell = 904 to 911
3	-35	-28	-33	-9	-14	-23	5	cell = 912 to 919
-34	-27	-45	-71	-28	-47	4	-26	cell = 920 to 927
-12	20	6	17	-23	-22	-23	13	cell = 928 to 935
-31	-29	18	-27	23	-12	-17	-13	cell = 936 to 943
-9	1	-39	8	13	3	-22	31	cell = 944 to 951
-12	-5	-56	0	10	5	-60	-15	cell = 952 to 959
-21	-27	-24	5	-22	-25	-47	-34	cell = 960 to 967
-34	-16	55	-12	-45	13	-9	-17	cell = 968 to 975
-7	35	-17	-35	4	-4	-52	-45	cell = 976 to 983
-27	-44	24	-37	-43	-25	-14	-42	cell = 984 to 991
-20	-37	-40	10	-17	2	-10	13	cell = 992 to 999
-39	-24	38	-11	-5	-17	-48	-56	cell = 1000 to 1007
-60	-8	-16	-100	-28	-36	-4	-31	cell = 1008 to 1015
-31	-28	-51	-17	-35	-29	-15	-5	cell = 1016 to 1023
Calibration values from cell 0 to 1024 for channel 4:

65	-38	49	10	7	17	34	3	cell = 0 to 7
57	-13	71	-11	22	-25	82	5	cell = 8 to 15
72	-64	17	-17	32	10	72	-44	cell = 16 to 23
37	-16	11	-25	51	-3	51	24	cell = 24 to 31
57	-6	48	39	9	-36	61	-1	cell = 32 to 39
58	-18	21	-4	27	-8	31	1	cell = 40 to 47
53	8	64	-23	62	-32	47	-27	cell = 48 to 55
58	-11	48	-14	22	-21	25	-18	cell = 56 to 63
60	46	47	-30	84	26	42	-58	cell = 64 to 71
70	-14	9	-17	62	-11	90	-13	cell = 72 to 79
50	-35	77	22	27	-39	35	11	cell = 80 to 87
40	-33	66	-8	34	-20	9	-25	cell = 88 to 95
63	-26	-25	-19	15	14	28	-70	cell = 96 to 103
23	-6	46	11	83	-29	58	8	cell = 104 to 111
28	6	73	-26	46	38	46	-25	cell = 112 to 119
70	1	62	-3	31	-23	62	-24	cell = 120 to 127
83	-19	36	-54	-4	-15	22	-34	cell = 128 to 135
32	20	53	-46	33	-30	63	18	cell = 136 to 143
35	8	53	3	23	-40	50	-12	cell = 144 to 151
64	1	25	-23	47	-12	15	42	cell = 152 to 159
31	-9	39	-3	74	4	28	8	cell = 160 to 167
34	-3	62	17	10	32	62	-17	cell = 168 to 175
39	-36	16	-20	80	4	31	-3	cell = 176 to 183
18	35	61	14	20	-30	20	-12	cell = 184 to 191
71	-3	51	-16	13	-32	36	-13	cell = 192 to 199
59	-15	63	-33	48	4	35	8	cell = 200 to 207
-8	-35	86	-7	48	-66	39	29	cell = 208 to 215
51	4	34	12	70	-7	24	2	cell = 216 to 223
32	-17	69	-22	44	-2	-12	-8	cell = 224 to 231
53	10	46	-5	35	25	69	-17	cell = 232 to 239
44	15	63	0	47	-36	72	-3	cell = 240 to 247
43	-33	7	5	77	18	44	-36	cell = 248 to 255
3	-39	61	-21	25	-47	92	-25	cell = 256 to 263
44	-51	54	-28	60	12	49	-8	cell = 264 to 271
75	-18	47	-22	30	13	14	-10	cell = 272 to 279
27	-31	41	-2	64	-7	41	22	cell = 280 to 287
38	24	29	12	35	-30	91	-12	cell = 288 to 295
1	-28	33	47	33	9	39	-4	cell = 296 to 303
73	-29	35	-40	36	2	46	-13	cell = 304 to 311
34	19	49	-3	63	-6	27	1	cell = 312 to 319
44	-18	36	-35	23	-6	26	4	cell = 320 to 327
34	-5	5	-46	65	48	47	7	cell = 328 to 335
48	-16	58	-6	87	-62	55	12	cell = 336 to 343
73	-27	68	-26	45	3	30	19	cell = 344 to 351
32	18	5	-16	49	-20	50	-22	cell = 352 to 359
90	-31	32	1	54	35	79	-52	cell = 360 to 367
8	-32	57	-17	11	0	64	-44	cell = 368 to 375
56	1	46	21	36	-26	26	-35	cell = 376 to 383
57	6	36	14	61	-43	63	0	cell = 384 to 391
67	-8	16	8	53	24	13	-3	cell = 392 to 399
49	10	33	11	4	35	46	11	cell = 400 to 407
67	-17	41	-13	30	-1	22	-18	cell = 408 to 415
39	17	42	-40	-3	-18	50	-35	cell = 416 to 423
36	-7	38	-36	10	-35	66	-27	cell = 424 to 431
64	-1	45	-6	31	22	78	-6	cell = 432 to 439
50	-9	54	-26	55	10	10	-39	cell = 440 to 447
53	-18	67	21	69	-30	35	-21	cell = 448 to 455
31	-52	60	-25	47	0	69	40	cell = 456 to 463
11	-24	61	-16	38	22	58	16	cell = 464 to 471
-2	-10	46	-4	51	20	76	-12	cell = 472 to 479
4	2	66	-1	46	-15	45	-6	cell = 480 to 487
67	-33	14	-17	23	-62	2	-26	cell = 488 to 495
37	-2	-40	-112	-2	-65	10	-96	cell = 496 to 503
38	5	54	15	49	-10	43	0	cell = 504 to 511
-10	-24	-4	-9	-51	-42	-34	12	cell = 512 to 519
11	-5	-45	0	-39	-33	-9	22	cell = 520 to 527
-27	-37	-63	-24	-3	-32	-14	-12	cell = 528 to 535
-28	-24	-36	-9	-37	-8	-33	-5	cell = 536 to 543
26	-16	3	-12	10	-7	-10	-17	cell = 544 to 551
-53	-48	11	5	-7	-6	-41	-17	cell = 552 to 559
-22	-51	-39	-39	9	-21	6	-36	cell = 560 to 567
-34	-13	-23	3	-1	16	-41	-40	cell = 568 to 575
-3	-33	-38	-68	-24	-49	-47	5	cell = 576 to 583
-6	-59	-40	-49	13	13	-11	-51	cell = 584 to 591
20	-14	-2	19	5	-27	-44	-5	cell = 592 to 599
-12	-40	-17	-4	-23	0	-19	-13	cell = 600 to 607
-25	2	10	-8	-32	-14	-47	-53	cell = 608 to 615
-18	8	0	-3	-25	-17	6	-8	cell = 616 to 623
5	-24	-21	8	-54	-6	-16	-54	cell = 624 to 631
-27	-48	0	-18	-31	-21	-39	37	cell = 632 to 639
4	-12	-16	-36	-6	-16	20	-22	cell = 640 to 647
5	-4	2	-5	15	-37	1	14	cell = 648 to 655
-6	-33	-33	-18	26	6	18	-3	cell = 656 to 663
-29	12	-13	-28	-9	-37	-38	6	cell = 664 to 671
-23	-25	-31	-16	31	7	-52	-39	cell = 672 to 679
7	67	-11	-40	-17	-26	-41	3	cell = 680 to 687
-23	-42	-4	-14	-40	-15	22	6	cell = 688 to 695
2	-16	-18	-20	-2	-28	-19	-11	cell = 696 to 703
-40	-3	-52	-10	-28	-25	-6	-2	cell = 704 to 711
-65	-32	5	-4	-34	-32	-7	-46	cell = 712 to 719
9	-30	3	-9	-39	-48	18	-3	cell = 720 to 727
-18	-11	-23	-36	-10	-39	-18	-34	cell = 728 to 735
-16	-5	25	9	-31	-37	-16	-50	cell = 736 to 743
-4	-23	-23	-8	10	-24	14	-20	cell = 744 to 751
-11	0	-4	-13	11	-10	2	12	cell = 752 to 759
-32	0	-19	3	-4	-10	-25	-41	cell = 760 to 767
-31	10	-21	-14	-1	-35	-27	-43	cell = 768 to 775
-45	-16	-10	7	-50	-22	-5	-8	cell = 776 to 783
3	6	-23	-38	-26	-13	-27	-10	cell = 784 to 791
-4	-3	-4	-11	56	-29	-40	-56	cell = 792 to 799
-35	-72	-25	-9	-9	-14	1	-26	cell = 800 to 807
-29	-21	0	-10	-25	10	-40	-42	cell = 808 to 815
-16	-30	-47	-6	-17	-27	1	30	cell = 816 to 823
-10	-11	-45	-25	-6	-20	-4	-27	cell = 824 to 831
-13	-15	-35	-10	-5	-22	-39	-62	cell = 832 to 839
-14	8	-50	-28	-24	-30	-75	-17	cell = 840 to 847
-28	-38	23	-43	19	-3	-12	30	cell = 848 to 855
4	-16	-12	4	-53	-4	-8	1	cell = 856 to 863
-17	-55	-49	-5	-30	-19	-3	-12	cell = 864 to 871
32	-9	-21	-26	-31	27	-32	-36	cell = 872 to 879
5	-31	-13	-7	-48	-42	-28	2	cell = 880 to 887
8	-4	-25	23	-10	22	-3	-20	cell = 888 to 895
-40	-59	2	-26	-13	-43	-5	-33	cell = 896 to 903
-26	-14	-29	-12	-45	-32	-57	-2	cell = 904 to 911
-44	-3	-3	-7	-43	21	-21	3	cell = 912 to 919
-26	-12	-47	-5	-26	2	-20	-2	cell = 920 to 927
15	7	-35	-12	31	-71	-5	1	cell = 928 to 935
10	4	-11	-23	-2	-20	2	-3	cell = 936 to 943
3	2	-5	-43	-7	14	2	7	cell = 944 to 951
0	-12	-17	-20	2	-8	-10	-17	cell = 952 to 959
-12	-23	2	-36	-12	-4	1	-43	cell = 960 to 967
-5	-20	-21	-42	-12	-30	-12	-49	cell = 968 to 975
-17	3	-31	0	1	-19	-16	-18	cell = 976 to 983
23	-2	-26	-8	-14	-12	-68	3	cell = 984 to 991
-62	-37	17	-25	5	-53	-19	-69	cell = 992 to 999
-30	-6	-20	3	-31	-9	-34	-17	cell = 1000 to 1007
-14	20	-29	-13	-29	3	-29	-19	cell = 1008 to 1015
-3	-10	-24	-32	-39	-38	-12	-58	cell = 1016 to 1023
Calibration values from cell 0 to 1024 for channel 5:

74	1	77	-15	43	-16	60	-29	cell = 0 to 7
45	16	54	-37	64	2	58	-34	cell = 8 to 15
31	-8	51	-5	14	-26	25	-12	cell = 16 to 23
52	-21	73	-5	26	21	39	-23	cell = 24 to 31
46	-13	18	-3	66	-17	38	-9	cell = 32 to 39
92	-31	19	-32	43	35	8	-1	cell = 40 to 47
43	-18	57	-23	71	-18	58	-55	cell = 48 to 55
33	-46	68	-6	41	-22	28	-15	cell = 56 to 63
67	-18	69	-37	47	8	37	19	cell = 64 to 71
12	29	66	4	34	-8	91	-7	cell = 72 to 79
39	-24	44	10	-4	-21	11	-11	cell = 80 to 87
39	-32	27	-27	73	-9	48	-32	cell = 88 to 95
14	20	62	-36	-3	-27	10	-40	cell = 96 to 103
39	18	34	10	32	0	35	11	cell = 104 to 111
86	-23	50	-13	47	20	35	-18	cell = 112 to 119
2	18	96	-49	29	-16	47	-21	cell = 120 to 127
40	-44	58	12	58	-8	76	4	cell = 128 to 135
100	23	65	-10	61	-37	43	11	cell = 136 to 143
51	1	56	20	42	50	43	-26	cell = 144 to 151
59	-10	53	6	30	32	44	-10	cell = 152 to 159
30	2	44	-12	67	13	65	-52	cell = 160 to 167
22	-22	79	-28	54	-12	28	-18	cell = 168 to 175
35	21	60	-6	8	-16	64	-9	cell = 176 to 183
52	-20	48	-5	58	-5	41	-11	cell = 184 to 191
11	-31	37	-14	34	5	26	21	cell = 192 to 199
27	-41	63	-23	27	5	78	-22	cell = 200 to 207
48	-41	71	-30	41	-12	45	-59	cell = 208 to 215
29	-10	15	-10	39	-33	44	-28	cell = 216 to 223
47	4	49	-10	19	34	65	-34	cell = 224 to 231
32	3	25	-5	58	9	25	-9	cell = 232 to 239
33	19	57	-22	83	20	41	-17	cell = 240 to 247
27	12	30	6	49	-33	62	20	cell = 248 to 255
15	-38	28	-49	59	1	51	-31	cell = 256 to 263
35	10	40	41	51	-10	63	23	cell = 264 to 271
41	1	65	4	36	32	52	-8	cell = 272 to 279
20	-13	61	-22	39	4	51	-8	cell = 280 to 287
-2	27	54	15	24	-5	82	-9	cell = 288 to 295
53	13	49	-22	20	28	61	-3	cell = 296 to 303
21	3	56	-9	79	-22	56	-6	cell = 304 to 311
67	8	36	13	59	-36	52	11	cell = 312 to 319
28	9	71	-38	36	-12	50	13	cell = 320 to 327
65	-15	41	-44	32	-9	77	-31	cell = 328 to 335
-11	-12	42	21	28	40	62	-4	cell = 336 to 343
36	-39	39	22	29	35	30	-22	cell = 344 to 351
31	-20	44	-25	6	20	41	-3	cell = 352 to 359
32	-28	28	11	57	-4	44	-22	cell = 360 to 367
57	-34	63	-26	58	-34	68	4	cell = 368 to 375
43	-17	56	-18	20	28	85	-13	cell = 376 to 383
37	-18	90	-56	39	-29	43	-9	cell = 384 to 391
12	-68	62	-49	43	32	70	3	cell = 392 to 399
71	-24	72	-69	32	-12	62	-43	cell = 400 to 407
16	-3	57	-15	60	37	31	15	cell = 408 to 415
5	13	48	-12	28	10	48	-50	cell = 416 to 423
62	-21	91	-6	82	-15	5	-27	cell = 424 to 431
24	-24	57	-3	34	-14	49	-23	cell = 432 to 439
49	-6	55	-29	40	-5	62	-11	cell = 440 to 447
43	-47	31	9	42	-4	-5	-26	cell = 448 to 455
42	23	60	-21	45	26	13	41	cell = 456 to 463
53	4	44	-6	80	-51	59	-30	cell = 464 to 471
39	-52	49	-18	57	-34	72	-12	cell = 472 to 479
42	9	71	8	56	-46	41	-14	cell = 480 to 487
43	1	5	-41	21	5	53	-11	cell = 488 to 495
38	-30	-19	-86	-23	-75	-48	-81	cell = 496 to 503
80	-28	41	11	36	-15	63	-24	cell = 504 to 511
7	-21	-25	19	-15	-7	0	-56	cell = 512 to 519
-24	-26	-55	-24	-38	7	-24	-9	cell = 520 to 527
-32	-14	-3	7	-34	-4	-24	10	cell = 528 to 535
-4	-43	-32	-10	-45	-24	-6	3	cell = 536 to 543
20	-51	-52	-16	9	-47	-14	-46	cell = 544 to 551
-28	-37	-11	-6	-16	-29	-15	-14	cell = 552 to 559
-27	0	-9	3	17	0	-29	-7	cell = 560 to 567
-17	-18	-21	-17	-19	-10	-25	-54	cell = 568 to 575
38	-33	0	-30	-35	-16	-9	-43	cell = 576 to 583
-16	-26	-47	-27	-4	-21	-26	0	cell = 584 to 591
-36	24	-32	-30	10	-18	-1	-14	cell = 592 to 599
39	-15	18	-21	-19	-9	-21	-41	cell = 600 to 607
-13	8	-19	-4	17	-31	25	-48	cell = 608 to 615
-27	-10	-13	5	30	-7	-31	-14	cell = 616 to 623
-28	-29	-28	-47	40	-21	-35	-15	cell = 624 to 631
-49	-68	-5	7	10	-44	-4	0	cell = 632 to 639
-52	-20	4	21	-2	-2	-16	-7	cell = 640 to 647
-32	-45	-56	8	-10	-48	-31	-24	cell = 648 to 655
-16	5	35	-30	-22	-32	-11	-21	cell = 656 to 663
-32	-3	-28	41	0	-8	-8	-9	cell = 664 to 671
-31	-69	6	-40	-17	-16	-5	-9	cell = 672 to 679
-6	21	-24	-26	9	-20	-2	-4	cell = 680 to 687
-35	-43	-14	-31	-10	-27	-13	8	cell = 688 to 695
-5	-40	3	-9	-12	-27	-37	-26	cell = 696 to 703
-5	-11	37	3	-30	-22	-25	-36	cell = 704 to 711
25	-44	6	-17	-25	-35	24	-42	cell = 712 to 719
-34	-30	-63	-48	2	-23	-45	-14	cell = 720 to 727
21	-20	-12	6	-8	-40	0	-10	cell = 728 to 735
18	-14	-20	-24	-24	-31	-54	-16	cell = 736 to 743
-44	-48	-7	-13	0	-11	-15	-23	cell = 744 to 751
-28	-46	-14	-12	25	-7	-4	-5	cell = 752 to 759
-14	-11	48	-11	-5	-85	-31	-57	cell = 760 to 767
-47	-26	-33	-39	16	-18	-53	-28	cell = 768 to 775
-5	-61	-14	11	10	-47	18	-44	cell = 776 to 783
-29	-12	-1	-29	-14	4	-14	-23	cell = 784 to 791
-40	-20	-2	-35	-47	-20	-12	-7	cell = 792 to 799
-36	-39	-29	-46	7	2	-1	-5	cell = 800 to 807
0	-33	2	-56	-29	-34	-34	-17	cell = 808 to 815
-16	-41	14	-25	-11	-15	-62	-17	cell = 816 to 823
-16	-20	-37	-4	-7	32	-40	-20	cell = 824 to 831
-26	-10	-31	0	14	-37	-16	13	cell = 832 to 839
-12	-42	-42	-16	28	-8	-18	-31	cell = 840 to 847
-41	-49	-25	6	4	-4	-15	-10	cell = 848 to 855
-26	-2	-41	-4	-36	-56	-20	-28	cell = 856 to 863
-56	-37	-19	-63	-39	15	-22	0	cell = 864 to 871
-9	-40	41	-37	13	-7	-18	25	cell = 872 to 879
5	-44	66	7	-20	-26	-17	-28	cell = 880 to 887
-6	-38	0	-32	-15	-7	-27	-19	cell = 888 to 895
-34	-7	-19	25	-31	-60	-56	-15	cell = 896 to 903
-24	-52	-40	-50	1	-8	-75	-24	cell = 904 to 911
-11	17	10	-23	-7	-25	1	-41	cell = 912 to 919
-14	12	-20	-15	-38	-16	12	-12	cell = 920 to 927
-21	-30	-37	0	27	-73	-10	3	cell = 928 to 935
4	-47	-13	-33	-7	-3	0	-46	cell = 936 to 943
-13	-4	-5	-21	-33	-27	-16	-12	cell = 944 to 951
-26	-23	1	23	-13	9	-50	-29	cell = 952 to 959
-50	-27	-57	4	-14	0	33	27	cell = 960 to 967
-4	-9	-29	0	26	17	8	-34	cell = 968 to 975
7	-33	-22	13	26	-34	-24	1	cell = 976 to 983
9	-36	-14	-21	-29	-40	-23	-23	cell = 984 to 991
-25	-15	-2	4	-69	-8	-11	-42	cell = 992 to 999
-5	-6	-39	22	-42	2	-8	-20	cell = 1000 to 1007
5	-6	-57	-10	-37	-31	-2	-59	cell = 1008 to 1015
-16	-35	-58	-11	0	-9	-19	-27	cell = 1016 to 1023
Calibration values from cell 0 to 1024 for channel 6:

88	-8	47	-37	33	-18	30	-32	cell = 0 to 7
54	-11	33	1	47	-63	36	-9	cell = 8 to 15
37	-5	24	-8	72	24	54	-45	cell = 16 to 23
22	-12	49	35	17	60	47	-24	cell = 24 to 31
29	1	44	-4	19	-4	51	-7	cell = 32 to 39
43	-12	47	32	37	-27	60	20	cell = 40 to 47
-5	10	42	-28	0	6	23	-21	cell = 48 to 55
54	3	56	-18	46	-1	3	-33	cell = 56 to 63
11	8	57	-36	25	-40	4	3	cell = 64 to 71
39	-4	32	-24	1	-37	58	-15	cell = 72 to 79
65	-18	16	-7	30	5	22	-3	cell = 80 to 87
52	-2	56	-16	77	-24	8	5	cell = 88 to 95
9	7	22	-9	86	-41	21	-56	cell = 96 to 103
34	-1	71	6	43	32	41	-21	cell = 104 to 111
34	27	54	-27	93	19	44	-19	cell = 112 to 119
22	-57	34	-15	22	35	68	-8	cell = 120 to 127
81	-37	56	43	35	0	62	13	cell = 128 to 135
65	-17	47	-11	64	0	47	-7	cell = 136 to 143
64	-6	57	-20	40	-25	-10	3	cell = 144 to 151
87	-2	85	19	51	-24	48	6	cell = 152 to 159
24	-9	15	0	78	-34	45	-26	cell = 160 to 167
53	-1	53	-14	64	-12	71	-7	cell = 168 to 175
31	11	69	-33	64	-21	55	-21	cell = 176 to 183
72	-14	48	-17	32	22	68	5	cell = 184 to 191
74	29	51	-3	29	-17	65	-36	cell = 192 to 199
45	-2	83	-1	47	-20	56	9	cell = 200 to 207
70	-23	56	-5	49	-1	69	-67	cell = 208 to 215
65	-28	78	1	44	-12	75	-13	cell = 216 to 223
58	-14	40	-32	50	-3	32	-21	cell = 224 to 231
46	22	35	5	30	9	96	-20	cell = 232 to 239
69	-29	49	-19	20	-28	38	-21	cell = 240 to 247
58	-15	65	-31	68	16	7	20	cell = 248 to 255
72	-1	64	-2	33	-58	79	-42	cell = 256 to 263
55	-4	7	-70	51	15	62	-27	cell = 264 to 271
64	-45	79	0	26	0	57	0	cell = 272 to 279
80	18	35	-4	67	22	30	-34	cell = 280 to 287
41	15	44	-5	19	9	37	-19	cell = 288 to 295
60	-63	45	-29	70	6	56	7	cell = 296 to 303
43	-42	59	-15	27	-20	76	9	cell = 304 to 311
52	-4	42	-18	11	-15	43	-49	cell = 312 to 319
84	-39	30	-13	39	-12	81	16	cell = 320 to 327
39	7	42	-44	62	-55	54	-15	cell = 328 to 335
84	15	40	-23	86	-6	53	-33	cell = 336 to 343
50	-3	67	8	51	-26	77	-16	cell = 344 to 351
38	-9	40	-27	75	11	36	7	cell = 352 to 359
25	-4	49	-21	30	5	34	6	cell = 360 to 367
50	-28	40	-40	40	-7	67	13	cell = 368 to 375
25	8	9	-6	43	-9	37	-12	cell = 376 to 383
30	14	24	-28	76	-45	54	-21	cell = 384 to 391
73	-56	59	-36	50	-41	84	16	cell = 392 to 399
26	-17	72	11	58	-21	71	3	cell = 400 to 407
34	26	15	-44	36	32	53	-38	cell = 408 to 415
19	-26	73	18	61	30	63	-22	cell = 416 to 423
66	10	43	-24	21	-35	57	19	cell = 424 to 431
25	-13	49	-44	49	-31	38	-14	cell = 432 to 439
32	-8	87	-7	33	-11	44	-31	cell = 440 to 447
29	47	27	-6	64	-3	9	-8	cell = 448 to 455
48	28	43	-65	98	25	33	3	cell = 456 to 463
17	-4	31	28	49	-5	57	15	cell = 464 to 471
11	4	30	-4	13	-8	25	5	cell = 472 to 479
37	0	32	-48	36	-5	61	-13	cell = 480 to 487
21	-4	83	-26	48	-42	117	-7	cell = 488 to 495
28	22	-13	-82	-29	-66	-35	-73	cell = 496 to 503
59	31	47	16	50	-35	38	-21	cell = 504 to 511
-10	-4	-18	-31	-47	-49	-18	-22	cell = 512 to 519
12	-31	-42	-38	-58	-23	23	-18	cell = 520 to 527
-6	-30	-10	-2	-9	-15	13	-59	cell = 528 to 535
4	12	-51	-38	-26	-18	-56	-30	cell = 536 to 543
3	-21	-42	8	29	-27	-45	-12	cell = 544 to 551
-32	-61	-25	26	3	-17	-28	-9	cell = 552 to 559
21	-18	0	-39	-8	-41	4	-14	cell = 560 to 567
16	-10	-2	11	2	-35	-28	6	cell = 568 to 575
-21	-3	-37	-22	-39	-36	-1	-11	cell = 576 to 583
-48	-31	-51	-27	-35	-82	15	-11	cell = 584 to 591
-28	0	-18	10	-18	32	-53	-18	cell = 592 to 599
20	-13	19	-59	3	-21	-27	-9	cell = 600 to 607
29	-38	-12	-31	15	5	-30	-12	cell = 608 to 615
7	-34	-11	-1	-4	-38	-14	-26	cell = 616 to 623
-35	-11	-3	-17	-29	-8	-19	-42	cell = 624 to 631
-11	31	-20	-35	-25	9	-5	-19	cell = 632 to 639
-1	-41	-36	-20	-56	2	-21	-40	cell = 640 to 647
-7	-14	-47	-14	3	-77	4	30	cell = 648 to 655
-23	-12	-55	-6	-17	-51	3	5	cell = 656 to 663
-3	-14	-30	-27	14	-78	-35	-21	cell = 664 to 671
-14	-28	-2	-14	-19	7	-5	-5	cell = 672 to 679
9	-3	-4	-39	-31	26	-47	-9	cell = 680 to 687
-27	-10	-4	2	18	-34	9	-6	cell = 688 to 695
4	-42	-1	-29	-10	8	-35	14	cell = 696 to 703
-16	-35	5	-6	5	6	-28	-21	cell = 704 to 711
-13	-7	-56	4	-28	-17	-11	6	cell = 712 to 719
-38	-41	-28	-8	32	-30	-24	-54	cell = 720 to 727
-39	-63	-16	14	-18	-33	-25	-28	cell = 728 to 735
-13	-34	33	-28	28	-30	16	-43	cell = 736 to 743
-31	-28	3	-26	10	-13	-32	-16	cell = 744 to 751
-8	-26	-52	-16	17	-19	-18	23	cell = 752 to 759
-26	4	-4	-28	2	-29	-10	-12	cell = 760 to 767
-26	-46	-30	-16	-27	-48	-54	-24	cell = 768 to 775
-19	-25	-32	-3	-7	-32	-61	-30	cell = 776 to 783
-26	-61	-39	13	-28	-31	-33	-13	cell = 784 to 791
0	-14	-26	-36	21	-47	-9	-25	cell = 792 to 799
-9	-70	4	-11	9	7	-52	-21	cell = 800 to 807
-25	-60	0	-2	34	-28	-34	-13	cell = 808 to 815
-24	-39	-20	-43	-60	-42	-10	3	cell = 816 to 823
-25	-24	14	-3	-9	-26	-64	-10	cell = 824 to 831
11	-16	5	-62	-32	-11	-20	-47	cell = 832 to 839
7	13	20	-28	-29	-4	-35	-11	cell = 840 to 847
-29	-44	-15	-28	-25	-39	-34	26	cell = 848 to 855
37	-24	-6	3	-17	-65	-13	-31	cell = 856 to 863
-41	7	0	18	1	-39	22	-21	cell = 864 to 871
2	-19	-4	-55	-12	10	-51	-44	cell = 872 to 879
-32	-32	-17	-32	20	-6	-3	16	cell = 880 to 887
-42	-31	-72	-39	11	-40	-41	1	cell = 888 to 895
-11	-31	-41	-27	-16	-18	-18	17	cell = 896 to 903
19	-60	-2	-17	7	-31	35	14	cell = 904 to 911
-23	-33	-57	-31	8	2	-55	-8	cell = 912 to 919
-32	30	23	4	-4	1	-27	2	cell = 920 to 927
-36	-14	-64	-28	-8	-49	-19	-8	cell = 928 to 935
-2	3	-16	-50	-28	-49	-18	8	cell = 936 to 943
-6	-2	-31	30	-10	-55	1	-9	cell = 944 to 951
-33	-21	-17	-15	-17	-19	5	-13	cell = 952 to 959
-28	-4	-27	-3	-15	16	-7	-3	cell = 960 to 967
-29	-6	0	-26	-39	-60	-33	-30	cell = 968 to 975
15	-4	9	-7	6	-9	-22	8	cell = 976 to 983
2	-25	-82	-20	-29	-42	-27	-33	cell = 984 to 991
-6	-13	-39	-9	-40	9	-14	-33	cell = 992 to 999
-24	-7	-5	-7	-21	-32	-13	-20	cell = 1000 to 1007
-73	-17	4	-6	-9	-60	-48	-15	cell = 1008 to 1015
-43	-42	-14	-43	-2	0	-8	-13	cell = 1016 to 1023
Calibration values from cell 0 to 1024 for channel 7:

63	-7	26	-43	41	-31	54	-45	cell = 0 to 7
43	-46	33	28	17	-3	1	-12	cell = 8 to 15
63	-24	42	-14	16	4	28	13	cell = 16 to 23
38	14	56	1	74	-19	62	-41	cell = 24 to 31
69	31	49	8	43	10	70	2	cell = 32 to 39
74	-12	40	-12	52	2	26	1	cell = 40 to 47
67	13	54	18	40	16	37	-18	cell = 48 to 55
30	-26	71	-19	43	-38	37	-4	cell = 56 to 63
62	27	78	-32	42	-34	28	2	cell = 64 to 71
44	-18	47	-18	57	-24	12	-20	cell = 72 to 79
90	-16	35	-9	38	-47	32	-21	cell = 80 to 87
50	-4	61	8	-2	-36	73	7	cell = 88 to 95
42	-1	61	-40	49	-2	105	-36	cell = 96 to 103
69	-27	86	-35	61	14	23	9	cell = 104 to 111
20	-35	43	-10	7	-14	29	-26	cell = 112 to 119
64	-29	29	-19	46	-37	65	-44	cell = 120 to 127
43	-22	58	-21	38	-22	54	-41	cell = 128 to 135
20	1	40	-26	39	-15	10	-10	cell = 136 to 143
22	-9	19	-23	49	-3	30	11	cell = 144 to 151
68	-15	71	-10	44	32	54	-26	cell = 152 to 159
73	-45	33	-14	37	-22	28	11	cell = 160 to 167
23	-25	31	7	81	-23	36	4	cell = 168 to 175
49	-3	97	-6	59	3	84	-24	cell = 176 to 183
55	-16	45	8	68	-11	65	30	cell = 184 to 191
32	-28	71	15	36	-34	50	-10	cell = 192 to 199
57	-34	74	-35	70	3	56	1	cell = 200 to 207
39	4	40	22	53	-19	17	-17	cell = 208 to 215
93	2	30	-19	23	-3	85	-5	cell = 216 to 223
23	-11	50	19	40	-41	90	-26	cell = 224 to 231
72	27	63	-37	29	-15	36	-33	cell = 232 to 239
21	-30	40	6	27	9	38	-26	cell = 240 to 247
36	-30	45	-11	70	14	44	-53	cell = 248 to 255
-19	-3	31	22	4	-15	36	8	cell = 256 to 263
70	-8	95	-21	50	-2	48	-27	cell = 264 to 271
22	-8	11	9	64	10	69	1	cell = 272 to 279
42	-30	26	28	25	-20	39	15	cell = 280 to 287
61	36	43	7	46	-25	85	-37	cell = 288 to 295
55	-13	63	9	31	9	4	0	cell = 296 to 303
52	-16	6	18	90	-18	32	8	cell = 304 to 311
32	0	55	-24	8	-35	81	-12	cell = 312 to 319
53	-6	51	-47	49	25	32	-45	cell = 320 to 327
30	-13	11	-23	43	-7	47	6	cell = 328 to 335
67	-20	18	-10	37	-10	42	-23	cell = 336 to 343
57	-18	53	-38	77	31	56	-14	cell = 344 to 351
4	-37	63	-13	46	39	10	-24	cell = 352 to 359
12	-9	35	-18	58	-17	27	-10	cell = 360 to 367
-5	13	48	35	0	6	57	2	cell = 368 to 375
52	1	55	-13	60	-5	53	-39	cell = 376 to 383
19	39	48	-37	26	-13	80	-14	cell = 384 to 391
30	-10	53	-29	94	-37	31	-25	cell = 392 to 399
54	-10	25	-21	48	-8	5	3	cell = 400 to 407
32	-45	36	-15	75	15	37	-35	cell = 408 to 415
55	17	53	6	31	-35	38	-18	cell = 416 to 423
9	0	34	-22	54	-12	49	2	cell = 424 to 431
22	1	41	3	65	-58	41	-4	cell = 432 to 439
23	4	28	5	5	13	29	-66	cell = 440 to 447
39	-5	47	-28	53	10	41	-55	cell = 448 to 455
57	17	46	7	50	-15	51	-11	cell = 456 to 463
61	-16	10	9	68	-4	61	10	cell = 464 to 471
50	-73	30	0	17	-41	58	22	cell = 472 to 479
29	-1	10	4	70	-15	24	-13	cell = 480 to 487
13	2	82	-35	51	-42	16	-24	cell = 488 to 495
27	17	-40	-111	-28	-96	-16	-107	cell = 496 to 503
60	-26	2	-7	48	-26	39	-16	cell = 504 to 511
-17	-20	-12	-12	3	-58	-11	-42	cell = 512 to 519
-11	-44	-17	-6	14	-31	-41	-52	cell = 520 to 527
-6	-59	-36	11	-12	-25	-24	-3	cell = 528 to 535
-11	-10	17	-11	-49	-25	-33	-24	cell = 536 to 543
-50	-5	-2	4	-7	-25	2	-5	cell = 544 to 551
-35	-30	4	-15	1	-33	-14	36	cell = 552 to 559
-5	-40	-16	-4	-52	-40	-25	4	cell = 560 to 567
8	-27	-37	-27	-10	-9	-31	11	cell = 568 to 575
-13	-42	-36	-13	-25	-22	24	-27	cell = 576 to 583
2	-37	-5	52	-38	-25	-33	-17	cell = 584 to 591
28	-31	-28	-34	0	12	23	3	cell = 592 to 599
8	-40	16	6	18	-24	-7	-19	cell = 600 to 607
-3	-24	-31	23	-15	-37	20	-48	cell = 608 to 615
-11	0	-54	-44	1	-27	8	39	cell = 616 to 623
-35	5	-15	-3	-17	-24	-24	-12	cell = 624 to 631
19	11	-11	5	-38	26	-27	-18	cell = 632 to 639
10	-29	-28	-12	-43	-59	7	-47	cell = 640 to 647
1	-23	-7	-6	-30	-22	7	-20	cell = 648 to 655
-2	2	-31	-12	7	1	-12	2	cell = 656 to 663
-6	14	-18	7	6	-50	-30	-2	cell = 664 to 671
34	-59	22	-26	-8	-40	-42	-18	cell = 672 to 679
-23	-53	-17	-29	-17	1	1	19	cell = 680 to 687
-11	-31	19	-12	8	-20	9	-39	cell = 688 to 695
-31	-10	-37	-21	10	-11	-14	-9	cell = 696 to 703
-2	-21	-28	-26	-14	-12	-30	-10	cell = 704 to 711
-23	10	-55	-32	-29	-25	-14	2	cell = 712 to 719
10	1	-38	-48	13	-43	-53	-9	cell = 720 to 727
-9	-10	-13	-4	-35	2	-4	-33	cell = 728 to 735
-7	-34	-8	3	-5	6	-16	-26	cell = 736 to 743
-4	-31	-13	-23	-27	-35	2	0	cell = 744 to 751
-2	-37	-3	-34	-36	-1	-8	-2	cell = 752 to 759
4	-10	-26	11	-27	-18	-24	-15	cell = 760 to 767
-29	-11	-54	-34	-46	-30	-8	-27	cell = 768 to 775
-49	-12	3	-33	-26	-15	-48	-13	cell = 776 to 783
-60	-19	-40	10	-5	-33	6	-11	cell = 784 to 791
-16	-43	29	26	-17	-25	-8	-43	cell = 792 to 799
-8	31	2	9	31	3	-17	-23	cell = 800 to 807
-10	-22	6	-31	-19	-30	-61	6	cell = 808 to 815
7	-35	-30	-39	12	-14	-4	-18	cell = 816 to 823
29	9	32	-32	-35	-49	-41	-32	cell = 824 to 831
-34	-26	-35	7	-35	9	42	7	cell = 832 to 839
-45	-17	33	20	-63	-40	-2	-14	cell = 840 to 847
6	-13	0	4	-33	4	-26	-37	cell = 848 to 855
-18	-8	-3	-2	-26	-36	-33	-20	cell = 856 to 863
10	-8	-49	-2	-36	-17	-36	25	cell = 864 to 871
-34	-7	-37	34	-35	-34	4	19	cell = 872 to 879
0	-51	-24	-6	10	13	-5	-23	cell = 880 to 887
-40	-20	-25	-1	-38	-27	8	8	cell = 888 to 895
-34	-51	-2	-58	2	11	-47	-36	cell = 896 to 903
-55	-11	-33	-28	26	-20	-24	-19	cell = 904 to 911
-45	-41	17	-25	10	8	-19	17	cell = 912 to 919
-27	-25	-68	-34	-34	-13	-70	-15	cell = 920 to 927
40	-18	-57	-62	29	-21	17	-43	cell = 928 to 935
-51	-32	22	-29	7	2	-38	-57	cell = 936 to 943
-13	-19	-25	-25	-17	13	-32	-7	cell = 944 to 951
1	-34	-14	-20	-12	-15	5	-46	cell = 952 to 959
-17	-14	-56	-35	9	-7	-18	-62	cell = 960 to 967
-40	-33	24	-18	-42	-57	22	-14	cell = 968 to 975
-34	-2	-42	13	-34	6	-30	3	cell = 976 to 983
-8	-4	6	1	-24	-1	-24	-55	cell = 984 to 991
7	30	14	-18	-6	41	13	1	cell = 992 to 999
-35	-29	-4	-27	-34	-22	-41	3	cell = 1000 to 1007
-20	-47	7	-14	-50	-1	-27	-17	cell = 1008 to 1015
4	-19	-49	-22	-45	-61	-10	-35	cell = 1016 to 1023
Calibration values from cell 0 to 1024 for channel 8:

38	41	33	-9	68	9	52	-34	cell = 0 to 7
51	-12	29	1	49	42	52	5	cell = 8 to 15
83	-12	82	14	29	5	57	10	cell = 16 to 23
65	10	39	18	36	-1	41	-20	cell = 24 to 31
34	1	39	-19	55	20	4	-28	cell = 32 to 39
39	11	33	-25	47	-17	15	-5	cell = 40 to 47
77	11	37	22	28	17	64	-12	cell = 48 to 55
59	-31	15	25	47	16	14	-41	cell = 56 to 63
43	4	37	-12	35	16	89	20	cell = 64 to 71
13	-8	48	17	13	34	96	-13	cell = 72 to 79
50	21	34	-3	27	-26	-9	-11	cell = 80 to 87
24	19	55	12	81	-15	91	0	cell = 88 to 95
33	-27	42	-1	49	-43	19	-11	cell = 96 to 103
42	5	33	-37	34	39	22	-49	cell = 104 to 111
8	-11	38	-6	65	-2	31	-25	cell = 112 to 119
44	24	56	-15	45	-7	72	24	cell = 120 to 127
23	-5	39	9	-4	19	33	-29	cell = 128 to 135
33	-24	53	27	60	25	50	-23	cell = 136 to 143
18	8	65	12	72	-13	54	-5	cell = 144 to 151
8	-4	31	-27	3	-25	36	31	cell = 152 to 159
31	22	36	0	15	-12	63	22	cell = 160 to 167
3	-16	48	30	40	-20	38	1	cell = 168 to 175
48	20	14	2	48	4	49	-5	cell = 176 to 183
50	15	18	-5	51	-24	32	-1	cell = 184 to 191
48	-28	7	41	50	-20	59	-20	cell = 192 to 199
35	-12	45	-2	69	-4	48	21	cell = 200 to 207
22	14	47	2	11	48	38	-31	cell = 208 to 215
56	6	35	-2	23	-6	60	-5	cell = 216 to 223
32	-4	40	13	21	40	10	-13	cell = 224 to 231
21	26	41	36	43	5	25	0	cell = 232 to 239
23	-5	55	28	6	18	12	-54	cell = 240 to 247
58	8	37	24	18	9	58	22	cell = 248 to 255
23	-14	-9	-6	22	-23	28	40	cell = 256 to 263
40	-14	50	-37	35	-34	22	-27	cell = 264 to 271
66	-20	63	3	45	-10	47	28	cell = 272 to 279
23	27	38	-18	30	24	28	-19	cell = 280 to 287
50	-15	40	-38	35	47	48	12	cell = 288 to 295
69	-15	57	11	14	-3	55	-8	cell = 296 to 303
48	-18	65	-11	53	-44	103	-44	cell = 304 to 311
23	-42	21	-35	0	6	70	-21	cell = 312 to 319
18	-24	48	4	24	-13	68	6	cell = 320 to 327
-14	-1	9	0	67	30	26	-4	cell = 328 to 335
50	51	62	-42	53	-27	67	-11	cell = 336 to 343
44	-10	51	21	-19	-2	49	5	cell = 344 to 351
12	-15	22	35	39	28	65	10	cell = 352 to 359
53	-2	66	0	48	31	48	32	cell = 360 to 367
6	16	59	4	32	18	92	-22	cell = 368 to 375
26	3	49	-19	24	9	56	-29	cell = 376 to 383
71	3	33	-25	-10	-21	49	32	cell = 384 to 391
74	-27	43	-21	52	-15	11	16	cell = 392 to 399
62	17	31	-59	55	43	61	-18	cell = 400 to 407
76	2	64	4	-9	-19	24	14	cell = 408 to 415
5	5	16	18	53	-3	12	32	cell = 416 to 423
58	40	88	-47	20	-42	46	20	cell = 424 to 431
4	-6	0	-14	56	25	100	20	cell = 432 to 439
100	45	73	-29	26	-16	9	-30	cell = 440 to 447
54	-9	42	-2	55	-18	32	7	cell = 448 to 455
3	1	89	-48	18	20	54	-21	cell = 456 to 463
7	1	52	-26	81	-6	14	28	cell = 464 to 471
41	-8	71	18	70	-9	29	4	cell = 472 to 479
13	19	53	25	-14	1	28	-42	cell = 480 to 487
26	-8	89	-35	49	-28	60	-25	cell = 488 to 495
52	2	21	-96	-72	-57	-46	-87	cell = 496 to 503
51	10	56	58	57	0	36	-5	cell = 504 to 511
-31	2	-39	-3	-29	-72	-21	-26	cell = 512 to 519
-8	-50	-9	-45	-39	-42	-40	-18	cell = 520 to 527
-23	-5	12	10	-24	-43	-42	15	cell = 528 to 535
10	-28	-13	-7	19	-33	-1	47	cell = 536 to 543
-46	-36	-12	32	-37	-56	-34	-12	cell = 544 to 551
29	-8	25	-41	13	-42	-30	-22	cell = 552 to 559
14	-22	-3	-41	-7	0	-55	-29	cell = 560 to 567
-17	-16	-24	-4	17	-29	-22	7	cell = 568 to 575
-36	-18	-43	-21	-15	-39	-10	-12	cell = 576 to 583
-53	-37	-14	6	-47	-51	17	-49	cell = 584 to 591
-5	-46	-33	6	-41	-23	0	-25	cell = 592 to 599
-19	12	-36	-33	-3	-21	3	-29	cell = 600 to 607
2	-3	-28	42	-5	7	-68	-12	cell = 608 to 615
-38	-38	-23	-2	-62	19	-9	16	cell = 616 to 623
-49	-10	-29	20	35	20	-6	-41	cell = 624 to 631
-12	-15	-8	-35	9	7	-58	-3	cell = 632 to 639
-43	-11	-48	-15	-9	-55	-31	11	cell = 640 to 647
-37	-31	5	6	-74	20	-30	10	cell = 648 to 655
-27	-38	-31	-3	-6	-22	-11	-31	cell = 656 to 663
-24	-23	-12	-16	-12	-4	-19	-15	cell = 664 to 671
-21	3	-33	-17	24	2	-36	15	cell = 672 to 679
-36	26	-38	0	-18	-24	-12	-35	cell = 680 to 687
-30	-18	-21	-6	14	-23	-39	-9	cell = 688 to 695
-11	-39	-23	12	-19	0	-22	20	cell = 696 to 703
-26	-57	-54	-4	0	-16	-39	-22	cell = 704 to 711
13	16	-30	13	-13	9	-39	-24	cell = 712 to 719
-44	-17	-24	-21	-21	-12	-38	14	cell = 720 to 727
-23	-44	-62	19	31	-1	-55	-25	cell = 728 to 735
-40	-36	-2	-33	5	-36	-19	-20	cell = 736 to 743
-15	-9	-69	-11	-1	-48	-62	36	cell = 744 to 751
-25	-77	-51	32	-12	-10	-6	-26	cell = 752 to 759
-7	0	-23	-22	-31	-29	-71	-14	cell = 760 to 767
-51	-67	-69	8	9	-6	-42	-55	cell = 768 to 775
-22	-19	-51	-39	-51	-18	-63	-19	cell = 776 to 783
-28	-37	-35	-5	-8	8	21	8	cell = 784 to 791
-13	-43	-49	-46	-12	-18	-58	-18	cell = 792 to 799
-12	24	-30	-3	17	16	18	17	cell = 800 to 807
-39	-13	-21	-8	10	-29	-55	1	cell = 808 to 815
-23	14	-34	-1	-9	-19	-22	24	cell = 816 to 823
-41	-25	-15	-29	-11	7	-7	-13	cell = 824 to 831
6	-49	-19	-48	-17	-65	-34	-40	cell = 832 to 839
-27	-28	-32	-14	-10	-6	26	-19	cell = 840 to 847
38	-7	-57	10	-38	-43	-18	-9	cell = 848 to 855
-34	-19	-24	-8	-6	-14	-7	-23	cell = 856 to 863
-43	-32	-27	32	-53	-26	-49	-26	cell = 864 to 871
6	-33	-17	23	-47	-54	14	-21	cell = 872 to 879
-22	-35	-7	-19	-17	-16	2	-23	cell = 880 to 887
-40	-41	-14	33	-26	0	-54	-28	cell = 888 to 895
-21	-73	-2	29	13	-26	-49	-39	cell = 896 to 903
-36	-64	0	9	25	-25	-15	-16	cell = 904 to 911
-12	-32	-32	6	0	12	-15	-32	cell = 912 to 919
-30	-24	-1	-6	2	12	11	-4	cell = 920 to 927
-24	-65	-25	-1	-13	19	-18	22	cell = 928 to 935
-10	-52	-26	16	-46	-93	-30	-7	cell = 936 to 943
6	-16	10	-43	-40	-17	-32	-81	cell = 944 to 951
-44	-23	-29	-63	4	-29	-43	-25	cell = 952 to 959
18	-18	-44	-26	-26	-48	-8	-31	cell = 960 to 967
14	-30	-2	-27	-36	-11	21	-45	cell = 968 to 975
-23	10	-4	-20	-46	-33	-15	-30	cell = 976 to 983
-26	-4	-15	21	-42	-21	-15	28	cell = 984 to 991
-5	-35	0	-33	-61	-13	-50	-44	cell = 992 to 999
-41	-10	-34	-5	-46	-21	-39	3	cell = 1000 to 1007
-6	-23	-29	-51	5	-58	-36	-30	cell = 1008 to 1015
29	19	-31	-40	11	-23	8	-29	cell = 1016 to 1023
