Calibration values (ps) from cell 0 to 1024 :

00000.000	00000.395	00000.790	00001.187	00001.584	00001.983	00002.383	00002.784	cell = 0 to 7
00003.186	00003.588	00003.991	00004.395	00004.799	00005.203	00005.607	00006.011	cell = 8 to 15
00006.415	00006.818	00007.221	00007.623	00008.024	00008.425	00008.826	00009.229	cell = 16 to 23
00009.631	00010.033	00010.435	00010.837	00011.238	00011.638	00012.038	00012.437	cell = 24 to 31
00012.838	00013.240	00013.642	00014.045	00014.449	00014.853	00015.257	00015.660	cell = 32 to 39
00016.062	00016.466	00016.869	00017.271	00017.672	00018.073	00018.475	00018.878	cell = 40 to 47
00019.282	00019.686	00020.091	00020.495	00020.899	00021.303	00021.705	00022.108	cell = 48 to 55
00022.511	00022.914	00023.317	00023.718	00024.118	00024.519	00024.920	00025.321	cell = 56 to 63
00025.722	00026.123	00026.524	00026.926	00027.328	00027.731	00028.134	00028.537	cell = 64 to 71
00028.939	00029.341	00029.742	00030.144	00030.546	00030.948	00031.350	00031.753	cell = 72 to 79
00032.155	00032.557	00032.959	00033.359	00033.759	00034.160	00034.559	00034.959	cell = 80 to 87
00035.360	00035.762	00036.162	00036.563	00036.965	00037.367	00037.769	00038.172	cell = 88 to 95
00038.574	00038.977	00039.380	00039.783	00040.185	00040.589	00040.992	00041.396	cell = 96 to 103
00041.800	00042.204	00042.606	00043.009	00043.412	00043.817	00044.222	00044.626	cell = 104 to 111
00045.031	00045.435	00045.838	00046.240	00046.642	00047.044	00047.446	00047.848	cell = 112 to 119
00048.250	00048.651	00049.052	00049.453	00049.853	00050.253	00050.652	00051.050	cell = 120 to 127
00051.448	00051.847	00052.246	00052.645	00053.045	00053.445	00053.845	00054.246	cell = 128 to 135
00054.646	00055.045	00055.446	00055.847	00056.249	00056.651	00057.052	00057.453	cell = 136 to 143
00057.855	00058.256	00058.656	00059.056	00059.457	00059.857	00060.256	00060.655	cell = 144 to 151
00061.054	00061.451	00061.849	00062.248	00062.648	00063.046	00063.445	00063.843	cell = 152 to 159
00064.242	00064.641	00065.040	00065.439	00065.839	00066.238	00066.637	00067.035	cell = 160 to 167
00067.433	00067.830	00068.228	00068.627	00069.025	00069.423	00069.822	00070.221	cell = 168 to 175
00070.621	00071.022	00071.422	00071.823	00072.223	00072.622	00073.022	00073.422	cell = 176 to 183
00073.821	00074.221	00074.623	00075.025	00075.427	00075.828	00076.230	00076.632	cell = 184 to 191
00077.034	00077.436	00077.838	00078.240	00078.643	00079.046	00079.450	00079.854	cell = 192 to 199
00080.258	00080.662	00081.066	00081.470	00081.873	00082.275	00082.677	00083.078	cell = 200 to 207
00083.479	00083.878	00084.276	00084.675	00085.073	00085.472	00085.872	00086.272	cell = 208 to 215
00086.672	00087.074	00087.475	00087.876	00088.276	00088.677	00089.079	00089.481	cell = 216 to 223
00089.883	00090.284	00090.685	00091.085	00091.486	00091.887	00092.288	00092.690	cell = 224 to 231
00093.092	00093.495	00093.899	00094.300	00094.701	00095.102	00095.503	00095.903	cell = 232 to 239
00096.303	00096.702	00097.101	00097.500	00097.898	00098.297	00098.695	00099.092	cell = 240 to 247
00099.489	00099.886	00100.282	00100.678	00101.075	00101.473	00101.871	00102.269	cell = 248 to 255
00102.667	00103.067	00103.468	00103.869	00104.271	00104.672	00105.073	00105.473	cell = 256 to 263
00105.873	00106.274	00106.674	00107.073	00107.474	00107.875	00108.276	00108.676	cell = 264 to 271
00109.075	00109.475	00109.875	00110.276	00110.679	00111.082	00111.485	00111.888	cell = 272 to 279
00112.290	00112.693	00113.094	00113.494	00113.895	00114.296	00114.696	00115.096	cell = 280 to 287
00115.497	00115.898	00116.300	00116.703	00117.105	00117.508	00117.909	00118.309	cell = 288 to 295
00118.710	00119.111	00119.513	00119.916	00120.318	00120.721	00121.123	00121.526	cell = 296 to 303
00121.929	00122.332	00122.733	00123.135	00123.536	00123.937	00124.339	00124.740	cell = 304 to 311
00125.143	00125.545	00125.947	00126.349	00126.751	00127.152	00127.552	00127.954	cell = 312 to 319
00128.356	00128.759	00129.163	00129.566	00129.968	00130.369	00130.769	00131.170	cell = 320 to 327
00131.571	00131.971	00132.372	00132.774	00133.175	00133.577	00133.979	00134.381	cell = 328 to 335
00134.783	00135.184	00135.583	00135.983	00136.382	00136.781	00137.180	00137.581	cell = 336 to 343
00137.982	00138.384	00138.784	00139.184	00139.584	00139.982	00140.381	00140.780	cell = 344 to 351
00141.178	00141.577	00141.975	00142.374	00142.774	00143.174	00143.574	00143.974	cell = 352 to 359
00144.374	00144.774	00145.174	00145.574	00145.975	00146.376	00146.778	00147.180	cell = 360 to 367
00147.582	00147.982	00148.381	00148.780	00149.179	00149.577	00149.977	00150.376	cell = 368 to 375
00150.774	00151.172	00151.570	00151.967	00152.364	00152.761	00153.157	00153.553	cell = 376 to 383
00153.949	00154.346	00154.744	00155.142	00155.541	00155.940	00156.339	00156.738	cell = 384 to 391
00157.138	00157.538	00157.938	00158.339	00158.741	00159.143	00159.546	00159.949	cell = 392 to 399
00160.352	00160.754	00161.157	00161.559	00161.962	00162.364	00162.766	00163.168	cell = 400 to 407
00163.569	00163.971	00164.373	00164.774	00165.175	00165.576	00165.977	00166.377	cell = 408 to 415
00166.777	00167.177	00167.577	00167.977	00168.377	00168.776	00169.175	00169.574	cell = 416 to 423
00169.973	00170.372	00170.771	00171.170	00171.570	00171.969	00172.368	00172.768	cell = 424 to 431
00173.167	00173.565	00173.964	00174.362	00174.759	00175.157	00175.555	00175.952	cell = 432 to 439
00176.349	00176.745	00177.141	00177.536	00177.931	00178.325	00178.720	00179.115	cell = 440 to 447
00179.510	00179.906	00180.304	00180.702	00181.101	00181.500	00181.901	00182.302	cell = 448 to 455
00182.702	00183.101	00183.501	00183.900	00184.300	00184.700	00185.101	00185.502	cell = 456 to 463
00185.903	00186.302	00186.700	00187.099	00187.498	00187.897	00188.297	00188.697	cell = 464 to 471
00189.097	00189.497	00189.898	00190.298	00190.698	00191.097	00191.497	00191.896	cell = 472 to 479
00192.296	00192.696	00193.097	00193.498	00193.899	00194.299	00194.701	00195.102	cell = 480 to 487
00195.504	00195.907	00196.311	00196.714	00197.117	00197.521	00197.925	00198.327	cell = 488 to 495
00198.729	00199.131	00199.531	00199.929	00200.325	00200.721	00201.115	00201.507	cell = 496 to 503
00201.898	00202.288	00202.681	00203.074	00203.466	00203.858	00204.250	00204.641	cell = 504 to 511
00205.032	00205.423	00205.814	00206.207	00206.601	00206.995	00207.388	00207.782	cell = 512 to 519
00208.177	00208.571	00208.966	00209.360	00209.755	00210.151	00210.547	00210.943	cell = 520 to 527
00211.340	00211.737	00212.134	00212.531	00212.929	00213.327	00213.725	00214.124	cell = 528 to 535
00214.522	00214.921	00215.319	00215.716	00216.114	00216.512	00216.911	00217.309	cell = 536 to 543
00217.706	00218.105	00218.504	00218.902	00219.302	00219.701	00220.101	00220.501	cell = 544 to 551
00220.903	00221.305	00221.708	00222.110	00222.510	00222.910	00223.309	00223.709	cell = 552 to 559
00224.109	00224.508	00224.907	00225.305	00225.704	00226.101	00226.498	00226.896	cell = 560 to 567
00227.293	00227.689	00228.086	00228.482	00228.880	00229.277	00229.674	00230.070	cell = 568 to 575
00230.468	00230.866	00231.265	00231.664	00232.064	00232.464	00232.863	00233.262	cell = 576 to 583
00233.662	00234.062	00234.462	00234.861	00235.260	00235.658	00236.055	00236.451	cell = 584 to 591
00236.847	00237.242	00237.636	00238.030	00238.425	00238.819	00239.214	00239.609	cell = 592 to 599
00240.004	00240.398	00240.792	00241.186	00241.582	00241.978	00242.375	00242.772	cell = 600 to 607
00243.170	00243.568	00243.967	00244.366	00244.765	00245.165	00245.566	00245.965	cell = 608 to 615
00246.365	00246.765	00247.165	00247.566	00247.967	00248.368	00248.769	00249.170	cell = 616 to 623
00249.572	00249.973	00250.372	00250.771	00251.169	00251.565	00251.961	00252.357	cell = 624 to 631
00252.753	00253.148	00253.542	00253.937	00254.331	00254.726	00255.122	00255.518	cell = 632 to 639
00255.915	00256.313	00256.713	00257.113	00257.513	00257.914	00258.313	00258.712	cell = 640 to 647
00259.111	00259.510	00259.908	00260.308	00260.708	00261.108	00261.509	00261.908	cell = 648 to 655
00262.308	00262.707	00263.107	00263.506	00263.906	00264.307	00264.707	00265.106	cell = 656 to 663
00265.506	00265.905	00266.305	00266.705	00267.106	00267.506	00267.906	00268.304	cell = 664 to 671
00268.702	00269.100	00269.497	00269.895	00270.293	00270.691	00271.089	00271.487	cell = 672 to 679
00271.886	00272.284	00272.683	00273.081	00273.480	00273.878	00274.275	00274.673	cell = 680 to 687
00275.070	00275.467	00275.863	00276.258	00276.654	00277.049	00277.445	00277.842	cell = 688 to 695
00278.241	00278.640	00279.039	00279.440	00279.840	00280.240	00280.639	00281.038	cell = 696 to 703
00281.438	00281.838	00282.238	00282.639	00283.040	00283.440	00283.839	00284.239	cell = 704 to 711
00284.640	00285.043	00285.445	00285.847	00286.249	00286.650	00287.052	00287.453	cell = 712 to 719
00287.855	00288.257	00288.660	00289.063	00289.467	00289.870	00290.273	00290.675	cell = 720 to 727
00291.078	00291.481	00291.883	00292.286	00292.688	00293.089	00293.491	00293.892	cell = 728 to 735
00294.294	00294.696	00295.097	00295.499	00295.901	00296.304	00296.707	00297.110	cell = 736 to 743
00297.512	00297.914	00298.316	00298.718	00299.121	00299.524	00299.927	00300.331	cell = 744 to 751
00300.735	00301.139	00301.541	00301.943	00302.344	00302.746	00303.148	00303.550	cell = 752 to 759
00303.951	00304.350	00304.748	00305.146	00305.544	00305.942	00306.340	00306.738	cell = 760 to 767
00307.137	00307.536	00307.933	00308.330	00308.727	00309.123	00309.518	00309.915	cell = 768 to 775
00310.312	00310.710	00311.108	00311.506	00311.904	00312.303	00312.703	00313.103	cell = 776 to 783
00313.505	00313.906	00314.308	00314.711	00315.114	00315.516	00315.919	00316.322	cell = 784 to 791
00316.725	00317.127	00317.528	00317.929	00318.330	00318.729	00319.128	00319.526	cell = 792 to 799
00319.925	00320.323	00320.720	00321.119	00321.518	00321.917	00322.316	00322.714	cell = 800 to 807
00323.114	00323.514	00323.914	00324.315	00324.717	00325.118	00325.519	00325.920	cell = 808 to 815
00326.321	00326.721	00327.121	00327.520	00327.921	00328.322	00328.723	00329.126	cell = 816 to 823
00329.528	00329.929	00330.331	00330.732	00331.134	00331.537	00331.940	00332.342	cell = 824 to 831
00332.744	00333.145	00333.546	00333.947	00334.349	00334.750	00335.150	00335.550	cell = 832 to 839
00335.951	00336.352	00336.752	00337.153	00337.554	00337.955	00338.356	00338.757	cell = 840 to 847
00339.159	00339.561	00339.962	00340.363	00340.764	00341.164	00341.564	00341.965	cell = 848 to 855
00342.365	00342.765	00343.162	00343.560	00343.958	00344.356	00344.754	00345.152	cell = 856 to 863
00345.551	00345.951	00346.351	00346.752	00347.153	00347.553	00347.953	00348.354	cell = 864 to 871
00348.755	00349.156	00349.557	00349.958	00350.359	00350.760	00351.160	00351.559	cell = 872 to 879
00351.958	00352.357	00352.757	00353.156	00353.555	00353.953	00354.349	00354.746	cell = 880 to 887
00355.144	00355.542	00355.938	00356.334	00356.730	00357.126	00357.521	00357.917	cell = 888 to 895
00358.313	00358.708	00359.104	00359.501	00359.897	00360.294	00360.691	00361.088	cell = 896 to 903
00361.487	00361.885	00362.284	00362.684	00363.084	00363.484	00363.884	00364.284	cell = 904 to 911
00364.685	00365.086	00365.485	00365.884	00366.283	00366.682	00367.082	00367.481	cell = 912 to 919
00367.881	00368.281	00368.680	00369.080	00369.482	00369.882	00370.282	00370.683	cell = 920 to 927
00371.084	00371.486	00371.887	00372.288	00372.689	00373.090	00373.490	00373.891	cell = 928 to 935
00374.293	00374.694	00375.094	00375.495	00375.896	00376.297	00376.697	00377.098	cell = 936 to 943
00377.498	00377.898	00378.298	00378.697	00379.096	00379.494	00379.893	00380.292	cell = 944 to 951
00380.690	00381.087	00381.483	00381.879	00382.275	00382.672	00383.070	00383.470	cell = 952 to 959
00383.869	00384.268	00384.668	00385.068	00385.470	00385.873	00386.276	00386.679	cell = 960 to 967
00387.082	00387.484	00387.886	00388.289	00388.691	00389.093	00389.495	00389.897	cell = 968 to 975
00390.299	00390.701	00391.103	00391.504	00391.904	00392.304	00392.703	00393.102	cell = 976 to 983
00393.501	00393.900	00394.299	00394.698	00395.098	00395.498	00395.899	00396.300	cell = 984 to 991
00396.702	00397.105	00397.509	00397.914	00398.320	00398.725	00399.131	00399.537	cell = 992 to 999
00399.943	00400.351	00400.759	00401.168	00401.577	00401.987	00402.396	00402.803	cell = 1000 to 1007
00403.208	00403.613	00404.017	00404.420	00404.821	00405.222	00405.621	00406.021	cell = 1008 to 1015
00406.418	00406.817	00407.216	00407.616	00408.014	00408.412	00408.808	00409.205	cell = 1016 to 1023
