Calibration values from cell 0 to 1024 for channel 0:

-1	-1	-1	-1	-1	-1	-1	-1	cell = 0 to 7
-1	-1	-1	-1	-1	-1	-1	-1	cell = 8 to 15
-1	-1	-1	-1	-1	-1	-1	-1	cell = 16 to 23
-1	-1	-1	-1	-1	-1	-1	-1	cell = 24 to 31
-1	-1	-1	-1	-1	-1	-1	-1	cell = 32 to 39
-1	-1	-1	-1	-1	-1	-1	-1	cell = 40 to 47
-1	-1	-1	-1	-1	-1	-1	-1	cell = 48 to 55
-1	-1	-1	-1	-1	-1	-1	-1	cell = 56 to 63
-1	-1	-1	-1	-1	-1	-1	-1	cell = 64 to 71
-1	-1	-1	-1	-1	-1	-1	-1	cell = 72 to 79
-1	-1	-1	-1	-1	-1	-1	-1	cell = 80 to 87
-1	-1	-1	-1	-1	-1	-1	-1	cell = 88 to 95
-1	-1	-1	-1	-1	-1	-1	-1	cell = 96 to 103
-1	-1	-1	-1	-1	-1	-1	-1	cell = 104 to 111
-1	-1	-1	-1	-1	-1	-1	-1	cell = 112 to 119
-1	-1	-1	-1	-1	-1	-1	-1	cell = 120 to 127
-1	-1	-1	-1	-1	-1	-1	-1	cell = 128 to 135
-1	-1	-1	-1	-1	-1	-1	-1	cell = 136 to 143
-1	-1	-1	-1	-1	-1	-1	-1	cell = 144 to 151
-1	-1	-1	-1	-1	-1	-1	-1	cell = 152 to 159
-1	-1	-1	-1	-1	-1	-1	-1	cell = 160 to 167
-1	-1	-1	-1	-1	-1	-1	-1	cell = 168 to 175
-1	-1	-1	-1	-1	-1	-1	-1	cell = 176 to 183
-1	-1	-1	-1	-1	-1	-1	-1	cell = 184 to 191
-1	-1	-1	-1	-1	-1	-1	-1	cell = 192 to 199
-1	-1	-1	-1	-1	-1	-1	-1	cell = 200 to 207
-1	-1	-1	-1	-1	-1	-1	-1	cell = 208 to 215
-1	-1	-1	-1	-1	-1	-1	-1	cell = 216 to 223
-1	-1	-1	-1	-1	-1	-1	-1	cell = 224 to 231
-1	-1	-1	-1	-1	-1	-1	-1	cell = 232 to 239
-1	-1	-1	-1	-1	-1	-1	-1	cell = 240 to 247
-1	-1	-1	-1	-1	-1	-1	-1	cell = 248 to 255
50	-40	55	-9	30	18	41	-2	cell = 256 to 263
37	-3	36	10	33	15	37	-32	cell = 264 to 271
-2	14	49	7	38	-20	41	1	cell = 272 to 279
30	2	28	-36	59	-29	65	-40	cell = 280 to 287
71	-28	18	-15	40	-43	17	2	cell = 288 to 295
89	17	68	-8	42	26	26	3	cell = 296 to 303
46	-29	46	-11	65	10	54	-3	cell = 304 to 311
68	9	41	0	28	-15	48	-45	cell = 312 to 319
26	-26	57	14	52	-12	20	15	cell = 320 to 327
55	-7	31	-22	23	9	64	24	cell = 328 to 335
32	29	45	22	33	-7	72	5	cell = 336 to 343
45	-44	44	-14	0	46	62	-19	cell = 344 to 351
26	11	8	-15	7	5	50	10	cell = 352 to 359
45	-14	20	-18	64	-17	49	-17	cell = 360 to 367
61	-26	60	-14	21	20	36	-8	cell = 368 to 375
49	-4	48	-58	-7	-38	52	-23	cell = 376 to 383
68	-3	63	8	19	-14	50	-22	cell = 384 to 391
43	0	29	23	33	19	37	-38	cell = 392 to 399
66	-6	55	-4	45	-30	57	-14	cell = 400 to 407
42	-16	53	-45	30	1	32	0	cell = 408 to 415
55	-23	54	35	51	-2	32	-45	cell = 416 to 423
55	-32	62	4	40	10	20	-39	cell = 424 to 431
41	19	20	13	22	0	16	-31	cell = 432 to 439
69	19	12	-18	31	-4	37	-21	cell = 440 to 447
-8	17	45	2	23	39	18	-2	cell = 448 to 455
51	3	-14	-36	44	6	23	26	cell = 456 to 463
27	-34	1	-30	20	3	31	-56	cell = 464 to 471
45	-16	52	-46	57	-26	42	-2	cell = 472 to 479
27	-20	11	-17	42	-19	55	10	cell = 480 to 487
46	37	36	-20	37	-10	39	14	cell = 488 to 495
24	-4	-51	-99	1	-64	36	-101	cell = 496 to 503
82	2	73	-52	21	8	69	-15	cell = 504 to 511
-20	-13	-59	-56	-18	13	10	5	cell = 512 to 519
-68	-48	-46	-8	23	-10	-17	-34	cell = 520 to 527
-18	-62	-2	-13	-5	13	-22	5	cell = 528 to 535
0	-55	-4	-44	-4	-13	-37	-10	cell = 536 to 543
-16	-48	-9	-40	-2	-46	24	-11	cell = 544 to 551
15	-46	-24	-21	15	-14	-30	-5	cell = 552 to 559
-25	-23	-18	5	-54	-10	-29	9	cell = 560 to 567
17	1	-22	-48	-3	-28	-8	-15	cell = 568 to 575
-53	-47	-50	-3	-22	-45	4	-5	cell = 576 to 583
3	13	-13	2	-14	-34	-27	29	cell = 584 to 591
-9	10	-42	-35	-17	-16	-39	-13	cell = 592 to 599
-14	-39	5	-8	-48	-5	-34	-34	cell = 600 to 607
-8	-14	-19	-29	-11	-24	-3	19	cell = 608 to 615
-37	-37	-23	10	-33	2	-34	-8	cell = 616 to 623
-29	-47	-53	-32	-44	-38	-57	-21	cell = 624 to 631
-9	-27	3	2	-32	-25	-57	-35	cell = 632 to 639
-47	-18	13	14	-74	32	-42	-51	cell = 640 to 647
-35	-15	-8	-49	-14	-16	7	-36	cell = 648 to 655
-21	-27	-50	-17	-33	-38	-1	18	cell = 656 to 663
-17	-15	-45	3	-50	13	-23	-16	cell = 664 to 671
-23	-42	-36	7	-41	-27	5	-45	cell = 672 to 679
-42	5	4	-25	31	7	9	-23	cell = 680 to 687
-20	-23	-23	-10	4	-24	12	-27	cell = 688 to 695
10	9	-9	-22	-13	11	-10	-39	cell = 696 to 703
26	-35	-16	26	5	-7	14	-49	cell = 704 to 711
16	0	-55	9	7	1	-31	-35	cell = 712 to 719
-77	7	13	-7	-43	-30	-6	-14	cell = 720 to 727
-20	-22	-17	-63	-66	-54	-7	11	cell = 728 to 735
-13	18	-49	6	1	-26	-32	-9	cell = 736 to 743
-39	-2	21	-27	-4	14	-23	29	cell = 744 to 751
-24	-20	2	-25	1	19	-23	-26	cell = 752 to 759
-21	14	0	-9	-30	-49	-4	3	cell = 760 to 767
-18	-4	4	-46	-30	30	5	-10	cell = 768 to 775
-43	-12	-7	-11	-21	-14	-10	14	cell = 776 to 783
-54	-22	-10	17	-30	-24	-14	-29	cell = 784 to 791
-39	-25	-30	-42	-36	5	-10	-5	cell = 792 to 799
13	-17	-33	18	-43	23	-8	-12	cell = 800 to 807
0	-45	-5	-14	-26	-16	-46	-2	cell = 808 to 815
-30	-16	-27	26	-65	-17	15	-10	cell = 816 to 823
4	-30	-19	-8	-18	-3	-13	32	cell = 824 to 831
-11	-43	-19	-34	-43	-38	-82	-12	cell = 832 to 839
-9	-29	-67	-25	-15	0	-25	-7	cell = 840 to 847
-6	15	9	-10	-28	-33	-28	7	cell = 848 to 855
-35	-4	-55	-26	6	2	-18	-13	cell = 856 to 863
-63	-30	-31	-40	-1	3	-40	11	cell = 864 to 871
-16	-15	13	-27	20	-22	-14	-7	cell = 872 to 879
-57	-18	-57	21	3	30	10	1	cell = 880 to 887
-12	16	-15	-4	-7	-15	-3	-10	cell = 888 to 895
-11	-61	0	4	8	-25	-30	30	cell = 896 to 903
14	-3	-17	11	-56	43	-10	0	cell = 904 to 911
-14	-34	15	15	-4	-3	-54	-9	cell = 912 to 919
2	-15	-41	-25	-35	26	-4	-11	cell = 920 to 927
7	-18	-66	4	-9	37	22	-8	cell = 928 to 935
25	18	-8	-10	0	-3	-15	-5	cell = 936 to 943
-20	-11	14	-14	-8	-16	-44	-21	cell = 944 to 951
-27	-31	14	-6	-4	6	-32	-7	cell = 952 to 959
-68	-28	-27	43	9	-10	-18	4	cell = 960 to 967
-18	-61	-31	-24	-25	-23	-64	-7	cell = 968 to 975
-35	14	-11	-5	-24	-56	-10	-26	cell = 976 to 983
-44	2	-48	-60	-46	-35	-22	-24	cell = 984 to 991
-15	0	-26	6	-25	-62	-43	-24	cell = 992 to 999
-13	-16	21	-35	7	-4	-20	-6	cell = 1000 to 1007
-40	-32	-30	-31	-62	-3	8	-27	cell = 1008 to 1015
-16	0	8	-30	-59	3	-6	-14	cell = 1016 to 1023
Calibration values from cell 0 to 1024 for channel 1:

34	-18	39	-10	-4	0	35	28	cell = 0 to 7
66	34	46	-11	50	-2	45	12	cell = 8 to 15
41	-4	37	29	38	16	21	10	cell = 16 to 23
31	10	30	-6	50	-22	37	-43	cell = 24 to 31
23	-3	38	0	61	-37	17	15	cell = 32 to 39
35	-16	62	-59	39	-13	54	-20	cell = 40 to 47
4	-14	56	-10	12	-19	44	16	cell = 48 to 55
56	9	44	30	22	-7	45	17	cell = 56 to 63
15	-12	53	-17	-33	-24	45	-19	cell = 64 to 71
30	23	84	-9	14	-47	47	-27	cell = 72 to 79
37	-5	64	3	20	-20	66	-23	cell = 80 to 87
57	-13	38	-28	82	-52	31	-17	cell = 88 to 95
33	-4	71	-26	106	-15	46	-23	cell = 96 to 103
49	42	81	-1	46	32	64	7	cell = 104 to 111
2	-12	32	25	40	-7	32	-8	cell = 112 to 119
34	2	4	37	15	-6	-22	15	cell = 120 to 127
29	4	51	-5	55	-24	89	-34	cell = 128 to 135
16	12	64	-9	59	23	52	7	cell = 136 to 143
27	5	29	2	61	-36	-1	-2	cell = 144 to 151
10	6	4	-38	50	10	68	4	cell = 152 to 159
96	14	64	-16	50	23	65	9	cell = 160 to 167
61	-27	70	-13	25	-17	69	-8	cell = 168 to 175
57	9	8	14	33	13	75	19	cell = 176 to 183
58	8	75	25	11	2	81	-15	cell = 184 to 191
52	-40	46	-23	35	48	46	-58	cell = 192 to 199
34	4	59	-26	14	-4	56	13	cell = 200 to 207
70	11	25	-15	81	-3	47	2	cell = 208 to 215
73	34	15	18	45	12	28	-17	cell = 216 to 223
47	-51	26	-32	25	-24	52	-5	cell = 224 to 231
40	-33	54	22	68	-4	75	20	cell = 232 to 239
31	4	27	-18	51	12	17	-3	cell = 240 to 247
45	7	16	-24	22	-28	2	-43	cell = 248 to 255
-7	-12	35	-15	89	-27	37	-21	cell = 256 to 263
25	-17	67	-7	7	8	13	28	cell = 264 to 271
46	31	8	-11	60	-8	75	-25	cell = 272 to 279
43	-17	31	-2	8	14	64	-30	cell = 280 to 287
28	-25	20	-10	60	-1	47	12	cell = 288 to 295
51	10	54	11	75	11	32	39	cell = 296 to 303
54	-24	52	-13	40	-27	40	-12	cell = 304 to 311
78	44	35	-16	24	-11	26	-15	cell = 312 to 319
48	23	12	-7	32	-20	49	35	cell = 320 to 327
79	10	38	14	47	19	58	9	cell = 328 to 335
13	35	56	12	17	-21	29	-14	cell = 336 to 343
32	-21	50	6	19	26	59	-8	cell = 344 to 351
76	-17	46	24	55	1	25	-20	cell = 352 to 359
28	1	21	0	38	10	43	-38	cell = 360 to 367
25	-34	48	-23	3	4	38	-22	cell = 368 to 375
27	-10	56	-24	45	-19	31	1	cell = 376 to 383
26	-53	30	-54	38	15	63	14	cell = 384 to 391
71	-19	75	-28	47	-8	23	10	cell = 392 to 399
30	10	52	51	40	-17	31	36	cell = 400 to 407
17	-26	28	-9	36	-49	50	-40	cell = 408 to 415
50	-5	53	-11	73	5	5	-13	cell = 416 to 423
55	-11	-14	6	57	24	87	18	cell = 424 to 431
16	-20	83	5	24	17	26	-57	cell = 432 to 439
6	-18	65	29	44	-4	33	-29	cell = 440 to 447
66	-13	45	-33	65	-16	34	-30	cell = 448 to 455
31	18	-16	-23	59	-25	52	-7	cell = 456 to 463
6	-16	31	3	84	7	40	-9	cell = 464 to 471
21	-14	41	-3	32	25	25	29	cell = 472 to 479
38	11	67	-3	44	13	34	-10	cell = 480 to 487
40	-12	42	-3	79	-18	79	23	cell = 488 to 495
28	-30	-63	-65	-66	-85	-28	-94	cell = 496 to 503
70	22	31	-57	44	-12	43	3	cell = 504 to 511
-21	-15	-25	10	-45	22	43	-32	cell = 512 to 519
-49	-11	-43	-18	9	-19	-55	-18	cell = 520 to 527
-23	9	-55	-32	21	-48	-45	-23	cell = 528 to 535
-15	14	-29	-7	-38	-50	-30	-17	cell = 536 to 543
-19	-45	-31	13	3	-14	-12	-11	cell = 544 to 551
-78	-43	-4	-6	-21	-24	12	-36	cell = 552 to 559
-16	-29	-22	0	10	-28	-15	-32	cell = 560 to 567
-22	-55	5	-21	-40	-13	-38	18	cell = 568 to 575
-30	-11	-46	-19	0	12	-20	-19	cell = 576 to 583
-22	-46	-9	-12	-23	9	17	-21	cell = 584 to 591
-35	-31	-15	-28	0	-16	-13	-4	cell = 592 to 599
-34	-29	-51	-14	-16	-13	-60	-26	cell = 600 to 607
-43	-17	-46	3	-30	-19	-33	6	cell = 608 to 615
-40	13	-1	-16	6	-26	-27	-38	cell = 616 to 623
-27	30	-46	-57	-44	-8	-28	-12	cell = 624 to 631
11	-50	-22	-20	-30	5	-40	-14	cell = 632 to 639
-23	-33	-45	-17	11	-4	-11	-14	cell = 640 to 647
-33	-14	-29	-25	7	0	-10	-15	cell = 648 to 655
-9	-26	-26	0	4	-50	-30	-30	cell = 656 to 663
-32	3	-24	-14	-11	-44	-26	-8	cell = 664 to 671
-33	-36	-40	22	-28	-48	-15	13	cell = 672 to 679
-18	4	-37	-5	9	-18	-43	-25	cell = 680 to 687
-3	-40	-29	-23	4	2	-12	-29	cell = 688 to 695
16	-27	-29	12	18	12	-17	-34	cell = 696 to 703
-29	-37	-19	-22	-2	-46	-23	3	cell = 704 to 711
-31	-4	20	9	11	-5	-40	18	cell = 712 to 719
-6	-31	-27	-17	30	-27	-31	-67	cell = 720 to 727
-8	2	9	-1	-45	-21	-4	-9	cell = 728 to 735
-29	-62	-44	-35	2	-23	8	5	cell = 736 to 743
-25	30	12	-52	-24	-10	-72	-9	cell = 744 to 751
-39	-40	-30	-25	-25	-14	7	-20	cell = 752 to 759
-36	6	-7	17	-28	-42	-37	-38	cell = 760 to 767
-40	-5	-40	-37	-9	-24	-56	-26	cell = 768 to 775
-21	5	-14	-7	-36	-17	-15	1	cell = 776 to 783
-11	-6	24	36	-41	-44	-1	4	cell = 784 to 791
-26	6	2	-29	-1	-16	-35	-66	cell = 792 to 799
-32	-23	-45	10	-8	-32	-20	10	cell = 800 to 807
58	-28	-8	-46	-41	-29	-15	-32	cell = 808 to 815
10	8	13	10	-39	-28	12	44	cell = 816 to 823
36	-6	-20	-33	15	-5	-3	-37	cell = 824 to 831
-29	15	-16	29	-28	21	10	-7	cell = 832 to 839
11	3	-45	-10	-15	-4	33	-20	cell = 840 to 847
-23	-12	-11	-20	-37	-25	-23	-22	cell = 848 to 855
1	-13	-28	-36	-8	-35	-29	-15	cell = 856 to 863
-17	6	-22	-1	-24	1	4	-20	cell = 864 to 871
-43	-38	-15	-72	-11	-22	0	10	cell = 872 to 879
-38	-6	0	44	-31	-33	-6	-2	cell = 880 to 887
-24	-1	5	-8	-37	6	-55	-30	cell = 888 to 895
-41	-35	-27	0	-29	-4	1	26	cell = 896 to 903
-17	-16	-23	-17	-22	-30	-60	-18	cell = 904 to 911
-6	-6	-19	31	-29	-26	-19	-31	cell = 912 to 919
-40	-19	23	-14	-51	-40	0	-24	cell = 920 to 927
-64	-33	-41	-4	-23	3	-8	-38	cell = 928 to 935
-43	9	8	-10	-4	-10	11	-5	cell = 936 to 943
-25	-34	-35	-26	-56	-12	-38	3	cell = 944 to 951
-13	-24	-32	-19	-6	-56	-79	-38	cell = 952 to 959
-20	-17	-7	20	7	-46	-12	-19	cell = 960 to 967
-21	-6	-26	-8	-30	-12	-54	-3	cell = 968 to 975
9	-30	-30	11	-64	-28	-10	8	cell = 976 to 983
0	-17	5	-63	18	-24	-12	-18	cell = 984 to 991
-14	-1	-15	-6	-11	-10	8	-12	cell = 992 to 999
-24	-6	-10	-18	-19	-11	-47	13	cell = 1000 to 1007
-27	1	-16	-30	-36	-14	-8	-38	cell = 1008 to 1015
6	-23	-24	-9	-46	-25	-32	-25	cell = 1016 to 1023
Calibration values from cell 0 to 1024 for channel 2:

25	21	7	-20	28	19	46	-15	cell = 0 to 7
27	-4	41	11	24	-12	23	29	cell = 8 to 15
45	29	59	13	-3	8	56	11	cell = 16 to 23
51	-22	12	30	52	-26	39	-19	cell = 24 to 31
34	3	49	22	54	-3	63	-26	cell = 32 to 39
57	-4	18	7	48	18	68	8	cell = 40 to 47
42	-2	36	-13	60	-18	27	-16	cell = 48 to 55
40	18	-25	-13	35	-13	44	-14	cell = 56 to 63
53	47	47	-38	50	17	44	-6	cell = 64 to 71
43	-56	51	-5	54	2	12	34	cell = 72 to 79
61	33	26	5	40	9	64	-4	cell = 80 to 87
65	-4	18	-46	59	-31	60	6	cell = 88 to 95
12	10	26	-32	44	-4	54	0	cell = 96 to 103
47	-26	66	-35	25	-26	54	-28	cell = 104 to 111
38	30	27	-17	65	7	19	-11	cell = 112 to 119
63	13	21	15	24	12	57	-31	cell = 120 to 127
58	32	23	22	42	-18	71	1	cell = 128 to 135
66	30	70	19	4	8	75	7	cell = 136 to 143
83	6	29	0	31	-23	40	-41	cell = 144 to 151
57	-10	34	-2	78	-11	33	3	cell = 152 to 159
48	10	15	50	16	-9	50	-27	cell = 160 to 167
40	20	52	20	23	-24	87	-21	cell = 168 to 175
37	-25	63	-29	25	-22	25	24	cell = 176 to 183
1	23	39	23	48	45	42	-42	cell = 184 to 191
73	2	34	-16	21	-31	47	-25	cell = 192 to 199
50	3	50	-4	40	2	10	-23	cell = 200 to 207
30	6	14	1	21	2	39	-23	cell = 208 to 215
62	10	55	-16	33	22	41	-15	cell = 216 to 223
32	35	16	-40	63	34	41	-14	cell = 224 to 231
72	-27	57	42	21	-46	59	-9	cell = 232 to 239
32	-19	39	-24	33	13	8	13	cell = 240 to 247
41	-21	17	-7	48	-14	14	26	cell = 248 to 255
30	-44	26	-8	36	-58	42	-12	cell = 256 to 263
26	-21	99	-6	46	-16	32	-27	cell = 264 to 271
7	-23	54	-22	21	15	63	-42	cell = 272 to 279
60	-20	31	-27	70	-56	44	0	cell = 280 to 287
19	-17	36	18	61	18	34	5	cell = 288 to 295
29	-10	44	-9	-3	-13	19	-29	cell = 296 to 303
57	-28	44	8	41	-18	28	20	cell = 304 to 311
28	-16	25	-28	43	-4	61	-31	cell = 312 to 319
0	1	22	-52	60	-39	27	-11	cell = 320 to 327
62	-42	10	-37	65	14	68	19	cell = 328 to 335
61	-26	-4	15	62	10	2	-2	cell = 336 to 343
59	-46	34	-29	53	-23	36	24	cell = 344 to 351
81	-1	83	-15	28	24	54	-34	cell = 352 to 359
44	-3	19	-36	67	0	30	2	cell = 360 to 367
43	0	57	-40	75	3	69	-7	cell = 368 to 375
80	-8	27	9	21	-30	54	-19	cell = 376 to 383
65	-10	74	-10	51	-26	49	14	cell = 384 to 391
25	-18	51	-21	50	-23	65	-4	cell = 392 to 399
37	18	78	-19	62	-31	23	-25	cell = 400 to 407
41	39	64	-8	20	-24	50	-26	cell = 408 to 415
60	34	15	7	45	-25	45	-21	cell = 416 to 423
61	30	68	-21	48	-2	44	-31	cell = 424 to 431
61	-9	34	22	98	-24	33	12	cell = 432 to 439
29	8	43	14	10	-16	69	-4	cell = 440 to 447
14	-18	20	-32	38	-47	34	32	cell = 448 to 455
11	-8	29	7	53	-43	5	-29	cell = 456 to 463
63	-1	27	7	6	-42	39	-38	cell = 464 to 471
67	6	14	-31	48	-50	31	-4	cell = 472 to 479
54	4	89	-37	52	-35	29	19	cell = 480 to 487
47	-8	47	23	49	9	33	4	cell = 488 to 495
-5	-6	-27	-52	-38	-21	-10	-91	cell = 496 to 503
38	27	34	-53	25	13	54	-37	cell = 504 to 511
-17	-57	9	-34	-54	-43	-62	-20	cell = 512 to 519
-17	-23	-17	-45	-8	15	-4	12	cell = 520 to 527
-45	3	-51	-1	-12	-35	-36	-6	cell = 528 to 535
-18	13	-59	11	-39	-54	-55	-41	cell = 536 to 543
20	7	34	2	-39	-26	-29	24	cell = 544 to 551
2	-14	-46	-38	3	-16	4	-40	cell = 552 to 559
-23	-21	-25	5	-5	-8	-21	-22	cell = 560 to 567
-4	18	-18	-47	-77	1	-12	-26	cell = 568 to 575
1	-34	-47	-46	-6	-23	-41	-25	cell = 576 to 583
-32	14	-20	-38	-46	-32	-39	-17	cell = 584 to 591
15	-24	-8	-26	-18	17	2	-9	cell = 592 to 599
-13	-15	11	-49	-11	-58	-23	-24	cell = 600 to 607
-28	-20	-54	-19	-28	-20	-5	-36	cell = 608 to 615
4	13	-22	-34	-36	-34	-14	-50	cell = 616 to 623
-21	-30	-39	44	-44	-19	-18	26	cell = 624 to 631
-1	-50	-18	-3	-29	-44	-51	-35	cell = 632 to 639
-4	-27	-4	-21	-10	22	-18	-47	cell = 640 to 647
12	-42	-52	-3	4	-11	-10	-27	cell = 648 to 655
-21	-32	-29	0	-15	-12	-20	-14	cell = 656 to 663
-16	-3	-17	-55	0	-14	-16	-25	cell = 664 to 671
-8	0	-15	-36	-2	13	-46	-58	cell = 672 to 679
-39	-56	-55	-32	-6	-28	-39	15	cell = 680 to 687
20	58	-28	-19	11	-3	-8	-18	cell = 688 to 695
-5	-32	-36	-15	-32	-7	-34	6	cell = 696 to 703
-53	-27	-89	-10	-14	1	-7	-35	cell = 704 to 711
-28	-34	-7	-7	-15	1	-50	-48	cell = 712 to 719
-33	-29	-21	0	-26	16	-11	-5	cell = 720 to 727
17	-24	-50	-21	-38	-40	-10	-17	cell = 728 to 735
-24	7	-40	8	5	-14	-31	-13	cell = 736 to 743
-41	-37	-43	3	-27	-27	-21	-7	cell = 744 to 751
-10	2	-27	-2	-20	-12	-20	7	cell = 752 to 759
17	12	-29	3	-28	-4	-47	-15	cell = 760 to 767
-51	45	-6	-41	11	-2	-43	11	cell = 768 to 775
13	-27	-7	-32	18	-21	-25	-10	cell = 776 to 783
9	-16	4	13	-21	-16	-41	-3	cell = 784 to 791
-28	-42	-11	-40	-41	-11	-55	-4	cell = 792 to 799
-61	17	-22	-35	-41	6	20	-20	cell = 800 to 807
14	-9	-18	-25	32	-24	9	-28	cell = 808 to 815
5	-33	-6	3	-23	3	-34	-12	cell = 816 to 823
17	-11	-13	-7	-20	-6	-4	5	cell = 824 to 831
-6	-40	-21	-35	32	22	-39	-3	cell = 832 to 839
-8	-31	16	-10	-35	-8	-21	-14	cell = 840 to 847
-3	-8	-43	-18	3	-35	-32	-20	cell = 848 to 855
-30	-24	-43	-16	-20	-26	-1	-37	cell = 856 to 863
-9	2	19	-24	8	-52	3	0	cell = 864 to 871
-20	-7	-78	-23	-14	-37	-42	19	cell = 872 to 879
7	-56	3	3	-32	5	41	-7	cell = 880 to 887
-6	-3	-49	7	-18	-10	20	-3	cell = 888 to 895
-26	-8	0	-9	7	-15	-26	0	cell = 896 to 903
-12	5	-27	-17	-29	7	-13	-37	cell = 904 to 911
-15	-45	14	0	-19	-21	-28	-17	cell = 912 to 919
33	-27	7	1	-13	-27	-18	-11	cell = 920 to 927
-75	-50	-32	-5	14	-23	-10	-23	cell = 928 to 935
0	-34	-7	-20	-7	35	-19	11	cell = 936 to 943
-22	-21	-23	-13	7	-16	-15	2	cell = 944 to 951
-10	-34	-23	11	0	12	-11	-5	cell = 952 to 959
-35	-36	-55	-7	6	-43	-22	-23	cell = 960 to 967
-60	-1	-13	-11	-32	-45	-4	-25	cell = 968 to 975
-53	-12	-10	-14	-41	22	-28	4	cell = 976 to 983
-16	1	-25	0	-32	-44	-32	-34	cell = 984 to 991
22	-18	-9	11	-16	-33	-41	16	cell = 992 to 999
17	-9	-9	-2	-7	2	-18	-19	cell = 1000 to 1007
-1	4	-41	0	-21	-61	-12	-32	cell = 1008 to 1015
-9	17	28	-2	-15	-58	-32	-22	cell = 1016 to 1023
Calibration values from cell 0 to 1024 for channel 3:

48	-34	15	4	24	14	59	-5	cell = 0 to 7
34	15	43	-13	35	7	20	-22	cell = 8 to 15
45	-19	36	2	-4	-48	81	0	cell = 16 to 23
58	16	22	-3	31	4	68	-9	cell = 24 to 31
29	-33	31	29	64	-13	41	-2	cell = 32 to 39
35	32	89	-33	37	12	32	0	cell = 40 to 47
68	8	36	0	55	7	46	-11	cell = 48 to 55
81	5	23	10	42	4	10	-13	cell = 56 to 63
44	-24	40	6	8	3	18	7	cell = 64 to 71
34	22	83	5	52	36	30	-25	cell = 72 to 79
45	-22	14	45	57	-4	37	-4	cell = 80 to 87
44	-14	27	5	29	-7	13	-19	cell = 88 to 95
52	2	-4	-20	49	10	59	2	cell = 96 to 103
37	-7	30	27	42	35	26	4	cell = 104 to 111
76	-14	79	-16	66	-24	27	26	cell = 112 to 119
45	6	48	21	72	35	30	-24	cell = 120 to 127
20	-22	8	-25	76	51	36	19	cell = 128 to 135
47	-28	36	10	87	-24	74	1	cell = 136 to 143
40	-5	16	-10	73	-6	50	-19	cell = 144 to 151
45	-23	54	-33	51	-11	-22	-55	cell = 152 to 159
26	-10	73	16	47	2	57	-2	cell = 160 to 167
52	-7	69	-24	28	0	37	12	cell = 168 to 175
12	-30	24	19	32	24	59	7	cell = 176 to 183
14	-32	38	3	32	-3	92	-16	cell = 184 to 191
69	-17	25	-8	52	-26	45	26	cell = 192 to 199
69	-11	72	-15	56	-10	29	13	cell = 200 to 207
42	-30	57	-8	27	18	43	-33	cell = 208 to 215
56	3	49	5	46	3	64	-33	cell = 216 to 223
39	-4	66	51	53	34	46	10	cell = 224 to 231
47	20	67	13	41	31	42	-16	cell = 232 to 239
53	46	46	27	83	-17	72	-11	cell = 240 to 247
70	-35	36	-7	60	10	44	-19	cell = 248 to 255
31	-30	74	-6	50	-5	59	14	cell = 256 to 263
33	-28	10	2	61	9	75	-4	cell = 264 to 271
49	47	70	31	22	-29	48	11	cell = 272 to 279
42	12	62	-42	-5	22	32	-21	cell = 280 to 287
20	-5	40	15	10	-25	54	-40	cell = 288 to 295
17	20	56	2	32	47	-6	-8	cell = 296 to 303
24	22	71	38	24	-4	78	-31	cell = 304 to 311
65	24	-7	-18	9	8	60	-49	cell = 312 to 319
56	14	27	-9	70	17	79	-30	cell = 320 to 327
18	42	57	-27	55	0	22	-9	cell = 328 to 335
65	-4	36	-12	34	6	22	28	cell = 336 to 343
35	7	50	0	30	-4	61	-21	cell = 344 to 351
51	-64	68	9	43	43	52	-9	cell = 352 to 359
17	21	48	8	31	17	68	2	cell = 360 to 367
58	-22	8	-20	31	-52	39	2	cell = 368 to 375
42	28	62	-50	22	-21	25	-26	cell = 376 to 383
34	-31	58	6	8	-11	33	-49	cell = 384 to 391
38	28	8	-15	23	2	28	20	cell = 392 to 399
51	19	22	-9	46	-27	55	13	cell = 400 to 407
48	4	21	-20	30	7	15	-39	cell = 408 to 415
80	9	38	-34	33	37	33	-31	cell = 416 to 423
39	22	9	5	19	-34	-2	20	cell = 424 to 431
66	-8	16	5	25	-16	39	-9	cell = 432 to 439
65	-29	41	-48	55	-6	62	2	cell = 440 to 447
48	23	27	52	35	-22	-6	17	cell = 448 to 455
22	-14	29	-27	22	-10	55	23	cell = 456 to 463
-2	62	7	7	38	-30	15	-43	cell = 464 to 471
44	-26	39	-41	32	-25	54	-6	cell = 472 to 479
14	1	98	0	18	-4	43	6	cell = 480 to 487
61	-9	0	-24	63	-7	57	-15	cell = 488 to 495
30	-41	-37	-114	-52	-85	-19	-90	cell = 496 to 503
15	-38	52	-12	-5	-30	13	14	cell = 504 to 511
-26	-78	-19	2	-8	9	-43	-57	cell = 512 to 519
0	-16	-38	21	-47	8	-33	-46	cell = 520 to 527
-57	-27	-54	-20	25	-13	-14	8	cell = 528 to 535
-29	17	-35	-25	-47	-17	-44	-37	cell = 536 to 543
-55	-41	-28	-8	-15	-16	7	-14	cell = 544 to 551
-57	0	-22	-43	-21	-36	-29	-19	cell = 552 to 559
18	0	3	7	-11	-64	-12	-15	cell = 560 to 567
-48	-27	-24	-14	12	-11	-34	-27	cell = 568 to 575
21	-40	-38	-2	-5	-15	-8	-38	cell = 576 to 583
11	-20	-31	-18	-46	3	-56	-42	cell = 584 to 591
-22	-15	5	-27	-51	-23	-28	-45	cell = 592 to 599
-14	-48	-49	-26	-22	-19	-24	-16	cell = 600 to 607
10	4	-50	7	-41	-2	-58	-10	cell = 608 to 615
-47	-19	-23	-2	-38	-30	-31	-13	cell = 616 to 623
5	-12	3	-7	-22	-9	-11	-10	cell = 624 to 631
17	-56	-5	3	-5	-10	-16	-1	cell = 632 to 639
-15	-37	7	-29	2	1	-3	-39	cell = 640 to 647
-3	10	-30	-18	-32	-25	-24	22	cell = 648 to 655
23	-37	-6	8	-44	-13	-47	-15	cell = 656 to 663
-35	19	-10	-6	-67	17	-45	-13	cell = 664 to 671
9	-25	24	-9	21	-53	-43	-66	cell = 672 to 679
-17	-2	-68	-47	-65	11	-16	-8	cell = 680 to 687
-4	-38	-35	23	-7	4	6	-12	cell = 688 to 695
-27	-10	-9	-20	-1	-6	-36	-36	cell = 696 to 703
-33	-55	1	22	-13	-12	-1	-14	cell = 704 to 711
-4	-37	-36	-7	13	-22	-41	-21	cell = 712 to 719
-35	-41	-21	23	9	0	18	-25	cell = 720 to 727
-16	-14	-48	-19	-17	-24	-11	-8	cell = 728 to 735
-46	-24	-45	29	-36	-2	7	-5	cell = 736 to 743
-28	-28	-34	-39	-37	-9	-38	-11	cell = 744 to 751
-15	-18	-28	-13	-18	9	-33	-42	cell = 752 to 759
5	-34	-53	5	-29	-13	-39	-37	cell = 760 to 767
-28	23	-20	-29	-15	-27	-12	-36	cell = 768 to 775
-56	-62	-65	-14	-70	-33	-19	-41	cell = 776 to 783
-29	-65	28	-2	-27	-31	12	-8	cell = 784 to 791
-47	-65	8	5	13	5	-46	-8	cell = 792 to 799
-5	-36	-15	-7	-17	0	-13	-22	cell = 800 to 807
-25	-29	-17	6	-19	-13	0	-24	cell = 808 to 815
7	0	-48	9	-41	7	-44	-23	cell = 816 to 823
-52	3	-8	-18	9	-35	10	-10	cell = 824 to 831
-35	-48	-8	3	-32	-1	-59	4	cell = 832 to 839
18	14	-29	-10	-8	-5	-33	-19	cell = 840 to 847
-39	-18	-13	-13	-7	-20	1	14	cell = 848 to 855
-21	-20	-82	-17	24	19	-17	-27	cell = 856 to 863
-17	8	-32	3	21	-8	-20	-7	cell = 864 to 871
-22	-27	-6	7	-6	-3	-3	-9	cell = 872 to 879
-15	-2	-9	-12	-8	0	9	-54	cell = 880 to 887
-23	31	-8	-29	-11	-37	-25	3	cell = 888 to 895
-10	-28	-63	-48	0	-2	-15	-12	cell = 896 to 903
-7	-19	-26	-12	-24	-26	-54	-12	cell = 904 to 911
-58	-25	-19	-10	5	-19	-12	-7	cell = 912 to 919
-85	0	-18	-3	-19	-43	-76	-29	cell = 920 to 927
-32	-13	-24	0	-34	-21	-13	39	cell = 928 to 935
-24	44	-22	-52	17	-35	-15	-9	cell = 936 to 943
-43	22	-25	-28	-9	-1	-12	-4	cell = 944 to 951
-56	2	-43	-19	-24	-1	-16	-6	cell = 952 to 959
-23	-2	-13	-36	-7	-2	9	-54	cell = 960 to 967
-14	-23	8	-28	-2	-4	13	-18	cell = 968 to 975
28	-39	1	-3	-42	14	-5	-34	cell = 976 to 983
5	-6	-56	28	-8	-18	-30	20	cell = 984 to 991
-44	-29	-20	6	-66	-33	-54	3	cell = 992 to 999
-44	-37	6	-37	-32	-39	-9	20	cell = 1000 to 1007
-16	10	-31	-36	-14	-32	-11	-8	cell = 1008 to 1015
5	-16	-20	40	-54	-17	-28	-44	cell = 1016 to 1023
Calibration values from cell 0 to 1024 for channel 4:

11	13	37	-44	26	18	39	3	cell = 0 to 7
38	18	57	-15	20	29	55	8	cell = 8 to 15
32	1	76	0	27	-20	96	-19	cell = 16 to 23
32	-23	19	1	39	-46	51	-10	cell = 24 to 31
-14	17	74	-10	7	-11	5	11	cell = 32 to 39
38	-6	24	-28	70	-11	63	10	cell = 40 to 47
14	14	61	-21	35	0	21	9	cell = 48 to 55
45	-19	59	-19	57	-14	72	-18	cell = 56 to 63
43	25	33	-22	40	-19	35	-4	cell = 64 to 71
73	38	46	-17	20	13	57	-9	cell = 72 to 79
56	-7	23	-32	41	1	45	-30	cell = 80 to 87
-1	-35	29	-26	52	29	21	-29	cell = 88 to 95
27	-29	44	11	93	15	65	-41	cell = 96 to 103
55	-2	53	17	47	7	83	1	cell = 104 to 111
28	-24	80	-3	54	28	-3	-14	cell = 112 to 119
-5	-22	40	-32	6	-26	38	-36	cell = 120 to 127
35	19	71	-10	40	-24	54	-41	cell = 128 to 135
71	21	9	-52	41	-15	47	-11	cell = 136 to 143
41	16	44	-4	43	-11	18	4	cell = 144 to 151
57	-38	74	40	51	-24	19	-34	cell = 152 to 159
30	-16	44	-16	63	-2	84	-21	cell = 160 to 167
43	11	64	-8	74	-13	43	46	cell = 168 to 175
51	11	26	-23	30	-22	22	14	cell = 176 to 183
37	-38	50	-25	22	0	16	-7	cell = 184 to 191
53	-42	28	-8	28	-39	23	24	cell = 192 to 199
39	-99	5	-30	70	-12	20	24	cell = 200 to 207
105	6	35	-12	65	-14	77	-21	cell = 208 to 215
35	-23	39	-2	34	-10	4	22	cell = 216 to 223
15	42	50	-44	45	-48	49	-18	cell = 224 to 231
29	-22	34	-6	20	8	28	4	cell = 232 to 239
26	4	34	-42	38	-13	50	-50	cell = 240 to 247
66	8	45	-26	17	18	0	-25	cell = 248 to 255
58	-26	53	-47	23	-13	31	10	cell = 256 to 263
31	-13	50	-5	32	-33	33	-25	cell = 264 to 271
32	11	63	-6	35	-6	46	10	cell = 272 to 279
62	-7	92	-48	69	-20	37	10	cell = 280 to 287
39	-47	22	37	-9	12	64	2	cell = 288 to 295
12	27	34	8	27	5	24	-51	cell = 296 to 303
34	6	60	27	82	21	45	20	cell = 304 to 311
64	-26	-7	22	56	-16	27	10	cell = 312 to 319
40	-9	3	-28	52	7	79	24	cell = 320 to 327
40	0	56	-2	55	-45	77	-38	cell = 328 to 335
59	-32	16	-9	45	-24	30	-20	cell = 336 to 343
51	-6	11	27	30	-27	40	-12	cell = 344 to 351
67	3	73	-1	26	4	55	12	cell = 352 to 359
36	14	42	-9	73	-1	55	-2	cell = 360 to 367
52	14	34	-7	65	-24	17	26	cell = 368 to 375
21	-47	6	-8	3	-5	74	21	cell = 376 to 383
25	-30	27	48	41	-28	8	-13	cell = 384 to 391
24	-21	25	-45	98	-34	52	-26	cell = 392 to 399
62	-15	25	-13	40	-6	46	-39	cell = 400 to 407
5	32	71	26	18	-74	20	-11	cell = 408 to 415
1	-42	5	-18	47	1	58	-6	cell = 416 to 423
66	-14	30	-25	56	2	50	2	cell = 424 to 431
66	-19	53	-47	57	61	22	9	cell = 432 to 439
21	-35	5	-1	46	-30	42	6	cell = 440 to 447
52	-12	60	-47	38	-23	72	-15	cell = 448 to 455
19	7	46	-23	11	-25	34	-39	cell = 456 to 463
40	17	89	0	11	-14	20	-9	cell = 464 to 471
40	9	47	-37	41	12	50	-24	cell = 472 to 479
84	-18	58	-3	29	5	48	-1	cell = 480 to 487
63	-11	65	29	2	3	71	-4	cell = 488 to 495
25	-21	-26	-108	-58	-99	-37	-76	cell = 496 to 503
65	28	23	12	56	-5	69	-9	cell = 504 to 511
-10	-75	-14	12	-6	-45	-37	-28	cell = 512 to 519
-70	25	-36	-24	-18	4	-44	2	cell = 520 to 527
7	5	14	-26	-34	-46	-23	3	cell = 528 to 535
-4	2	6	-23	-16	-7	7	-17	cell = 536 to 543
-10	-27	-19	-24	3	-13	-61	-26	cell = 544 to 551
-13	-17	4	-23	-19	-54	-57	-14	cell = 552 to 559
-32	9	-34	-4	-46	-15	-10	-15	cell = 560 to 567
-14	-2	-19	-4	0	7	-32	-14	cell = 568 to 575
-10	-67	-18	-6	-56	-30	-6	-30	cell = 576 to 583
-18	-35	-12	-26	-57	26	-43	-5	cell = 584 to 591
-37	-10	-7	2	-66	-6	-34	-30	cell = 592 to 599
-35	9	-28	-3	-15	-45	-41	-15	cell = 600 to 607
-34	-18	-34	-5	-21	8	-38	-14	cell = 608 to 615
-53	-43	24	1	-18	-29	-27	6	cell = 616 to 623
-14	10	-67	6	-3	9	-31	-31	cell = 624 to 631
-32	-18	3	-30	11	-32	6	-37	cell = 632 to 639
-35	47	14	20	-3	-11	-45	32	cell = 640 to 647
-8	-13	-19	-32	-6	-32	-13	-6	cell = 648 to 655
-20	0	14	-19	-12	24	-13	12	cell = 656 to 663
-8	-7	-32	3	-2	-27	-54	-12	cell = 664 to 671
7	-43	-2	-18	31	34	-38	-27	cell = 672 to 679
-28	-11	-24	1	-26	-37	7	18	cell = 680 to 687
-43	-21	-27	-16	8	-31	-49	-29	cell = 688 to 695
10	-8	-29	-55	-26	-37	-62	-2	cell = 696 to 703
-4	-20	8	-20	-61	-28	-44	-45	cell = 704 to 711
-15	-28	-40	-17	15	-27	38	-8	cell = 712 to 719
7	-61	-2	-8	27	7	11	-14	cell = 720 to 727
4	-15	-32	-19	-20	-57	14	-21	cell = 728 to 735
-24	-10	2	-9	10	2	45	-3	cell = 736 to 743
-15	33	-25	-33	-21	2	-24	24	cell = 744 to 751
-56	9	4	-37	22	-16	-3	-58	cell = 752 to 759
11	11	-31	12	18	-3	-12	-12	cell = 760 to 767
1	-27	-30	-11	3	30	-17	0	cell = 768 to 775
-5	-55	-6	4	-2	-7	-58	21	cell = 776 to 783
-28	-52	-48	-46	-12	-14	-14	-9	cell = 784 to 791
24	0	-42	-31	-23	-33	-40	-34	cell = 792 to 799
-21	-37	4	9	-28	-23	-73	-37	cell = 800 to 807
11	-5	4	10	-35	6	-64	-9	cell = 808 to 815
4	-33	-19	-5	27	-50	-29	3	cell = 816 to 823
20	16	-31	5	-11	1	12	-1	cell = 824 to 831
-37	-17	-36	16	-6	-15	-24	-11	cell = 832 to 839
-11	-17	-31	-58	-23	-13	-9	-17	cell = 840 to 847
22	27	-11	-1	4	5	-27	5	cell = 848 to 855
-68	47	4	10	-60	-5	15	-26	cell = 856 to 863
-7	-37	-9	-39	5	-35	-7	-15	cell = 864 to 871
-25	-2	-23	-33	-19	36	-22	-20	cell = 872 to 879
-19	-12	-11	-3	6	-24	33	-19	cell = 880 to 887
-23	-16	-9	3	-34	-17	-12	-30	cell = 888 to 895
-16	-43	9	-3	-25	-32	-18	-2	cell = 896 to 903
-23	-24	-54	-25	-57	-2	-23	-12	cell = 904 to 911
19	14	-2	32	4	-17	-22	-65	cell = 912 to 919
-27	10	-24	-36	-31	-20	15	10	cell = 920 to 927
-39	-19	12	-14	-31	-62	24	-31	cell = 928 to 935
-43	-14	-12	-14	-32	-12	-9	-26	cell = 936 to 943
-46	-34	5	31	-5	3	5	6	cell = 944 to 951
-2	12	-18	-9	28	-55	-4	-37	cell = 952 to 959
-19	0	-5	9	-20	-13	-6	4	cell = 960 to 967
-32	-43	-11	-45	-16	-22	-59	-33	cell = 968 to 975
-36	-54	-35	-15	9	-11	1	-8	cell = 976 to 983
6	36	-1	-35	2	-10	-60	-12	cell = 984 to 991
-5	-40	6	12	-23	-4	-36	-8	cell = 992 to 999
-16	-8	-3	-23	-36	-57	-49	-35	cell = 1000 to 1007
-1	13	-30	-32	-23	-57	-2	-50	cell = 1008 to 1015
-35	-1	-11	-30	-44	-9	-33	-51	cell = 1016 to 1023
Calibration values from cell 0 to 1024 for channel 5:

50	-16	46	5	34	0	45	12	cell = 0 to 7
24	24	34	-17	59	-30	14	-25	cell = 8 to 15
31	-7	92	-5	51	-22	38	-25	cell = 16 to 23
67	-30	47	-39	19	-12	73	-1	cell = 24 to 31
40	-22	16	4	61	-24	36	-1	cell = 32 to 39
49	-7	61	-38	33	-7	0	23	cell = 40 to 47
-14	46	12	10	45	12	82	-11	cell = 48 to 55
52	-21	76	-31	22	-21	44	-6	cell = 56 to 63
18	6	56	-31	29	-23	59	42	cell = 64 to 71
75	-3	46	8	44	2	49	32	cell = 72 to 79
62	-18	30	-39	34	29	78	-6	cell = 80 to 87
49	30	50	-4	64	-21	22	-12	cell = 88 to 95
79	0	94	-58	19	55	54	-2	cell = 96 to 103
84	-7	20	15	43	-16	8	-12	cell = 104 to 111
10	-12	51	-10	32	-27	50	-19	cell = 112 to 119
30	-5	57	-26	46	2	62	1	cell = 120 to 127
84	5	85	40	46	-10	53	-26	cell = 128 to 135
24	-20	14	-33	37	-21	46	39	cell = 136 to 143
60	-28	45	-30	64	9	25	0	cell = 144 to 151
14	17	15	17	61	-45	55	2	cell = 152 to 159
66	-43	-1	-44	66	11	31	17	cell = 160 to 167
51	3	36	6	69	-8	8	12	cell = 168 to 175
68	-31	55	-15	62	-10	27	-26	cell = 176 to 183
58	-17	50	-33	53	9	5	-50	cell = 184 to 191
28	21	34	-14	18	12	43	-10	cell = 192 to 199
35	0	0	-18	49	-11	82	24	cell = 200 to 207
38	-7	50	16	15	20	21	-9	cell = 208 to 215
43	-25	33	-21	43	-22	57	-52	cell = 216 to 223
19	27	16	-28	74	-12	69	-39	cell = 224 to 231
25	26	45	-20	56	-21	34	-12	cell = 232 to 239
67	29	54	-2	28	15	90	-7	cell = 240 to 247
67	-13	67	-29	61	-15	35	-6	cell = 248 to 255
55	34	57	32	16	5	33	-16	cell = 256 to 263
33	-14	70	-24	36	19	19	8	cell = 264 to 271
44	-8	50	-29	17	-30	63	-28	cell = 272 to 279
26	5	45	-22	51	-6	59	22	cell = 280 to 287
34	-10	60	-34	36	-18	46	-15	cell = 288 to 295
47	31	8	-28	22	-17	42	-15	cell = 296 to 303
49	-22	29	-26	33	8	65	32	cell = 304 to 311
-5	2	33	28	31	-6	29	-31	cell = 312 to 319
77	10	19	-24	9	-14	55	-2	cell = 320 to 327
52	-27	16	19	40	34	60	-40	cell = 328 to 335
55	13	34	-16	25	-14	30	-8	cell = 336 to 343
28	7	53	4	2	14	49	3	cell = 344 to 351
35	11	62	13	49	-28	26	28	cell = 352 to 359
38	-43	9	-4	-18	-26	5	8	cell = 360 to 367
12	-39	24	43	86	-8	59	-37	cell = 368 to 375
37	-27	63	-37	48	1	14	-4	cell = 376 to 383
79	-22	6	-27	32	3	31	-7	cell = 384 to 391
50	6	37	-6	-5	16	67	-6	cell = 392 to 399
63	8	70	-33	47	-2	25	-17	cell = 400 to 407
29	-34	31	-40	55	-31	55	5	cell = 408 to 415
54	-40	87	7	44	0	27	-15	cell = 416 to 423
73	17	40	-8	19	-47	38	37	cell = 424 to 431
67	-6	83	-1	31	4	43	26	cell = 432 to 439
39	-18	76	-39	5	-35	59	-22	cell = 440 to 447
-4	8	44	17	45	-55	65	-36	cell = 448 to 455
53	27	-5	-23	64	-37	50	22	cell = 456 to 463
-28	10	47	6	27	-27	42	-8	cell = 464 to 471
59	16	43	-13	22	-36	36	-34	cell = 472 to 479
44	-8	20	5	-8	-10	50	-39	cell = 480 to 487
13	-36	32	-22	12	23	45	-5	cell = 488 to 495
16	-18	-8	-71	-67	-85	-27	-87	cell = 496 to 503
48	-35	14	-20	41	25	82	-71	cell = 504 to 511
-15	-6	-13	-29	2	-3	-23	22	cell = 512 to 519
-2	5	-28	-51	-25	0	-44	-23	cell = 520 to 527
-7	-5	-17	-22	12	-4	6	-56	cell = 528 to 535
-20	18	2	16	3	-59	-34	-17	cell = 536 to 543
-26	-6	-40	-30	-28	-30	-14	6	cell = 544 to 551
-11	2	29	6	15	-23	-19	-49	cell = 552 to 559
-32	7	-49	-10	20	-25	0	-2	cell = 560 to 567
-21	16	30	-13	-2	-27	-9	-46	cell = 568 to 575
-53	-87	-28	-14	-27	-24	-4	-68	cell = 576 to 583
-46	-6	-34	-16	-10	-8	-41	4	cell = 584 to 591
4	30	-40	2	0	-26	-51	-11	cell = 592 to 599
5	11	-11	-14	-44	-38	-68	-24	cell = 600 to 607
-11	6	-8	-20	-31	-46	-25	-85	cell = 608 to 615
-56	2	-24	-40	-61	5	27	-3	cell = 616 to 623
-34	14	5	-37	-13	-46	10	-43	cell = 624 to 631
-33	-43	-10	-15	-24	-18	-27	-37	cell = 632 to 639
-4	-20	-27	-33	10	-18	-10	-25	cell = 640 to 647
-60	-9	-59	0	-35	12	-54	5	cell = 648 to 655
-8	-14	-1	-45	-35	-6	-14	-17	cell = 656 to 663
-5	1	-21	40	12	-61	-16	-21	cell = 664 to 671
-56	-30	-36	7	-25	-5	-38	-19	cell = 672 to 679
-35	0	-49	-27	7	-31	-37	-1	cell = 680 to 687
5	-18	-50	-11	11	5	-13	-18	cell = 688 to 695
-55	-32	-21	-3	-52	-20	-66	0	cell = 696 to 703
0	-41	-30	-16	22	-33	-46	-4	cell = 704 to 711
-29	29	-43	-12	19	-16	-28	-24	cell = 712 to 719
-33	-5	-27	-24	4	4	-26	-15	cell = 720 to 727
-10	-60	-36	1	-29	23	-44	-3	cell = 728 to 735
-4	-7	-34	2	5	-4	-22	-22	cell = 736 to 743
-23	-21	-16	-14	-41	-37	4	-46	cell = 744 to 751
-38	-8	5	-22	-12	-64	-18	-38	cell = 752 to 759
6	1	-31	3	7	-17	-11	-17	cell = 760 to 767
-23	-61	-36	-25	-14	-23	4	-47	cell = 768 to 775
-36	36	-9	-33	0	-27	-41	-31	cell = 776 to 783
-19	11	9	-11	-29	-13	-49	-6	cell = 784 to 791
-48	9	26	30	34	-40	-37	-15	cell = 792 to 799
-29	-43	-19	-12	0	-7	-36	11	cell = 800 to 807
-15	-26	1	-27	-11	-5	-9	-22	cell = 808 to 815
13	-24	-24	-3	-11	-23	-36	-8	cell = 816 to 823
-23	5	-33	-58	-30	-17	-52	9	cell = 824 to 831
-13	-21	0	-6	-21	-61	-48	-24	cell = 832 to 839
-23	-8	-72	-50	-28	-15	0	-36	cell = 840 to 847
22	5	-31	5	-27	-4	4	-18	cell = 848 to 855
17	20	-15	1	-7	-17	-29	1	cell = 856 to 863
-22	-50	-9	3	15	-21	-14	8	cell = 864 to 871
-36	-24	-35	25	-24	-7	-48	-9	cell = 872 to 879
-93	0	-40	25	-16	1	-27	-4	cell = 880 to 887
9	-33	1	-3	-6	-50	-3	12	cell = 888 to 895
-10	12	-14	-29	59	-19	23	-27	cell = 896 to 903
-15	5	5	36	21	-27	-29	-31	cell = 904 to 911
-6	-26	-11	-13	-37	-30	21	-23	cell = 912 to 919
7	-8	-52	-10	-33	8	-58	14	cell = 920 to 927
22	-37	28	-16	1	-2	-4	-39	cell = 928 to 935
16	24	-39	-12	24	-35	-32	-38	cell = 936 to 943
-30	0	12	-1	-6	5	9	10	cell = 944 to 951
-6	-12	-29	-4	-38	-57	-16	-12	cell = 952 to 959
-13	-6	9	-20	36	37	-20	-31	cell = 960 to 967
-23	11	-16	-18	-13	-16	-30	7	cell = 968 to 975
-16	2	3	12	-18	-32	-44	10	cell = 976 to 983
-42	-42	6	10	-7	5	14	-43	cell = 984 to 991
-39	-9	-44	-8	10	13	-31	5	cell = 992 to 999
-48	-6	-21	-3	25	6	-17	0	cell = 1000 to 1007
-12	1	0	-26	-11	-9	-38	-25	cell = 1008 to 1015
-23	-4	-34	-42	-46	-30	-27	3	cell = 1016 to 1023
Calibration values from cell 0 to 1024 for channel 6:

43	18	63	-17	63	0	71	-9	cell = 0 to 7
40	-28	11	-4	32	-5	28	16	cell = 8 to 15
44	-18	24	46	22	-17	19	4	cell = 16 to 23
22	2	22	-22	23	32	36	-5	cell = 24 to 31
34	35	16	5	11	14	17	-32	cell = 32 to 39
72	-10	51	9	42	-46	31	12	cell = 40 to 47
33	-24	15	-17	29	-21	-5	-11	cell = 48 to 55
53	23	33	-22	32	-40	46	24	cell = 56 to 63
-2	-10	66	10	35	15	55	-25	cell = 64 to 71
43	14	39	-13	53	24	65	0	cell = 72 to 79
33	-19	77	22	51	-17	16	-6	cell = 80 to 87
67	14	43	5	30	-30	61	-27	cell = 88 to 95
59	-3	39	-10	23	-9	30	-23	cell = 96 to 103
34	-23	46	-15	5	-22	74	-14	cell = 104 to 111
36	20	47	-35	72	-14	77	-7	cell = 112 to 119
35	28	63	-9	68	-18	44	25	cell = 120 to 127
32	-40	49	4	24	9	60	19	cell = 128 to 135
23	30	46	6	80	30	39	5	cell = 136 to 143
23	-16	56	15	56	3	24	-6	cell = 144 to 151
17	-35	7	13	37	-26	42	-6	cell = 152 to 159
51	21	27	4	55	5	54	-30	cell = 160 to 167
40	-25	56	6	51	-9	19	-1	cell = 168 to 175
40	21	0	-46	50	-44	9	4	cell = 176 to 183
-15	20	55	13	30	-29	58	-9	cell = 184 to 191
14	11	33	0	64	6	49	-2	cell = 192 to 199
60	14	66	-35	58	-31	35	-1	cell = 200 to 207
30	-46	49	-7	32	-50	61	-5	cell = 208 to 215
56	-18	44	7	55	-18	46	-9	cell = 216 to 223
72	16	23	16	12	-45	72	25	cell = 224 to 231
56	-12	26	-24	31	-2	25	-58	cell = 232 to 239
18	-12	33	-10	58	-11	33	-13	cell = 240 to 247
25	-5	56	-12	38	36	30	-34	cell = 248 to 255
-2	-28	37	31	47	-15	51	-4	cell = 256 to 263
85	19	84	21	59	2	17	-53	cell = 264 to 271
64	7	3	13	46	-7	90	23	cell = 272 to 279
46	-27	18	-13	51	20	-12	18	cell = 280 to 287
70	-19	46	33	61	5	45	-4	cell = 288 to 295
52	20	27	29	38	-8	37	-15	cell = 296 to 303
33	-33	105	-4	84	18	53	38	cell = 304 to 311
25	3	86	-29	13	-28	52	-2	cell = 312 to 319
35	-14	37	22	38	-13	70	-15	cell = 320 to 327
51	36	43	-13	7	-5	36	-24	cell = 328 to 335
12	-8	51	-29	4	-12	66	-2	cell = 336 to 343
79	-17	8	17	-14	-49	68	-30	cell = 344 to 351
53	52	36	-47	39	-5	21	3	cell = 352 to 359
23	20	22	-4	34	-16	34	-5	cell = 360 to 367
41	23	40	-3	45	-49	64	-10	cell = 368 to 375
88	-40	47	2	40	-13	50	-28	cell = 376 to 383
36	-12	35	3	48	-23	43	1	cell = 384 to 391
31	-66	57	35	66	16	34	-33	cell = 392 to 399
31	-9	44	-61	44	-52	36	1	cell = 400 to 407
28	4	51	-2	29	-30	74	-9	cell = 408 to 415
17	-34	42	-16	54	23	36	30	cell = 416 to 423
-5	-4	56	-19	13	-10	68	-17	cell = 424 to 431
75	-29	53	-10	41	8	28	27	cell = 432 to 439
29	12	12	-23	51	14	36	-21	cell = 440 to 447
-6	-2	25	8	51	-8	47	7	cell = 448 to 455
10	-12	49	-32	17	-8	63	-15	cell = 456 to 463
56	-15	75	-5	6	1	88	9	cell = 464 to 471
16	-27	47	3	11	-12	28	-81	cell = 472 to 479
43	-23	54	-7	51	-17	54	10	cell = 480 to 487
45	0	58	-30	41	-24	-3	0	cell = 488 to 495
65	-33	-56	-58	-51	-66	-37	-88	cell = 496 to 503
64	0	37	-26	0	-16	39	-39	cell = 504 to 511
-18	-35	-11	-33	-11	-11	-58	-37	cell = 512 to 519
-27	10	8	-21	-24	-4	-12	15	cell = 520 to 527
-27	-21	-21	-17	-54	-3	-13	-64	cell = 528 to 535
-15	-45	-12	18	0	-2	-23	-11	cell = 536 to 543
20	-28	-16	-17	0	-26	-51	5	cell = 544 to 551
-6	-68	-41	-57	-27	8	-28	34	cell = 552 to 559
2	16	-11	-33	-34	-30	-27	-14	cell = 560 to 567
-39	-7	16	10	-42	-4	-34	7	cell = 568 to 575
-22	-23	22	-28	-32	-12	-39	2	cell = 576 to 583
-16	-32	-35	-29	-47	13	-51	-30	cell = 584 to 591
8	-12	-23	-56	14	4	-9	-30	cell = 592 to 599
-5	-27	-2	-22	-17	1	-24	-2	cell = 600 to 607
12	-37	-10	-46	-21	8	-33	-35	cell = 608 to 615
-57	-73	-3	-45	-4	13	-65	28	cell = 616 to 623
-20	-21	-11	-25	-16	-14	-48	-32	cell = 624 to 631
-11	-8	-24	-29	-19	-41	-17	-18	cell = 632 to 639
-11	-10	-17	-42	-27	8	6	-29	cell = 640 to 647
0	-51	-6	9	-39	-18	-36	40	cell = 648 to 655
-15	1	-25	-25	8	43	-65	-26	cell = 656 to 663
-14	12	-22	-31	33	7	-20	-14	cell = 664 to 671
-35	17	23	-10	-9	-60	-17	-14	cell = 672 to 679
-5	-21	30	-31	-11	30	-29	-11	cell = 680 to 687
19	3	-29	15	6	-6	-41	-47	cell = 688 to 695
6	-39	-15	32	-28	-41	8	14	cell = 696 to 703
-37	-25	-54	-68	-65	-18	-5	-47	cell = 704 to 711
-1	-36	-6	-60	-59	-22	-6	-7	cell = 712 to 719
-18	-12	-29	-37	-23	-11	-5	-41	cell = 720 to 727
-18	-2	-49	34	-20	-31	13	14	cell = 728 to 735
3	-18	-51	17	13	-25	15	-19	cell = 736 to 743
-31	-19	-5	-20	-46	-8	-38	12	cell = 744 to 751
-33	-29	-36	6	-18	17	-3	1	cell = 752 to 759
-3	-35	-15	-46	-63	38	-23	-11	cell = 760 to 767
14	-16	-23	-31	-51	-44	-4	-8	cell = 768 to 775
-26	31	-30	-6	-5	-13	-13	-34	cell = 776 to 783
-23	-41	-19	-35	25	11	-49	-15	cell = 784 to 791
-2	-25	-44	-24	-33	-59	-7	-7	cell = 792 to 799
-35	23	-18	-5	17	-2	-39	-16	cell = 800 to 807
-35	0	-3	-2	1	-6	-19	-53	cell = 808 to 815
-23	-21	-19	-10	-23	-13	-10	6	cell = 816 to 823
-21	-20	-43	-21	-38	-51	-23	10	cell = 824 to 831
14	-31	-21	4	7	-31	-40	-6	cell = 832 to 839
-48	6	-25	-7	-46	7	-10	-12	cell = 840 to 847
-20	-32	-25	-36	30	22	-3	17	cell = 848 to 855
4	-24	-23	34	-27	-30	-5	-7	cell = 856 to 863
-4	9	-13	17	9	-38	-37	-36	cell = 864 to 871
8	-21	17	-28	-42	-8	-41	-18	cell = 872 to 879
-19	-6	-6	-9	-9	-31	-6	-28	cell = 880 to 887
-63	3	-10	-21	4	-62	-74	-6	cell = 888 to 895
-34	7	-12	-17	30	-27	-58	-49	cell = 896 to 903
-18	-23	9	-21	20	-34	25	5	cell = 904 to 911
-5	-9	-16	8	21	23	27	-9	cell = 912 to 919
3	0	-19	-43	-7	-36	-17	-32	cell = 920 to 927
-10	-35	36	-10	1	7	18	-27	cell = 928 to 935
-69	-13	-15	-16	-22	-26	-46	-15	cell = 936 to 943
-5	-24	-1	-74	-5	-28	-11	-20	cell = 944 to 951
0	-23	-47	21	-15	-38	-14	-4	cell = 952 to 959
-40	-35	-41	-17	-53	-39	-9	58	cell = 960 to 967
-30	-30	-36	26	-14	20	13	-10	cell = 968 to 975
-15	28	-26	-26	-10	-6	-38	-29	cell = 976 to 983
-3	-35	-28	-9	-25	4	2	9	cell = 984 to 991
-24	10	-21	22	10	-35	-21	-24	cell = 992 to 999
19	-43	-51	-40	-2	-2	-25	-7	cell = 1000 to 1007
6	-36	-52	-2	-13	-19	-16	32	cell = 1008 to 1015
-11	0	-73	-50	-14	-30	-34	-46	cell = 1016 to 1023
Calibration values from cell 0 to 1024 for channel 7:

44	-26	34	-29	9	-25	26	-20	cell = 0 to 7
44	2	55	26	47	-32	84	6	cell = 8 to 15
30	2	17	-31	31	0	8	26	cell = 16 to 23
26	-18	46	-22	2	-28	70	5	cell = 24 to 31
21	3	35	-8	65	7	66	9	cell = 32 to 39
79	-8	48	16	47	-28	61	3	cell = 40 to 47
34	7	25	-2	23	14	88	-46	cell = 48 to 55
39	21	11	-2	29	15	65	-7	cell = 56 to 63
43	11	91	-12	32	0	43	-15	cell = 64 to 71
26	-10	43	33	36	-10	46	3	cell = 72 to 79
44	-18	58	-6	14	39	30	-20	cell = 80 to 87
0	23	63	-11	41	-14	39	-42	cell = 88 to 95
31	33	52	-28	53	20	90	52	cell = 96 to 103
78	-1	21	-17	74	0	49	-15	cell = 104 to 111
30	6	30	-41	65	-26	55	-45	cell = 112 to 119
-8	20	79	-3	11	-5	32	-24	cell = 120 to 127
28	-47	61	21	37	2	6	-25	cell = 128 to 135
62	-29	3	-9	44	13	37	-21	cell = 136 to 143
14	8	49	-12	32	15	44	24	cell = 144 to 151
40	-12	79	17	17	25	30	-27	cell = 152 to 159
41	8	19	-29	45	3	18	-26	cell = 160 to 167
52	16	38	-31	54	10	45	12	cell = 168 to 175
85	18	10	1	26	-36	42	30	cell = 176 to 183
61	-22	32	-8	58	-28	38	11	cell = 184 to 191
17	-10	75	48	51	0	92	30	cell = 192 to 199
59	-31	22	6	38	-4	52	-18	cell = 200 to 207
8	-1	44	-25	32	-30	8	-9	cell = 208 to 215
32	18	57	25	25	-4	14	-58	cell = 216 to 223
41	-5	60	-36	15	-4	5	16	cell = 224 to 231
56	-16	86	-22	3	-24	44	-6	cell = 232 to 239
61	1	43	-41	-3	12	38	26	cell = 240 to 247
6	-13	5	-10	38	-29	2	-14	cell = 248 to 255
60	-11	31	-6	61	-3	37	8	cell = 256 to 263
60	2	29	6	19	1	15	-18	cell = 264 to 271
11	26	42	-18	10	-8	48	26	cell = 272 to 279
36	-11	35	-16	72	-15	-15	32	cell = 280 to 287
23	20	64	32	27	0	37	-12	cell = 288 to 295
57	11	75	-8	12	31	25	-18	cell = 296 to 303
42	-56	49	18	8	17	26	32	cell = 304 to 311
37	-30	64	7	21	4	32	27	cell = 312 to 319
16	-14	-8	-13	49	33	23	-17	cell = 320 to 327
39	-29	46	6	26	2	12	-5	cell = 328 to 335
74	-44	40	15	35	-15	55	12	cell = 336 to 343
21	-9	53	22	22	-28	66	-3	cell = 344 to 351
76	33	48	16	27	-61	59	-9	cell = 352 to 359
55	-27	64	-38	45	-31	19	-13	cell = 360 to 367
23	24	13	-28	26	11	36	-1	cell = 368 to 375
52	-17	29	25	59	31	28	36	cell = 376 to 383
59	-11	35	-1	18	-4	62	-16	cell = 384 to 391
62	-5	26	-21	8	-27	62	-6	cell = 392 to 399
32	32	32	15	57	-14	35	-8	cell = 400 to 407
21	-18	17	4	47	20	84	-43	cell = 408 to 415
46	0	18	0	17	-7	8	7	cell = 416 to 423
13	-40	79	-47	73	20	50	6	cell = 424 to 431
35	-8	44	-13	33	15	28	3	cell = 432 to 439
25	-3	33	-26	6	-50	46	9	cell = 440 to 447
-3	23	41	-16	47	-18	15	-11	cell = 448 to 455
5	-16	37	-6	20	9	-14	-28	cell = 456 to 463
69	39	22	-57	9	-18	46	3	cell = 464 to 471
22	-38	32	0	48	32	30	-43	cell = 472 to 479
11	-41	50	-4	65	-23	53	-39	cell = 480 to 487
54	5	47	-41	61	7	22	1	cell = 488 to 495
35	8	2	-121	-17	-100	-57	-55	cell = 496 to 503
24	-27	9	-10	6	-43	41	-20	cell = 504 to 511
-6	-23	-41	-31	-26	1	-23	21	cell = 512 to 519
4	-43	-53	-13	-46	6	-28	12	cell = 520 to 527
-24	-28	5	-6	1	-41	-37	-19	cell = 528 to 535
-35	-48	-72	0	-14	-12	-44	-42	cell = 536 to 543
5	-24	-23	-17	21	9	-70	-3	cell = 544 to 551
-34	6	10	-25	-7	3	-27	-40	cell = 552 to 559
-17	7	-34	-15	-5	-10	-19	-22	cell = 560 to 567
-4	-41	-23	-41	-39	-23	-47	-51	cell = 568 to 575
9	-39	-20	-4	-31	25	-44	-11	cell = 576 to 583
3	-61	-1	9	-27	-8	16	11	cell = 584 to 591
-43	-34	-47	-26	-31	21	-31	10	cell = 592 to 599
-19	-15	-16	-19	-52	-24	4	11	cell = 600 to 607
-21	12	-22	11	-20	11	-11	5	cell = 608 to 615
-18	-52	-16	-28	-59	14	-56	11	cell = 616 to 623
-10	-22	-3	-32	-35	17	-32	-41	cell = 624 to 631
1	-28	-34	-20	3	-13	-35	-22	cell = 632 to 639
11	-15	-29	-13	0	5	-17	-19	cell = 640 to 647
17	-35	-21	16	-43	2	21	-37	cell = 648 to 655
-30	-16	-19	-7	-15	-55	-22	11	cell = 656 to 663
7	-36	-16	-17	-31	-42	-41	-28	cell = 664 to 671
-11	-54	0	-9	-20	14	-14	-19	cell = 672 to 679
-43	7	8	-45	-24	-29	-12	-54	cell = 680 to 687
33	-3	10	-30	1	-5	12	51	cell = 688 to 695
-9	21	-19	-39	-31	3	-20	-16	cell = 696 to 703
-12	-2	8	32	-19	27	-23	-7	cell = 704 to 711
-10	-72	-9	-35	-6	7	-12	5	cell = 712 to 719
-58	-32	-16	-9	-12	-20	-19	-19	cell = 720 to 727
11	-18	4	7	3	8	-45	-26	cell = 728 to 735
-25	-48	-13	20	-42	-21	-19	28	cell = 736 to 743
-44	-6	-32	-9	-2	-28	-2	14	cell = 744 to 751
27	-43	-16	3	-57	-46	-7	-19	cell = 752 to 759
-2	1	-29	-40	1	-25	-18	-29	cell = 760 to 767
-37	-38	13	8	-18	-32	-3	-29	cell = 768 to 775
2	6	-3	-24	-53	-8	-11	0	cell = 776 to 783
-7	43	-31	26	-21	-30	31	-6	cell = 784 to 791
-8	-22	-11	-25	-43	-4	-52	4	cell = 792 to 799
-35	-7	-40	-25	-16	-23	-49	-4	cell = 800 to 807
-16	-47	1	-36	5	0	-2	-55	cell = 808 to 815
-33	10	-19	-6	-33	-38	14	-26	cell = 816 to 823
-30	-23	-32	5	5	0	-29	-11	cell = 824 to 831
-33	2	13	-17	-5	16	-30	-16	cell = 832 to 839
0	12	1	-36	9	4	-5	17	cell = 840 to 847
-57	10	-13	0	-66	14	-44	14	cell = 848 to 855
-16	3	2	-42	-26	7	-5	-41	cell = 856 to 863
-23	-3	-57	20	0	-23	4	-26	cell = 864 to 871
13	-27	13	-35	-22	11	14	-14	cell = 872 to 879
7	-21	-18	-21	18	-45	-8	-2	cell = 880 to 887
9	15	-31	32	-50	-7	13	-5	cell = 888 to 895
-53	-2	-46	-21	-19	-55	-11	-13	cell = 896 to 903
-20	4	-36	-17	-5	24	-5	-44	cell = 904 to 911
-38	18	10	-56	11	-35	15	-12	cell = 912 to 919
-12	-29	-18	-5	-21	59	-8	-15	cell = 920 to 927
-10	14	-11	-13	-31	-27	-6	-9	cell = 928 to 935
-12	-19	3	-32	-5	-55	1	8	cell = 936 to 943
-14	9	-36	-32	-31	-24	24	4	cell = 944 to 951
-23	-5	-25	-13	-62	-19	-43	-43	cell = 952 to 959
-16	-1	-42	-5	4	-32	-19	27	cell = 960 to 967
20	6	-34	9	-59	-24	-20	8	cell = 968 to 975
-34	-46	-74	23	-44	-18	-7	12	cell = 976 to 983
-28	10	-55	-5	-47	2	-29	11	cell = 984 to 991
-31	-18	-13	-19	7	-28	-13	-28	cell = 992 to 999
-28	-50	-59	5	21	14	-3	-26	cell = 1000 to 1007
-14	16	-34	-18	2	-66	-21	4	cell = 1008 to 1015
-9	-31	-30	-35	-32	-6	-10	-34	cell = 1016 to 1023
Calibration values from cell 0 to 1024 for channel 8:

32	6	62	-23	17	-41	30	28	cell = 0 to 7
31	-3	22	5	33	-45	43	-34	cell = 8 to 15
7	15	31	29	67	37	13	-3	cell = 16 to 23
54	23	30	-12	82	-1	44	-4	cell = 24 to 31
40	-27	75	-20	50	25	78	10	cell = 32 to 39
38	31	28	-14	38	26	65	-2	cell = 40 to 47
24	12	70	6	54	-10	46	-2	cell = 48 to 55
21	0	59	11	27	-3	34	-16	cell = 56 to 63
22	-27	52	-10	59	-26	69	39	cell = 64 to 71
51	15	61	68	53	-9	47	-33	cell = 72 to 79
56	-6	72	-40	13	9	63	-24	cell = 80 to 87
49	-35	52	-9	62	-24	65	-18	cell = 88 to 95
80	-19	32	30	32	-22	81	50	cell = 96 to 103
7	-18	57	-26	51	12	20	-22	cell = 104 to 111
49	-11	61	-2	15	9	80	-16	cell = 112 to 119
29	-18	37	-48	17	-10	14	-23	cell = 120 to 127
46	-24	36	-18	58	6	68	-6	cell = 128 to 135
73	-39	57	-16	26	-38	46	16	cell = 136 to 143
37	-22	54	-18	27	2	37	15	cell = 144 to 151
30	42	85	4	2	-18	45	-26	cell = 152 to 159
32	0	30	-21	11	20	20	12	cell = 160 to 167
24	-11	54	19	32	8	43	6	cell = 168 to 175
2	15	51	12	-2	-9	51	51	cell = 176 to 183
46	-7	53	15	31	-53	70	-21	cell = 184 to 191
38	17	7	-24	64	14	-6	-51	cell = 192 to 199
43	36	62	47	48	0	53	27	cell = 200 to 207
28	15	56	8	44	-25	17	-66	cell = 208 to 215
7	-10	24	9	4	-19	43	-36	cell = 216 to 223
19	-19	60	-2	13	12	61	-48	cell = 224 to 231
18	-30	35	29	68	-40	86	-38	cell = 232 to 239
58	1	-3	-1	43	-29	47	2	cell = 240 to 247
-14	-32	51	-13	30	-29	32	5	cell = 248 to 255
50	-8	-7	-29	30	7	50	-24	cell = 256 to 263
96	34	39	23	-5	9	30	35	cell = 264 to 271
44	8	50	26	49	6	47	7	cell = 272 to 279
21	-11	48	-17	18	30	67	-56	cell = 280 to 287
63	-4	42	-25	27	8	68	-14	cell = 288 to 295
-4	-25	-7	-18	61	14	29	20	cell = 296 to 303
41	-18	85	-4	57	22	54	6	cell = 304 to 311
70	-7	69	-22	36	-9	35	20	cell = 312 to 319
53	-13	0	-13	56	-33	89	-34	cell = 320 to 327
53	-29	27	-9	49	-10	30	-7	cell = 328 to 335
46	-5	36	-26	32	29	78	-18	cell = 336 to 343
33	-19	23	4	74	-40	10	-3	cell = 344 to 351
28	-4	55	1	14	-10	79	-10	cell = 352 to 359
38	-6	17	-4	32	0	25	-4	cell = 360 to 367
58	27	50	-45	5	4	36	6	cell = 368 to 375
-5	-39	55	-29	21	0	38	0	cell = 376 to 383
33	3	49	-18	67	-25	15	35	cell = 384 to 391
42	15	40	-32	43	14	23	-4	cell = 392 to 399
35	29	44	-39	4	-43	34	-9	cell = 400 to 407
63	-4	34	-16	46	-40	41	-24	cell = 408 to 415
0	1	44	4	31	-35	61	21	cell = 416 to 423
55	17	18	9	82	10	68	7	cell = 424 to 431
28	-20	33	-10	67	33	57	-16	cell = 432 to 439
68	-36	105	18	22	-19	39	-6	cell = 440 to 447
-16	-42	34	-44	17	-21	27	-24	cell = 448 to 455
53	18	47	15	32	-12	45	33	cell = 456 to 463
26	-14	40	12	42	20	58	21	cell = 464 to 471
30	1	19	-48	32	-32	45	4	cell = 472 to 479
14	-4	49	12	40	-4	67	-13	cell = 480 to 487
44	-14	54	-13	63	-4	13	-36	cell = 488 to 495
32	1	-61	-77	-13	-62	21	-45	cell = 496 to 503
76	13	35	-38	20	-4	16	-32	cell = 504 to 511
-1	-55	-6	-8	-18	-41	-12	15	cell = 512 to 519
-12	44	1	-33	-7	1	12	-14	cell = 520 to 527
10	-40	-4	-23	-26	-16	-37	-32	cell = 528 to 535
-16	-25	-31	-1	-21	20	2	-26	cell = 536 to 543
-20	16	-17	-55	-36	-37	31	18	cell = 544 to 551
-54	-37	-9	-19	-2	1	-30	7	cell = 552 to 559
-14	-46	-13	16	-36	30	0	27	cell = 560 to 567
-6	-23	-16	10	8	5	-6	-45	cell = 568 to 575
-38	24	3	-14	-14	-36	-30	26	cell = 576 to 583
-8	-20	-11	-25	-26	-26	-27	-24	cell = 584 to 591
-20	-56	6	3	-13	-44	-9	-16	cell = 592 to 599
-33	1	-52	-13	-59	7	-34	-5	cell = 600 to 607
-16	-41	-25	19	-33	-33	-34	-9	cell = 608 to 615
-27	2	12	-4	6	-36	-42	-12	cell = 616 to 623
-10	-66	-17	-24	11	-14	-54	-32	cell = 624 to 631
-4	-25	-39	-21	-30	19	-34	4	cell = 632 to 639
-22	10	-53	22	-58	14	-5	-20	cell = 640 to 647
5	13	-31	6	-14	-23	-3	12	cell = 648 to 655
-38	-16	-46	-19	-56	-3	-20	2	cell = 656 to 663
-23	-31	-59	-33	19	-36	-35	2	cell = 664 to 671
-18	-6	-26	-36	-27	-34	-12	-57	cell = 672 to 679
-5	-7	-21	2	11	-9	-47	-32	cell = 680 to 687
-57	-10	-8	-69	-6	-16	-45	-31	cell = 688 to 695
-13	-6	-28	28	-44	-22	-2	-53	cell = 696 to 703
-20	-3	-15	-37	-24	-10	-68	-15	cell = 704 to 711
-32	-89	-6	-29	-48	-46	-13	10	cell = 712 to 719
-3	-12	-53	2	7	-8	-36	0	cell = 720 to 727
-11	-28	3	-16	-20	-20	-57	13	cell = 728 to 735
-32	-13	11	-13	-17	-15	-40	8	cell = 736 to 743
11	22	7	0	39	3	-56	-28	cell = 744 to 751
-27	-11	-46	-11	0	-40	14	-7	cell = 752 to 759
10	-31	-18	20	-10	-16	10	-41	cell = 760 to 767
-25	-21	12	-13	-45	-14	-20	-5	cell = 768 to 775
-22	-31	-51	31	-26	-5	-19	25	cell = 776 to 783
5	-21	-53	5	-28	18	-41	-46	cell = 784 to 791
-13	-43	-61	0	-20	20	-6	2	cell = 792 to 799
9	-11	-35	-5	-65	-25	-26	-48	cell = 800 to 807
19	-24	-12	10	-31	20	0	20	cell = 808 to 815
-60	6	-11	3	-3	-19	-32	8	cell = 816 to 823
-35	-20	-22	-16	8	-44	-51	-15	cell = 824 to 831
-13	-30	-18	-24	-11	-42	6	-19	cell = 832 to 839
-4	-46	-8	-20	-2	-13	-21	-9	cell = 840 to 847
-43	-40	-4	-20	-48	-41	4	-41	cell = 848 to 855
28	-27	-35	14	-52	-37	-16	5	cell = 856 to 863
5	-12	-9	-1	7	-20	-37	-5	cell = 864 to 871
-21	3	-20	-34	0	-20	14	-11	cell = 872 to 879
-32	-31	-4	-14	-42	-28	-66	-13	cell = 880 to 887
-9	-6	-52	-3	-27	9	-68	-29	cell = 888 to 895
-42	1	-10	22	-33	-3	-14	9	cell = 896 to 903
-15	-39	-24	8	-10	-16	-9	3	cell = 904 to 911
-1	-24	-40	-7	-42	-26	-11	-4	cell = 912 to 919
-13	-9	-50	18	-31	37	14	7	cell = 920 to 927
-11	-22	22	-7	-40	-19	-13	-1	cell = 928 to 935
-12	-9	2	-2	26	12	-12	-15	cell = 936 to 943
-33	-13	-21	-7	-3	-26	-2	-38	cell = 944 to 951
-12	-13	-4	-30	9	-13	-9	-11	cell = 952 to 959
-10	3	-24	-54	-28	-49	-30	-2	cell = 960 to 967
-17	-7	-35	-8	-66	8	-55	-2	cell = 968 to 975
6	-30	-31	-30	-7	-21	-62	0	cell = 976 to 983
-31	-40	-39	-5	-39	16	10	-26	cell = 984 to 991
-29	35	-16	-53	0	-7	-56	2	cell = 992 to 999
-33	-69	-15	18	13	-12	-49	-15	cell = 1000 to 1007
-30	-40	-33	-19	-3	-37	-43	-12	cell = 1008 to 1015
-37	-47	-27	34	-3	-12	-34	-33	cell = 1016 to 1023
