Calibration values from cell 0 to 1024 for channel 0:

22	-3	50	2	70	-14	19	-29	cell = 0 to 7
54	-20	41	6	60	1	53	-27	cell = 8 to 15
19	-16	36	-9	23	36	58	-6	cell = 16 to 23
67	-11	38	-26	45	-25	36	-48	cell = 24 to 31
40	-17	31	-7	53	-9	63	-17	cell = 32 to 39
52	6	60	-32	67	3	30	-28	cell = 40 to 47
14	10	61	-55	40	-32	-6	13	cell = 48 to 55
22	-20	27	-38	21	2	14	-7	cell = 56 to 63
44	-7	74	-36	22	4	50	-27	cell = 64 to 71
24	5	37	27	46	11	19	10	cell = 72 to 79
46	-39	63	25	-4	5	35	0	cell = 80 to 87
35	28	40	-14	-6	-19	31	-54	cell = 88 to 95
49	-13	35	-1	46	1	35	-7	cell = 96 to 103
11	-13	91	5	38	-33	70	8	cell = 104 to 111
90	-22	4	10	23	-5	65	8	cell = 112 to 119
23	15	52	-33	8	11	38	-49	cell = 120 to 127
55	-14	45	-40	20	11	68	-17	cell = 128 to 135
61	-5	40	1	51	5	39	-23	cell = 136 to 143
75	7	44	13	15	19	34	-34	cell = 144 to 151
11	13	44	39	59	-11	34	-21	cell = 152 to 159
22	-9	21	1	36	2	3	20	cell = 160 to 167
18	-23	74	-22	50	-12	85	-20	cell = 168 to 175
26	19	52	-14	27	-3	79	-5	cell = 176 to 183
45	11	43	0	79	12	-13	-21	cell = 184 to 191
88	-65	22	5	61	-18	51	0	cell = 192 to 199
49	-32	67	-78	41	5	45	0	cell = 200 to 207
30	3	1	-27	32	51	40	19	cell = 208 to 215
53	9	44	28	65	2	28	0	cell = 216 to 223
30	18	12	-31	34	3	52	-39	cell = 224 to 231
39	7	32	-23	47	-19	2	14	cell = 232 to 239
71	5	4	32	61	14	15	-16	cell = 240 to 247
83	-23	62	-33	26	16	39	-6	cell = 248 to 255
37	12	28	-16	61	9	61	-30	cell = 256 to 263
82	-6	80	-19	51	-23	58	-33	cell = 264 to 271
33	-27	2	0	31	-27	26	6	cell = 272 to 279
16	19	18	-48	56	3	43	11	cell = 280 to 287
30	-13	57	-21	76	0	18	30	cell = 288 to 295
73	-9	40	31	59	11	22	26	cell = 296 to 303
36	40	45	15	42	1	36	-19	cell = 304 to 311
23	0	49	24	40	-37	55	5	cell = 312 to 319
58	-17	43	37	34	-12	60	-1	cell = 320 to 327
67	-18	42	-20	50	24	78	-28	cell = 328 to 335
29	0	31	-17	18	-21	61	1	cell = 336 to 343
-1	-44	55	-3	46	8	18	-21	cell = 344 to 351
59	42	14	-2	33	5	87	23	cell = 352 to 359
48	-9	90	-3	26	-47	42	-38	cell = 360 to 367
63	22	33	-21	22	0	27	-8	cell = 368 to 375
17	6	56	-3	53	-10	71	-21	cell = 376 to 383
44	-12	17	-10	22	-22	21	-25	cell = 384 to 391
18	-15	47	-4	57	9	71	-6	cell = 392 to 399
5	21	51	-18	54	2	68	-28	cell = 400 to 407
51	9	40	12	39	0	10	-26	cell = 408 to 415
53	18	62	17	112	7	41	-13	cell = 416 to 423
50	8	35	10	20	-28	45	-3	cell = 424 to 431
27	9	53	19	75	6	59	-21	cell = 432 to 439
16	-29	43	12	76	22	42	-17	cell = 440 to 447
-6	8	51	-16	31	-4	8	-17	cell = 448 to 455
70	12	44	-50	86	-6	22	-12	cell = 456 to 463
28	6	63	-24	51	22	60	-45	cell = 464 to 471
23	2	62	-43	4	10	61	-27	cell = 472 to 479
68	3	58	7	49	-26	56	-38	cell = 480 to 487
29	7	45	-13	36	-2	43	-13	cell = 488 to 495
52	-8	-31	-107	-36	-68	-33	-64	cell = 496 to 503
62	4	88	-35	20	-13	43	-2	cell = 504 to 511
-21	-13	-9	-6	-5	18	-8	-9	cell = 512 to 519
-38	11	-37	-38	8	-37	-58	-4	cell = 520 to 527
-24	-13	-41	14	-16	22	-25	-5	cell = 528 to 535
0	-52	-42	-37	13	-16	-46	-56	cell = 536 to 543
-31	-22	-68	15	38	-6	-37	-13	cell = 544 to 551
-12	32	-12	-36	3	-11	-44	30	cell = 552 to 559
-20	-38	1	-4	-3	27	-28	3	cell = 560 to 567
-34	-17	-48	-12	-46	-15	-43	-8	cell = 568 to 575
-37	-29	-34	-33	-33	-42	-38	-25	cell = 576 to 583
-24	7	-15	-14	9	-58	-11	-16	cell = 584 to 591
23	-8	-15	-9	-49	-56	8	-22	cell = 592 to 599
-38	-11	-58	-2	-5	-39	-7	-12	cell = 600 to 607
6	-10	-17	13	-8	-28	6	20	cell = 608 to 615
-24	-72	-40	-19	18	-22	-5	-19	cell = 616 to 623
-1	-23	-20	-34	14	27	-6	-7	cell = 624 to 631
1	3	-24	-49	-15	-10	-24	-28	cell = 632 to 639
-15	-13	-3	-15	-9	-18	-40	0	cell = 640 to 647
3	21	22	-3	17	-53	-15	0	cell = 648 to 655
-3	0	-45	16	-5	-27	-34	20	cell = 656 to 663
-29	5	-12	-34	-11	-4	-7	10	cell = 664 to 671
-14	-23	-12	-63	19	1	-54	-12	cell = 672 to 679
-8	13	-2	-49	-15	23	-34	-1	cell = 680 to 687
-12	16	-10	33	23	-19	0	-23	cell = 688 to 695
12	-6	-55	5	-52	-21	-6	-19	cell = 696 to 703
-35	-24	-4	6	-46	11	-24	-25	cell = 704 to 711
-24	-15	-7	-31	-13	25	25	-44	cell = 712 to 719
-3	-20	-34	-65	-12	15	-22	-14	cell = 720 to 727
16	-11	-40	-10	-16	-5	-39	-18	cell = 728 to 735
-36	-10	-62	-25	-15	-16	-20	-33	cell = 736 to 743
30	-18	22	12	-6	0	-41	8	cell = 744 to 751
-44	26	-30	-11	-29	-31	-45	0	cell = 752 to 759
-1	-2	-18	-51	-38	-8	-11	4	cell = 760 to 767
-26	1	-44	-74	-20	19	-8	-19	cell = 768 to 775
-21	-8	7	14	0	-2	10	-14	cell = 776 to 783
-85	-37	0	-2	-41	8	-38	-16	cell = 784 to 791
-25	0	-33	-39	-21	5	-22	-38	cell = 792 to 799
-28	14	-48	-48	-31	-15	20	0	cell = 800 to 807
-47	-23	-2	-1	14	-26	-23	14	cell = 808 to 815
-12	-5	-20	-6	-32	-17	-18	-40	cell = 816 to 823
-21	-29	-21	-39	-36	-31	-27	-50	cell = 824 to 831
-30	-20	-18	-61	-12	30	3	-26	cell = 832 to 839
25	9	-39	-62	-19	-26	-16	20	cell = 840 to 847
-45	-12	-11	-21	-69	11	-24	-15	cell = 848 to 855
-29	-36	-53	-26	-28	-4	-41	8	cell = 856 to 863
-13	-17	-28	37	0	-10	6	-7	cell = 864 to 871
-25	-35	-36	20	-28	1	-26	-26	cell = 872 to 879
4	-74	28	-23	-31	-36	-8	-18	cell = 880 to 887
-34	-27	-35	-14	-27	1	-62	-57	cell = 888 to 895
-46	-40	13	-22	-21	4	10	-14	cell = 896 to 903
-23	-2	-25	-29	-31	-6	2	-11	cell = 904 to 911
-46	18	-48	-28	-26	3	-49	5	cell = 912 to 919
-7	9	-3	14	-16	-59	-15	-18	cell = 920 to 927
-49	-33	-34	-18	-49	-6	-5	-14	cell = 928 to 935
20	-15	-11	-20	-37	-2	-29	-24	cell = 936 to 943
14	2	-43	12	-39	-18	-20	-20	cell = 944 to 951
-81	-9	-23	-23	-39	7	3	-50	cell = 952 to 959
-22	-45	-3	3	8	-30	-26	0	cell = 960 to 967
-8	-17	7	-26	3	-36	-13	-22	cell = 968 to 975
-5	19	-22	-39	8	-25	-37	0	cell = 976 to 983
-43	-55	1	5	-24	-28	-50	-27	cell = 984 to 991
-10	-9	-21	-17	-15	14	-16	11	cell = 992 to 999
-43	42	-96	-40	-45	-17	-44	-28	cell = 1000 to 1007
-59	-24	-9	-47	-47	-48	-39	-1	cell = 1008 to 1015
23	-14	-25	-40	-44	24	-44	-31	cell = 1016 to 1023
Calibration values from cell 0 to 1024 for channel 1:

63	27	21	19	23	-38	56	-26	cell = 0 to 7
40	43	53	9	58	-16	69	26	cell = 8 to 15
16	7	31	3	13	-2	63	-42	cell = 16 to 23
21	33	62	-13	3	-2	30	27	cell = 24 to 31
32	3	68	15	21	-17	44	-19	cell = 32 to 39
37	-14	64	-42	23	23	17	-13	cell = 40 to 47
66	6	52	-29	25	23	22	-19	cell = 48 to 55
53	-20	32	20	11	17	83	1	cell = 56 to 63
25	12	16	26	84	-3	3	-9	cell = 64 to 71
47	-11	72	16	58	0	75	0	cell = 72 to 79
58	-33	29	-11	68	6	56	-41	cell = 80 to 87
29	15	24	-7	40	-5	38	-9	cell = 88 to 95
75	-7	50	-18	42	54	69	3	cell = 96 to 103
37	-1	12	14	64	10	24	-5	cell = 104 to 111
72	-13	61	-41	44	-4	56	34	cell = 112 to 119
15	16	14	-40	37	-35	42	9	cell = 120 to 127
23	-13	52	-33	32	-8	41	17	cell = 128 to 135
16	-36	31	-9	1	21	70	1	cell = 136 to 143
29	24	25	19	25	-7	39	-13	cell = 144 to 151
34	-28	59	19	34	15	76	69	cell = 152 to 159
82	0	37	-10	37	-15	67	-25	cell = 160 to 167
10	27	41	-18	76	-13	32	19	cell = 168 to 175
65	-8	61	-47	0	-17	57	19	cell = 176 to 183
58	13	47	-38	21	-28	50	7	cell = 184 to 191
68	2	39	-37	60	17	33	-30	cell = 192 to 199
48	26	82	-6	23	2	44	-37	cell = 200 to 207
19	11	39	-30	26	-2	12	-18	cell = 208 to 215
40	-23	76	-19	20	14	37	-15	cell = 216 to 223
25	37	29	-4	1	-30	58	31	cell = 224 to 231
81	-30	44	-11	26	0	46	-24	cell = 232 to 239
89	9	49	-17	28	8	61	32	cell = 240 to 247
51	-2	3	-37	67	-17	53	15	cell = 248 to 255
17	-16	70	-11	13	47	-5	-20	cell = 256 to 263
29	17	80	33	62	-28	41	6	cell = 264 to 271
52	-33	86	14	42	-12	35	0	cell = 272 to 279
43	-22	71	-4	32	-20	31	-34	cell = 280 to 287
88	40	4	-10	67	-8	77	26	cell = 288 to 295
37	-13	64	-66	27	-22	59	-56	cell = 296 to 303
69	-6	74	-5	19	12	34	-25	cell = 304 to 311
75	-7	79	15	-13	-10	84	-2	cell = 312 to 319
22	-21	55	6	16	29	22	4	cell = 320 to 327
49	20	33	-12	33	15	47	-5	cell = 328 to 335
32	-1	75	-21	67	12	39	-18	cell = 336 to 343
40	-9	55	7	9	-65	46	9	cell = 344 to 351
61	-24	73	38	65	1	68	-14	cell = 352 to 359
23	-26	43	0	48	-14	9	-12	cell = 360 to 367
63	-18	67	-20	51	-33	35	8	cell = 368 to 375
38	-20	78	-2	17	6	14	-19	cell = 376 to 383
16	2	48	-4	42	-14	27	4	cell = 384 to 391
88	-7	70	-24	53	-4	62	-12	cell = 392 to 399
22	-3	37	-36	43	31	57	0	cell = 400 to 407
61	-36	45	19	42	18	46	11	cell = 408 to 415
61	25	72	-12	55	-2	49	5	cell = 416 to 423
88	22	0	-10	62	14	47	35	cell = 424 to 431
43	-49	38	1	45	-33	62	-12	cell = 432 to 439
29	19	76	-40	5	-25	49	-6	cell = 440 to 447
5	-10	38	3	32	5	50	2	cell = 448 to 455
25	-64	23	19	54	39	48	-16	cell = 456 to 463
56	-43	36	2	31	-5	54	30	cell = 464 to 471
29	-3	85	24	37	-4	49	-41	cell = 472 to 479
66	22	2	1	16	-32	60	3	cell = 480 to 487
46	-21	60	-32	15	36	45	17	cell = 488 to 495
40	-12	-78	-60	-40	-64	-73	-56	cell = 496 to 503
47	-28	43	-3	15	-37	-7	-17	cell = 504 to 511
-53	-5	-11	-46	-35	-8	-6	-49	cell = 512 to 519
-44	-32	6	12	-42	13	-34	-16	cell = 520 to 527
-22	-23	-15	-7	-35	-25	-12	10	cell = 528 to 535
5	25	-12	-43	-21	-29	34	-26	cell = 536 to 543
-53	0	-15	15	-3	-29	-35	-18	cell = 544 to 551
-26	-11	-12	-5	5	-35	22	-32	cell = 552 to 559
-21	-45	-6	-19	-4	38	-26	-21	cell = 560 to 567
-27	-49	0	-15	-7	-12	-34	-45	cell = 568 to 575
-15	-21	-39	17	-17	-39	-27	-12	cell = 576 to 583
14	-13	10	20	-30	16	-32	25	cell = 584 to 591
37	-2	-35	-29	-1	9	-18	-25	cell = 592 to 599
-7	7	-13	-6	-23	-48	5	-40	cell = 600 to 607
-17	-43	-28	-12	-34	12	-21	25	cell = 608 to 615
-34	-41	17	-42	-24	-20	-40	-43	cell = 616 to 623
-28	-21	-3	-17	-11	-45	-39	17	cell = 624 to 631
-9	-29	-13	-15	-56	5	-61	-2	cell = 632 to 639
9	-11	7	-49	-13	-34	-27	35	cell = 640 to 647
-43	-2	-31	7	-43	-28	-12	12	cell = 648 to 655
-16	-9	-51	2	-11	-6	29	-20	cell = 656 to 663
-52	6	-35	-26	-20	-22	22	-32	cell = 664 to 671
-24	-48	22	13	-28	9	-9	-41	cell = 672 to 679
-6	-27	21	11	-27	-18	-28	-16	cell = 680 to 687
-21	-25	-10	-32	-41	0	-17	20	cell = 688 to 695
-15	-13	-57	-25	-21	4	-19	-11	cell = 696 to 703
-48	25	-22	-12	9	-37	-12	-13	cell = 704 to 711
-6	18	-31	5	-3	-50	-20	-8	cell = 712 to 719
-36	-25	5	32	11	-26	-27	-2	cell = 720 to 727
-5	-19	-29	-18	-65	-14	-18	-19	cell = 728 to 735
-7	10	-4	-26	14	-24	-51	0	cell = 736 to 743
-42	-5	-8	30	-17	11	-32	-22	cell = 744 to 751
-41	-15	-26	-46	-45	20	-30	-36	cell = 752 to 759
-35	0	-52	-2	-50	-9	9	-21	cell = 760 to 767
-46	-32	-17	-32	-37	-29	-74	-11	cell = 768 to 775
-51	-7	-13	15	-24	28	-29	-2	cell = 776 to 783
7	-52	-19	-24	-39	37	38	26	cell = 784 to 791
4	-31	-12	-16	-31	-45	-25	-40	cell = 792 to 799
-21	17	-11	-10	-54	-20	14	6	cell = 800 to 807
-26	20	-31	-36	-33	-1	-25	-9	cell = 808 to 815
-44	-33	-38	-33	-45	0	-46	-30	cell = 816 to 823
0	-17	-33	-24	-40	-21	-16	4	cell = 824 to 831
-40	-54	-12	-11	-40	-3	-35	-11	cell = 832 to 839
-19	19	-30	-18	-38	11	9	-15	cell = 840 to 847
-58	-18	-52	-38	-21	-12	29	-15	cell = 848 to 855
13	3	-18	-51	-16	-16	-21	-18	cell = 856 to 863
-43	-32	-19	-42	-30	-16	-10	-23	cell = 864 to 871
-22	-3	13	-3	-14	-30	-18	-9	cell = 872 to 879
42	-39	38	-38	-67	19	6	-18	cell = 880 to 887
-71	-35	-39	-18	-39	-16	-22	3	cell = 888 to 895
-45	-11	-10	-3	-57	-15	-18	-20	cell = 896 to 903
-13	-55	-38	-7	-5	-50	-17	-18	cell = 904 to 911
-8	-13	-36	-12	-17	-31	10	-15	cell = 912 to 919
-11	-17	-36	9	5	-44	-53	4	cell = 920 to 927
-49	-39	-60	-30	-1	-19	2	-52	cell = 928 to 935
-28	-19	-1	-18	-18	5	-16	-41	cell = 936 to 943
-15	-40	-36	-55	-26	-17	-45	-21	cell = 944 to 951
28	-21	-22	-29	-36	-44	-11	-24	cell = 952 to 959
-15	-14	-1	-32	-31	-9	-17	-5	cell = 960 to 967
-43	-23	-7	-34	-45	-48	-52	-30	cell = 968 to 975
-28	-3	-5	4	34	-23	2	-37	cell = 976 to 983
1	-31	-66	-35	-49	-1	-20	-2	cell = 984 to 991
-31	-12	-51	-16	-5	-25	-25	-52	cell = 992 to 999
-9	1	-41	-49	-50	-8	-13	-16	cell = 1000 to 1007
-24	-10	-36	-35	-19	-18	-41	-52	cell = 1008 to 1015
-20	-36	-43	-56	-18	-49	-15	21	cell = 1016 to 1023
Calibration values from cell 0 to 1024 for channel 2:

27	1	59	-22	35	-5	53	-19	cell = 0 to 7
87	-35	66	-22	32	18	56	-31	cell = 8 to 15
30	-42	32	-20	34	-40	52	-16	cell = 16 to 23
52	-26	32	-23	7	-26	42	-34	cell = 24 to 31
26	20	46	-6	70	15	72	-27	cell = 32 to 39
31	-76	57	-9	52	7	56	-37	cell = 40 to 47
22	12	41	-79	29	29	39	27	cell = 48 to 55
23	8	39	-9	12	13	9	10	cell = 56 to 63
17	1	50	-30	32	-43	73	-6	cell = 64 to 71
2	14	49	-5	43	-3	7	-13	cell = 72 to 79
30	3	18	-6	58	0	36	-7	cell = 80 to 87
7	9	47	1	62	-50	39	2	cell = 88 to 95
48	19	47	-20	37	25	47	-54	cell = 96 to 103
35	-33	10	-3	51	-14	31	-6	cell = 104 to 111
30	-15	36	2	54	10	69	-3	cell = 112 to 119
36	0	39	-54	37	-5	45	-27	cell = 120 to 127
34	-8	49	-35	35	11	33	-17	cell = 128 to 135
29	9	42	-33	71	13	44	7	cell = 136 to 143
18	-12	49	-3	40	-34	63	-16	cell = 144 to 151
18	-19	52	26	23	3	95	-1	cell = 152 to 159
32	1	44	27	-6	-60	85	-21	cell = 160 to 167
53	-49	37	27	9	-13	45	-43	cell = 168 to 175
55	7	25	12	66	-22	24	-29	cell = 176 to 183
62	10	13	31	40	10	57	-44	cell = 184 to 191
38	-4	41	-22	49	19	48	36	cell = 192 to 199
44	-17	35	-16	43	12	18	-39	cell = 200 to 207
32	0	67	2	45	-44	62	6	cell = 208 to 215
42	0	51	8	90	-12	13	-27	cell = 216 to 223
42	-26	0	-22	35	8	37	-3	cell = 224 to 231
22	-22	49	10	28	-13	76	15	cell = 232 to 239
-22	29	82	12	61	-4	70	3	cell = 240 to 247
41	0	45	9	15	-20	30	-13	cell = 248 to 255
9	14	42	8	28	9	62	-11	cell = 256 to 263
15	21	30	-1	16	-25	27	14	cell = 264 to 271
51	-18	30	-18	39	-12	48	27	cell = 272 to 279
17	13	76	-7	28	-1	49	-56	cell = 280 to 287
19	-12	68	5	32	10	54	-15	cell = 288 to 295
47	-9	74	16	41	14	38	25	cell = 296 to 303
48	-8	77	-17	69	-6	55	-4	cell = 304 to 311
29	4	34	-3	32	-7	20	-6	cell = 312 to 319
50	6	12	-17	29	5	-1	-1	cell = 320 to 327
30	24	41	8	88	-8	56	-5	cell = 328 to 335
66	-23	22	-25	80	-26	33	7	cell = 336 to 343
83	0	42	-8	55	-53	49	17	cell = 344 to 351
58	-37	47	-19	28	3	34	-12	cell = 352 to 359
75	-8	33	-13	9	23	19	-44	cell = 360 to 367
47	-38	68	-24	18	0	37	1	cell = 368 to 375
73	-7	33	10	51	9	6	-53	cell = 376 to 383
21	-28	94	8	49	-6	58	10	cell = 384 to 391
37	-32	42	0	47	25	45	5	cell = 392 to 399
52	11	66	9	54	-39	60	14	cell = 400 to 407
28	-41	48	-42	27	-11	36	-9	cell = 408 to 415
60	18	72	-21	49	-50	56	10	cell = 416 to 423
77	-6	52	15	51	21	50	-7	cell = 424 to 431
37	4	-3	-27	29	18	22	4	cell = 432 to 439
27	16	75	-11	53	8	35	7	cell = 440 to 447
25	4	36	-12	44	5	29	14	cell = 448 to 455
69	-3	53	-29	50	-5	17	0	cell = 456 to 463
52	-6	50	15	61	12	49	-26	cell = 464 to 471
39	-8	53	5	18	-30	21	22	cell = 472 to 479
28	-24	39	6	57	5	80	-20	cell = 480 to 487
57	18	48	1	46	-29	45	27	cell = 488 to 495
58	-29	16	-94	-25	-47	-26	-65	cell = 496 to 503
37	-34	48	-42	14	-33	75	-34	cell = 504 to 511
-18	-15	-28	-20	-18	23	-25	0	cell = 512 to 519
40	7	-18	3	-41	-9	-8	27	cell = 520 to 527
-39	11	-30	11	-28	-22	-25	-26	cell = 528 to 535
4	-12	-37	-59	0	-10	-7	10	cell = 536 to 543
-4	-50	9	-26	10	-36	4	17	cell = 544 to 551
-56	9	-16	-21	12	15	5	-28	cell = 552 to 559
-30	-4	-25	-19	-26	-44	-15	-12	cell = 560 to 567
-63	-3	-70	-14	-10	-1	-14	7	cell = 568 to 575
-17	-36	-57	-2	-22	-14	21	44	cell = 576 to 583
8	5	-8	-18	-56	-29	-4	11	cell = 584 to 591
-39	5	-40	-28	-47	-51	-5	-21	cell = 592 to 599
-31	-4	-41	-1	3	-18	-28	-13	cell = 600 to 607
-14	-25	-8	-37	-37	26	2	-31	cell = 608 to 615
14	-23	-20	34	-29	-21	-31	10	cell = 616 to 623
-76	-8	-33	-3	-28	15	-49	-14	cell = 624 to 631
-35	-43	-4	7	-7	-27	-30	-18	cell = 632 to 639
15	-40	-16	-25	-38	-18	-14	-2	cell = 640 to 647
-9	-24	-1	18	61	31	-32	31	cell = 648 to 655
-22	-10	-36	9	-20	26	2	-36	cell = 656 to 663
-15	3	-32	23	-16	-14	-30	-1	cell = 664 to 671
-24	12	39	-25	-26	-36	-13	0	cell = 672 to 679
-50	23	12	1	-15	6	-20	-4	cell = 680 to 687
-55	-55	0	-3	-28	-6	2	-36	cell = 688 to 695
-34	-26	-7	-2	21	-56	12	-25	cell = 696 to 703
-51	1	-34	-52	-10	-31	7	-12	cell = 704 to 711
-40	-13	-10	-40	6	-44	-30	-32	cell = 712 to 719
-44	-32	-2	-8	-26	1	-40	-14	cell = 720 to 727
-15	-20	44	-29	-26	7	12	-7	cell = 728 to 735
-45	-14	-13	17	16	-20	6	-6	cell = 736 to 743
-44	-5	3	-20	-28	-16	-39	-10	cell = 744 to 751
-24	-50	-6	30	-23	-26	5	-28	cell = 752 to 759
-38	-33	-33	1	-40	-9	-50	7	cell = 760 to 767
-28	0	-15	-29	7	-6	-1	1	cell = 768 to 775
-5	-11	-54	-27	-29	-46	-25	18	cell = 776 to 783
-10	-28	-2	24	-34	-17	11	-43	cell = 784 to 791
4	-20	4	12	-14	1	-9	-23	cell = 792 to 799
-45	-30	-60	-18	8	-10	-21	21	cell = 800 to 807
-39	-18	-22	2	11	-48	-52	-15	cell = 808 to 815
-17	-12	-46	-15	-21	-22	-15	16	cell = 816 to 823
-62	11	-54	-45	-27	-33	-27	-44	cell = 824 to 831
-57	-7	-9	-10	-27	-15	0	-13	cell = 832 to 839
-19	-29	9	-15	-31	3	-30	6	cell = 840 to 847
-31	-13	-40	-32	2	-6	-16	-48	cell = 848 to 855
-44	-42	-43	1	-47	-40	-4	-27	cell = 856 to 863
-3	-13	-17	2	-8	13	18	-23	cell = 864 to 871
20	-31	-19	17	3	-28	-42	28	cell = 872 to 879
-8	-8	-11	2	1	-15	-37	11	cell = 880 to 887
-43	-9	-33	23	-70	-40	-39	-24	cell = 888 to 895
10	-35	-30	-10	-16	-15	15	-21	cell = 896 to 903
-33	-17	-53	-37	0	-45	18	-4	cell = 904 to 911
-21	-28	-39	-11	-39	-51	-8	-43	cell = 912 to 919
-3	-45	0	-2	14	-5	-55	-32	cell = 920 to 927
-28	-22	-7	-13	-22	-37	31	14	cell = 928 to 935
3	-34	10	-14	-21	-25	-37	-19	cell = 936 to 943
-2	-15	3	-26	4	-46	-52	-10	cell = 944 to 951
-37	-34	-5	12	-28	-10	-67	-26	cell = 952 to 959
21	-18	1	-21	-52	-59	-49	-30	cell = 960 to 967
-17	-39	-24	54	-26	-2	-3	-19	cell = 968 to 975
-5	0	-9	-25	-79	-33	-26	0	cell = 976 to 983
-27	-24	-19	-22	-32	-17	21	24	cell = 984 to 991
-13	-33	-60	-21	-73	0	-35	-8	cell = 992 to 999
-17	-11	-39	-30	-42	-56	-2	-20	cell = 1000 to 1007
-22	-2	-37	3	5	-13	-40	-25	cell = 1008 to 1015
3	-7	-63	-18	-29	-23	-25	-39	cell = 1016 to 1023
Calibration values from cell 0 to 1024 for channel 3:

54	16	18	2	14	-12	36	-18	cell = 0 to 7
26	6	72	-16	51	-14	56	-2	cell = 8 to 15
44	-29	14	0	30	9	89	31	cell = 16 to 23
39	-20	58	-2	42	-41	42	-67	cell = 24 to 31
57	13	60	-41	16	-3	72	-9	cell = 32 to 39
60	-13	20	-36	24	22	7	-11	cell = 40 to 47
29	-11	66	-17	51	-3	3	13	cell = 48 to 55
44	16	45	-52	34	19	1	-50	cell = 56 to 63
39	-17	58	-24	61	14	46	-61	cell = 64 to 71
21	-9	44	-2	43	-43	63	13	cell = 72 to 79
21	13	34	17	41	-11	35	-2	cell = 80 to 87
60	-27	11	2	38	-21	33	-20	cell = 88 to 95
54	-9	59	11	65	-10	33	-30	cell = 96 to 103
27	-35	4	1	18	35	29	25	cell = 104 to 111
61	-40	12	38	28	-9	25	-6	cell = 112 to 119
69	-14	29	18	52	-4	18	-17	cell = 120 to 127
24	17	56	14	40	-7	76	-18	cell = 128 to 135
84	11	67	-34	2	2	48	-18	cell = 136 to 143
58	0	56	9	49	-2	27	-11	cell = 144 to 151
49	22	31	0	-8	-18	37	-14	cell = 152 to 159
37	-24	21	12	63	-1	20	6	cell = 160 to 167
65	4	54	-6	55	-8	80	-56	cell = 168 to 175
8	-18	34	-9	-7	-15	69	-7	cell = 176 to 183
49	-27	46	-19	25	-13	56	6	cell = 184 to 191
-7	-12	52	-50	6	3	43	-31	cell = 192 to 199
22	-10	37	-41	51	28	59	-9	cell = 200 to 207
53	-35	7	-33	54	1	63	8	cell = 208 to 215
24	2	40	-4	72	13	16	2	cell = 216 to 223
65	-21	23	-18	22	-10	97	16	cell = 224 to 231
86	-11	39	26	74	-32	32	-48	cell = 232 to 239
41	-15	32	11	40	15	69	-14	cell = 240 to 247
46	-28	29	5	37	-19	20	-41	cell = 248 to 255
-10	0	25	32	43	29	25	-19	cell = 256 to 263
66	-7	15	-13	20	-7	8	18	cell = 264 to 271
17	29	45	-12	23	-26	87	2	cell = 272 to 279
-3	-31	50	2	22	-2	57	-8	cell = 280 to 287
27	-26	44	-32	29	-28	14	-19	cell = 288 to 295
12	-19	37	-26	35	-30	37	-7	cell = 296 to 303
22	19	50	-38	27	-23	46	13	cell = 304 to 311
52	3	62	21	48	21	26	-26	cell = 312 to 319
51	-30	75	-19	-8	33	38	-5	cell = 320 to 327
34	-43	48	-42	29	2	9	6	cell = 328 to 335
68	50	29	-16	61	7	65	-3	cell = 336 to 343
62	36	88	-6	26	-38	46	-36	cell = 344 to 351
65	-18	21	7	25	19	62	5	cell = 352 to 359
43	1	46	-13	31	-9	24	-41	cell = 360 to 367
33	19	16	18	46	-5	72	18	cell = 368 to 375
50	-46	71	-10	34	25	56	-26	cell = 376 to 383
19	2	27	-28	36	42	51	17	cell = 384 to 391
39	-40	74	-12	18	-33	88	8	cell = 392 to 399
43	7	47	-15	32	-3	52	15	cell = 400 to 407
50	12	27	1	52	-10	68	-30	cell = 408 to 415
27	9	32	-24	83	-36	48	15	cell = 416 to 423
26	-6	40	16	58	12	58	-1	cell = 424 to 431
65	-8	22	-25	37	-11	26	-22	cell = 432 to 439
59	-1	42	-11	66	-42	31	-14	cell = 440 to 447
-1	4	49	7	-3	20	0	-1	cell = 448 to 455
22	-30	43	-32	60	4	58	-68	cell = 456 to 463
52	5	84	26	35	-14	68	-3	cell = 464 to 471
22	-39	24	18	46	27	69	8	cell = 472 to 479
51	-20	18	-2	41	-23	49	-1	cell = 480 to 487
25	22	4	0	-4	-25	33	-36	cell = 488 to 495
46	5	-41	-85	-38	-53	10	-70	cell = 496 to 503
98	6	31	6	33	20	51	6	cell = 504 to 511
-66	8	-56	-2	-32	-34	-52	-12	cell = 512 to 519
13	15	-30	23	-16	8	23	-2	cell = 520 to 527
18	3	-15	-2	-12	-9	2	-12	cell = 528 to 535
-17	-51	-31	-39	-33	23	6	3	cell = 536 to 543
18	-5	-28	32	23	-25	27	26	cell = 544 to 551
-52	-11	2	23	-19	21	-48	38	cell = 552 to 559
-8	-23	-21	-27	-26	-11	4	-20	cell = 560 to 567
-28	-27	14	23	-10	18	-41	-28	cell = 568 to 575
-41	-34	3	-11	-45	15	-27	-78	cell = 576 to 583
24	-8	-28	-23	-29	-18	-38	7	cell = 584 to 591
8	-9	11	-8	-46	-17	-18	-7	cell = 592 to 599
-15	-28	-27	-10	-21	-17	-39	27	cell = 600 to 607
6	-7	-42	-12	-7	-16	6	-13	cell = 608 to 615
19	-46	-39	-1	-28	-36	-4	-48	cell = 616 to 623
-57	-27	-27	-26	-42	-6	-7	-14	cell = 624 to 631
0	-33	-35	2	-18	5	-2	6	cell = 632 to 639
9	-25	11	-19	-43	-39	-8	9	cell = 640 to 647
-35	14	-48	-6	2	-16	-35	-21	cell = 648 to 655
-2	10	-57	1	-14	-32	-6	9	cell = 656 to 663
-27	-22	-31	-33	-27	-25	-55	5	cell = 664 to 671
-27	-2	-38	-39	-11	0	-13	-17	cell = 672 to 679
-43	16	-32	9	-6	-21	-16	-39	cell = 680 to 687
1	0	2	8	-3	-22	12	-10	cell = 688 to 695
-60	-7	-11	-8	24	-29	-30	-36	cell = 696 to 703
13	-37	-6	-28	-31	-22	-42	-20	cell = 704 to 711
-27	8	-19	-25	3	0	-25	-46	cell = 712 to 719
33	-38	-31	-10	-28	-4	-55	-6	cell = 720 to 727
-20	9	-45	18	-13	-20	-25	-12	cell = 728 to 735
-42	-27	-26	5	-26	4	-60	23	cell = 736 to 743
-12	-39	-15	5	12	-14	-15	-45	cell = 744 to 751
-11	-15	6	-15	-22	-40	-22	16	cell = 752 to 759
-12	15	-32	0	15	-30	-22	-47	cell = 760 to 767
-34	-38	-3	-20	-47	-27	-16	11	cell = 768 to 775
-13	-3	0	16	-20	4	-23	-34	cell = 776 to 783
-2	-29	-38	-20	0	-23	-19	-35	cell = 784 to 791
-27	-26	-26	12	-38	-50	-19	21	cell = 792 to 799
6	-15	19	1	-1	-3	18	-27	cell = 800 to 807
10	1	3	7	-35	-2	-13	2	cell = 808 to 815
-31	-18	-33	11	-56	-12	-17	-27	cell = 816 to 823
-46	-29	-38	-8	-31	-46	-50	21	cell = 824 to 831
-19	-22	-12	-42	7	8	-12	-39	cell = 832 to 839
-37	-69	12	-48	3	-70	-13	-28	cell = 840 to 847
2	-24	21	-7	-26	5	-27	-12	cell = 848 to 855
-13	-28	-26	-23	19	-22	-5	-4	cell = 856 to 863
-52	1	-21	25	-54	-10	-43	-44	cell = 864 to 871
29	-7	42	-23	-16	18	-33	23	cell = 872 to 879
-44	-13	-16	9	-29	4	-38	-13	cell = 880 to 887
14	33	-14	28	15	13	-25	-17	cell = 888 to 895
-31	-46	16	-10	-38	0	-30	18	cell = 896 to 903
-39	-2	-17	1	-12	-51	-43	-42	cell = 904 to 911
-19	25	-38	-29	-21	27	-70	-10	cell = 912 to 919
-20	-26	-17	-16	-12	-19	-55	-16	cell = 920 to 927
26	5	-20	-22	-44	-11	-29	-55	cell = 928 to 935
-4	-29	-27	-20	17	-19	-36	-8	cell = 936 to 943
25	-43	-47	-49	-3	-42	3	-31	cell = 944 to 951
9	18	-7	-48	-43	8	-46	2	cell = 952 to 959
-22	-34	11	-19	-14	-26	-26	-46	cell = 960 to 967
-37	-33	-40	-7	-19	-18	-12	-31	cell = 968 to 975
-41	-11	-23	36	-35	-19	3	11	cell = 976 to 983
-12	26	-87	20	5	-46	-22	-9	cell = 984 to 991
-35	-7	-32	-21	-7	-14	-17	-66	cell = 992 to 999
-28	-9	-36	-29	-21	-9	-21	-34	cell = 1000 to 1007
-52	21	-7	9	-20	2	-51	-29	cell = 1008 to 1015
-14	24	-68	-61	-31	-26	-22	-38	cell = 1016 to 1023
Calibration values from cell 0 to 1024 for channel 4:

21	0	37	-10	-4	-34	37	-16	cell = 0 to 7
59	-4	37	-11	16	-37	49	-3	cell = 8 to 15
58	9	13	-12	72	1	31	-58	cell = 16 to 23
27	-1	32	-28	42	22	15	-13	cell = 24 to 31
32	-33	41	-10	24	15	79	-29	cell = 32 to 39
40	24	57	3	34	13	42	2	cell = 40 to 47
33	-44	8	34	14	-13	63	-3	cell = 48 to 55
3	-10	50	-35	44	-41	5	-11	cell = 56 to 63
55	-19	17	6	4	7	11	-40	cell = 64 to 71
44	-18	56	-7	52	10	39	-7	cell = 72 to 79
22	-14	45	-6	78	20	17	-16	cell = 80 to 87
50	-3	5	4	41	0	15	12	cell = 88 to 95
69	12	36	-10	49	-8	37	26	cell = 96 to 103
53	-35	26	-31	49	27	27	-16	cell = 104 to 111
72	-12	51	11	46	-6	54	-3	cell = 112 to 119
55	-14	52	-13	48	27	42	9	cell = 120 to 127
43	-4	-5	4	2	23	33	27	cell = 128 to 135
8	14	53	52	11	-4	33	25	cell = 136 to 143
8	-43	68	4	48	32	19	21	cell = 144 to 151
59	21	83	3	24	-4	59	34	cell = 152 to 159
22	34	55	10	38	0	36	-33	cell = 160 to 167
53	-16	48	-4	59	-48	71	-8	cell = 168 to 175
16	-2	22	-17	54	-14	46	15	cell = 176 to 183
18	4	38	28	31	16	18	-60	cell = 184 to 191
6	-23	11	-19	30	2	22	3	cell = 192 to 199
83	8	6	19	45	-37	75	-1	cell = 200 to 207
41	-1	75	55	20	-6	43	-15	cell = 208 to 215
60	-32	26	-29	26	-21	54	0	cell = 216 to 223
34	4	48	-36	35	-9	13	-7	cell = 224 to 231
25	26	19	-8	71	-28	62	-15	cell = 232 to 239
56	0	23	5	40	-21	30	-20	cell = 240 to 247
28	-25	40	-7	61	-9	8	-69	cell = 248 to 255
45	-46	23	12	54	8	47	5	cell = 256 to 263
-9	21	72	-19	46	-7	-10	-20	cell = 264 to 271
8	37	57	-36	66	10	7	16	cell = 272 to 279
26	-21	40	-2	37	0	53	9	cell = 280 to 287
64	37	16	12	52	-19	55	43	cell = 288 to 295
24	17	82	-7	57	-31	32	-9	cell = 296 to 303
45	-34	22	-8	23	6	60	-5	cell = 304 to 311
12	-7	72	-30	27	-24	-10	-34	cell = 312 to 319
49	-22	42	-23	58	-15	40	-15	cell = 320 to 327
84	19	80	-21	26	10	31	-8	cell = 328 to 335
4	-26	30	30	35	-30	1	40	cell = 336 to 343
30	-3	36	-13	57	-9	44	-32	cell = 344 to 351
6	50	53	2	40	26	51	12	cell = 352 to 359
57	3	30	-15	72	-33	55	-25	cell = 360 to 367
10	34	29	-36	46	23	43	-24	cell = 368 to 375
25	-21	99	-21	4	13	14	24	cell = 376 to 383
40	-37	15	-23	27	-2	74	4	cell = 384 to 391
75	-6	52	-25	32	-16	58	10	cell = 392 to 399
37	-20	26	14	25	36	0	-15	cell = 400 to 407
51	7	16	15	34	38	56	11	cell = 408 to 415
24	-7	54	37	58	-24	38	-13	cell = 416 to 423
47	-43	31	-23	75	7	62	-38	cell = 424 to 431
57	-44	72	19	37	-20	50	-11	cell = 432 to 439
36	-7	39	18	45	-33	51	19	cell = 440 to 447
53	7	22	-27	47	8	58	-10	cell = 448 to 455
91	-10	49	-11	10	27	45	-27	cell = 456 to 463
20	8	77	-46	37	2	38	-25	cell = 464 to 471
43	-33	-17	11	31	-4	80	-31	cell = 472 to 479
50	-9	42	-30	18	0	50	27	cell = 480 to 487
41	38	26	-17	71	17	39	16	cell = 488 to 495
37	1	-30	-35	26	-40	-78	-76	cell = 496 to 503
79	-5	64	-14	13	17	15	-39	cell = 504 to 511
6	-22	-37	32	0	-14	-32	32	cell = 512 to 519
-18	-24	-10	-7	-4	24	-8	0	cell = 520 to 527
-24	12	-13	13	-5	-8	-38	-14	cell = 528 to 535
-17	-35	-21	-24	-16	19	-12	11	cell = 536 to 543
-5	-60	-23	-40	-1	-14	-36	-29	cell = 544 to 551
-38	-12	-51	-33	-56	12	-18	19	cell = 552 to 559
-34	-22	-16	14	20	-51	-41	18	cell = 560 to 567
-13	-25	-20	-56	-19	-3	-10	-6	cell = 568 to 575
0	-5	-5	-24	3	-64	-49	21	cell = 576 to 583
-55	-31	-33	2	-43	-2	-7	-31	cell = 584 to 591
-40	-7	-4	-42	-28	-10	-39	-20	cell = 592 to 599
-24	-32	-16	22	2	-40	-41	2	cell = 600 to 607
-11	-17	-2	-25	-7	29	-16	-12	cell = 608 to 615
-58	-43	-8	-17	-27	-31	-12	-17	cell = 616 to 623
-15	-6	13	-30	-43	-10	18	-5	cell = 624 to 631
-8	-18	-49	5	-52	-3	-73	-22	cell = 632 to 639
28	-18	-33	-6	1	5	-31	6	cell = 640 to 647
-14	16	-10	-26	-23	-29	20	-24	cell = 648 to 655
-26	8	-11	34	-8	-3	-17	-18	cell = 656 to 663
-54	24	-30	49	0	-19	-24	12	cell = 664 to 671
-5	-18	-9	-32	5	-16	-44	35	cell = 672 to 679
33	-12	-16	-39	-25	-28	-15	-11	cell = 680 to 687
8	-39	-23	22	26	-62	-12	1	cell = 688 to 695
-22	-46	-33	4	-36	-42	-33	-44	cell = 696 to 703
-39	-31	-6	-28	-7	-15	-52	-9	cell = 704 to 711
-18	-24	-44	8	-10	3	5	-8	cell = 712 to 719
-12	-8	-29	-14	-39	1	-16	-6	cell = 720 to 727
7	-41	-14	0	-12	-32	-2	23	cell = 728 to 735
-15	-7	2	-27	9	-45	-37	-31	cell = 736 to 743
-31	-40	-35	-4	-34	-2	16	6	cell = 744 to 751
-29	-14	-24	41	2	-14	-6	16	cell = 752 to 759
-23	-11	-11	4	-23	-33	-40	-38	cell = 760 to 767
-45	-73	8	-16	-20	0	-25	10	cell = 768 to 775
-58	7	7	-29	-3	-40	-19	-26	cell = 776 to 783
-7	39	-40	0	-21	-5	-11	-36	cell = 784 to 791
-15	12	-18	-42	-27	-56	-36	-8	cell = 792 to 799
-26	-79	-39	-18	5	-32	23	-6	cell = 800 to 807
-18	-5	-32	-54	-26	-40	26	-44	cell = 808 to 815
-53	-19	-20	-62	15	-30	7	-34	cell = 816 to 823
-30	-5	-17	-51	-15	-37	-33	14	cell = 824 to 831
17	-43	-46	-11	-51	-50	-44	-18	cell = 832 to 839
-44	0	-30	-12	8	2	-26	11	cell = 840 to 847
17	-19	-4	-6	5	-34	-17	21	cell = 848 to 855
2	20	-37	9	-30	41	-3	-14	cell = 856 to 863
-30	18	-6	-18	-47	-5	-37	35	cell = 864 to 871
-4	-40	-33	10	-27	1	-33	7	cell = 872 to 879
-50	0	0	-5	-32	-7	-12	-8	cell = 880 to 887
-20	-19	2	-17	-39	-35	-14	-53	cell = 888 to 895
-6	1	2	10	-19	-62	12	-14	cell = 896 to 903
-28	-37	-5	-2	-16	-10	14	-23	cell = 904 to 911
-35	-27	-24	-44	-12	-46	-62	6	cell = 912 to 919
-23	1	-52	-45	8	-59	-3	-2	cell = 920 to 927
14	7	-47	7	-22	-14	-18	9	cell = 928 to 935
-30	-25	-16	-49	16	-19	-36	-31	cell = 936 to 943
-26	-25	-32	32	-17	0	-26	34	cell = 944 to 951
-27	9	-5	11	-5	13	-33	-75	cell = 952 to 959
-15	-7	-38	14	4	6	28	-12	cell = 960 to 967
-12	-5	-40	-24	-21	-7	-27	-25	cell = 968 to 975
-9	-19	-20	-53	-45	-43	-6	-7	cell = 976 to 983
5	-34	-34	-18	-28	-29	-65	3	cell = 984 to 991
-25	-52	-30	3	-24	-1	-10	-30	cell = 992 to 999
-27	14	-41	-4	-1	-26	-42	-18	cell = 1000 to 1007
-11	-11	-43	-34	-13	-18	-76	18	cell = 1008 to 1015
-8	6	-55	13	-4	-38	-50	-5	cell = 1016 to 1023
Calibration values from cell 0 to 1024 for channel 5:

29	2	11	-1	36	-1	75	-22	cell = 0 to 7
9	14	60	-10	102	-18	51	-3	cell = 8 to 15
64	-56	45	-35	20	-35	54	-31	cell = 16 to 23
57	-8	60	-31	25	25	9	14	cell = 24 to 31
27	8	24	-73	52	-2	42	-25	cell = 32 to 39
26	2	40	27	112	-3	13	-41	cell = 40 to 47
52	-3	14	12	64	-25	20	-3	cell = 48 to 55
28	-37	19	-49	14	-30	46	6	cell = 56 to 63
37	19	7	11	25	6	46	-4	cell = 64 to 71
31	5	47	-27	20	-21	19	3	cell = 72 to 79
59	19	20	-26	72	13	81	-5	cell = 80 to 87
41	-25	18	-30	38	13	32	-19	cell = 88 to 95
44	23	-15	3	37	26	63	-11	cell = 96 to 103
-8	7	52	10	49	11	40	-3	cell = 104 to 111
29	-9	50	-6	10	-1	81	-4	cell = 112 to 119
-14	2	58	-23	26	-12	76	-23	cell = 120 to 127
33	-9	52	-13	29	-10	52	15	cell = 128 to 135
22	24	55	36	43	-13	50	16	cell = 136 to 143
3	22	36	-21	5	-29	62	-15	cell = 144 to 151
34	27	19	-8	54	-9	-3	22	cell = 152 to 159
10	0	21	41	61	-4	52	-28	cell = 160 to 167
58	37	21	-4	-4	-36	32	-7	cell = 168 to 175
28	-17	28	5	17	-23	28	27	cell = 176 to 183
52	-12	32	7	12	23	33	1	cell = 184 to 191
15	14	48	-7	57	-4	26	-20	cell = 192 to 199
42	-6	21	45	17	10	3	-16	cell = 200 to 207
52	-3	36	-10	30	-2	53	-11	cell = 208 to 215
20	6	41	14	15	-21	20	-3	cell = 216 to 223
34	-22	35	-24	42	-15	88	-9	cell = 224 to 231
42	-33	63	25	30	28	39	-36	cell = 232 to 239
32	30	62	-2	18	9	86	22	cell = 240 to 247
75	31	15	14	27	-1	-7	4	cell = 248 to 255
61	-2	9	0	55	18	73	9	cell = 256 to 263
41	-48	80	-8	51	1	43	-4	cell = 264 to 271
80	-8	45	38	29	-12	29	-14	cell = 272 to 279
48	-18	51	21	58	-10	38	-11	cell = 280 to 287
43	-20	67	-26	48	-21	40	-24	cell = 288 to 295
35	-3	40	-2	22	0	57	-23	cell = 296 to 303
45	12	31	-2	27	-11	53	2	cell = 304 to 311
21	-41	45	-53	32	13	50	-38	cell = 312 to 319
41	-7	48	-2	45	35	39	-10	cell = 320 to 327
44	-5	52	-7	88	19	87	-2	cell = 328 to 335
65	3	40	-26	0	-10	54	10	cell = 336 to 343
25	-5	46	-45	9	18	10	-24	cell = 344 to 351
40	-22	87	3	22	30	38	-25	cell = 352 to 359
52	-17	55	-16	23	-23	80	35	cell = 360 to 367
53	-24	51	37	52	49	20	8	cell = 368 to 375
14	-8	70	-5	35	12	59	-15	cell = 376 to 383
33	-19	47	-4	12	39	26	-2	cell = 384 to 391
53	-15	32	-14	58	21	45	11	cell = 392 to 399
15	4	67	-20	32	-21	24	-26	cell = 400 to 407
67	-17	72	-8	26	14	31	-42	cell = 408 to 415
57	-14	70	27	7	11	37	13	cell = 416 to 423
5	-44	54	6	47	44	58	4	cell = 424 to 431
14	1	78	9	38	17	44	-8	cell = 432 to 439
44	-8	28	7	44	-65	-1	1	cell = 440 to 447
32	-20	65	14	42	-9	61	-34	cell = 448 to 455
25	-32	36	-8	35	-21	7	24	cell = 456 to 463
65	35	49	12	48	15	66	-26	cell = 464 to 471
65	13	3	-8	18	4	51	21	cell = 472 to 479
25	11	37	23	46	-10	51	-13	cell = 480 to 487
46	12	44	-25	47	3	10	-1	cell = 488 to 495
49	10	-31	-50	-33	-34	-33	-52	cell = 496 to 503
57	-41	46	-21	5	-8	-4	-27	cell = 504 to 511
-12	-31	7	0	-21	17	-12	-34	cell = 512 to 519
-34	-26	-42	-33	-3	-20	-12	25	cell = 520 to 527
-49	-5	-45	-53	-11	-6	-12	-11	cell = 528 to 535
-32	13	-50	-48	-28	30	-6	-35	cell = 536 to 543
-26	-39	-17	-25	2	5	-23	-5	cell = 544 to 551
-17	8	12	9	3	4	-31	-16	cell = 552 to 559
-13	-31	-29	19	-7	-6	-28	9	cell = 560 to 567
-8	20	-27	-24	-31	-21	-27	-30	cell = 568 to 575
-2	-18	25	-58	-9	-54	-61	-20	cell = 576 to 583
-2	-5	-24	-40	-8	-10	-35	-2	cell = 584 to 591
-39	19	-48	-8	-41	-39	-27	-9	cell = 592 to 599
-19	-13	-3	-19	-23	-29	-57	0	cell = 600 to 607
-10	-5	-42	-9	2	-15	-11	-31	cell = 608 to 615
-1	-11	9	0	14	-11	-28	17	cell = 616 to 623
-17	-21	-76	-49	-23	-8	17	-12	cell = 624 to 631
9	3	-44	-7	-28	8	-8	-17	cell = 632 to 639
-15	1	-39	8	6	2	-16	-8	cell = 640 to 647
-30	0	-40	7	-7	55	-56	-10	cell = 648 to 655
-46	-33	-30	-5	-31	-7	-7	6	cell = 656 to 663
14	-68	-27	0	4	22	-41	-37	cell = 664 to 671
3	-44	22	-33	10	-12	-45	-6	cell = 672 to 679
-5	-4	-42	3	-26	-38	-34	1	cell = 680 to 687
-42	11	-9	-28	-28	22	-64	-1	cell = 688 to 695
-28	22	-13	-16	-9	-9	15	-22	cell = 696 to 703
-15	-26	36	-28	-63	-43	13	-43	cell = 704 to 711
-15	21	-21	-12	-17	5	-14	-61	cell = 712 to 719
-23	0	-72	-59	-21	-61	-11	-8	cell = 720 to 727
-14	-34	-9	39	-17	12	-10	-31	cell = 728 to 735
-4	-49	-19	28	-8	24	10	-19	cell = 736 to 743
5	-38	-24	-42	-58	-19	2	-10	cell = 744 to 751
-81	18	-41	2	-33	32	-6	-65	cell = 752 to 759
-22	-13	-50	-40	-35	-37	-36	19	cell = 760 to 767
-3	-25	5	-4	-13	16	-2	14	cell = 768 to 775
-60	-18	-28	-10	-16	6	-61	-69	cell = 776 to 783
1	-45	-32	-48	-10	-25	-67	0	cell = 784 to 791
-62	-37	-47	-14	-63	-34	-23	-2	cell = 792 to 799
-21	-13	-6	17	-40	29	-3	-31	cell = 800 to 807
35	-32	-27	-3	-25	-6	-38	-23	cell = 808 to 815
-2	-16	-54	12	24	21	-22	-21	cell = 816 to 823
-6	17	14	-16	5	-24	-29	0	cell = 824 to 831
10	-21	-4	-7	-26	-3	-47	20	cell = 832 to 839
35	-31	19	-24	-18	-12	-35	0	cell = 840 to 847
19	-22	-3	15	-41	-20	-4	-13	cell = 848 to 855
-24	-21	-17	16	-39	-24	10	-3	cell = 856 to 863
3	-44	-16	-39	-32	-39	-27	-26	cell = 864 to 871
5	-15	-68	26	12	1	-14	-10	cell = 872 to 879
-44	0	30	-45	11	-14	-55	-13	cell = 880 to 887
-8	-1	4	-36	-23	-9	-78	-19	cell = 888 to 895
-10	-54	-14	-5	-13	-8	5	25	cell = 896 to 903
-46	-73	-37	17	-5	-21	-42	-3	cell = 904 to 911
-16	-29	-20	-31	3	-30	-38	-3	cell = 912 to 919
-8	-28	-7	22	-67	0	-43	-11	cell = 920 to 927
-28	-12	-25	-10	19	-48	-5	-39	cell = 928 to 935
-12	-37	-20	-18	-32	-35	0	0	cell = 936 to 943
-26	-7	-12	-11	-25	-35	-25	29	cell = 944 to 951
-23	8	-49	12	-4	24	-30	-18	cell = 952 to 959
-14	-18	-21	-46	-48	-59	-34	-12	cell = 960 to 967
-32	-38	6	8	-4	-10	-32	-39	cell = 968 to 975
-38	-32	-2	-19	-30	-12	-46	-21	cell = 976 to 983
-12	-24	-39	-24	-3	-13	-10	-28	cell = 984 to 991
-11	-13	-10	-2	1	-6	-10	-34	cell = 992 to 999
-36	-6	-8	-21	-15	2	-21	19	cell = 1000 to 1007
-18	-69	-15	-52	-68	-35	-34	-9	cell = 1008 to 1015
16	-17	-52	-6	-42	-27	-63	-32	cell = 1016 to 1023
Calibration values from cell 0 to 1024 for channel 6:

43	7	35	-10	-5	-45	30	32	cell = 0 to 7
11	-28	48	20	25	44	50	-16	cell = 8 to 15
62	-36	13	9	48	-2	8	10	cell = 16 to 23
24	-3	74	-5	20	9	49	-37	cell = 24 to 31
-5	-9	38	28	75	-27	28	-11	cell = 32 to 39
4	-10	72	-18	80	50	66	18	cell = 40 to 47
49	-42	44	-47	27	27	28	-19	cell = 48 to 55
13	-27	27	-9	47	-25	40	-28	cell = 56 to 63
54	-3	42	1	-1	-10	32	-5	cell = 64 to 71
61	-12	37	-23	37	11	41	-16	cell = 72 to 79
53	-36	11	-15	88	28	59	-10	cell = 80 to 87
15	-3	29	-17	26	-11	36	21	cell = 88 to 95
26	-27	41	-16	39	0	53	-23	cell = 96 to 103
27	0	59	-21	48	-26	55	-27	cell = 104 to 111
43	27	40	-33	45	-7	36	-11	cell = 112 to 119
35	31	7	-37	-8	-21	55	11	cell = 120 to 127
28	-9	67	-17	60	-21	73	-3	cell = 128 to 135
39	1	64	11	26	23	62	-3	cell = 136 to 143
32	0	46	41	25	-12	41	-40	cell = 144 to 151
73	-32	28	19	43	-16	59	-37	cell = 152 to 159
61	-33	34	3	20	-4	51	-37	cell = 160 to 167
54	30	27	0	52	24	47	-14	cell = 168 to 175
0	24	66	0	28	17	46	-60	cell = 176 to 183
17	25	26	-2	9	19	41	-24	cell = 184 to 191
62	-26	82	-39	29	33	32	1	cell = 192 to 199
35	-6	63	-16	36	-10	17	-2	cell = 200 to 207
47	-36	44	-54	32	-35	14	3	cell = 208 to 215
45	12	101	14	52	16	80	-8	cell = 216 to 223
1	26	20	9	56	-50	29	-8	cell = 224 to 231
46	-7	7	30	70	-28	33	12	cell = 232 to 239
49	11	26	-22	26	19	43	20	cell = 240 to 247
48	6	35	-9	12	1	48	14	cell = 248 to 255
-3	-13	23	-42	28	10	39	-24	cell = 256 to 263
60	-1	67	-1	50	-5	26	-42	cell = 264 to 271
73	33	69	22	25	-9	17	5	cell = 272 to 279
28	1	1	13	38	0	47	-17	cell = 280 to 287
61	-3	47	-34	8	-64	30	-18	cell = 288 to 295
42	29	13	24	75	-13	32	13	cell = 296 to 303
45	-29	69	5	85	-16	32	26	cell = 304 to 311
45	3	62	-4	30	-38	26	-48	cell = 312 to 319
45	-6	24	-9	33	5	18	-16	cell = 320 to 327
10	-8	69	-3	33	16	46	34	cell = 328 to 335
77	-10	16	0	21	11	42	15	cell = 336 to 343
56	30	53	-21	68	0	65	-8	cell = 344 to 351
28	3	47	-9	54	-9	35	-30	cell = 352 to 359
56	3	23	2	37	-18	41	-5	cell = 360 to 367
15	23	44	-27	51	42	54	9	cell = 368 to 375
62	-21	73	-13	51	-50	11	-14	cell = 376 to 383
66	17	56	14	30	-15	78	18	cell = 384 to 391
53	-31	69	-27	39	-8	24	-2	cell = 392 to 399
50	-13	69	-11	40	0	60	-3	cell = 400 to 407
21	26	74	21	39	19	73	-29	cell = 408 to 415
43	-4	18	-24	60	9	64	-6	cell = 416 to 423
25	21	55	-9	44	6	0	0	cell = 424 to 431
-2	15	18	-22	63	59	61	-3	cell = 432 to 439
37	-39	45	2	17	-47	22	30	cell = 440 to 447
73	-18	75	-21	52	17	47	20	cell = 448 to 455
58	-41	74	-15	28	16	63	-37	cell = 456 to 463
65	2	44	-28	67	-21	2	0	cell = 464 to 471
14	9	-32	32	26	1	25	7	cell = 472 to 479
69	-22	33	-6	17	7	47	14	cell = 480 to 487
58	-34	61	-55	23	-5	39	-18	cell = 488 to 495
41	-19	-20	-105	-25	-69	-36	-82	cell = 496 to 503
27	-17	14	18	45	-14	49	-34	cell = 504 to 511
-28	-46	-57	-27	-51	-36	-56	10	cell = 512 to 519
-34	10	10	-21	-8	-11	11	20	cell = 520 to 527
-33	-23	-28	-43	-21	-34	-16	-24	cell = 528 to 535
-40	-9	10	8	-7	-19	22	-25	cell = 536 to 543
13	10	22	-12	0	-8	0	-68	cell = 544 to 551
7	-42	12	18	-27	0	-24	-16	cell = 552 to 559
-9	-28	-35	1	10	-51	-12	-18	cell = 560 to 567
-16	-29	-38	-26	-24	-25	-21	-18	cell = 568 to 575
9	-13	-5	-34	-50	-8	-31	13	cell = 576 to 583
1	23	-38	-26	11	-15	-22	-1	cell = 584 to 591
5	-2	4	-62	-42	27	-15	0	cell = 592 to 599
-20	2	-33	-16	-20	38	-20	-39	cell = 600 to 607
-50	-37	-6	-26	-11	-25	-31	-20	cell = 608 to 615
0	-14	-23	-13	1	-6	-30	-21	cell = 616 to 623
-7	-9	-8	-14	-37	-46	-25	-14	cell = 624 to 631
27	-7	-21	-13	-8	-39	-41	21	cell = 632 to 639
-25	-31	-44	-14	-21	-12	-48	-43	cell = 640 to 647
-35	-15	-12	35	-40	-29	-14	0	cell = 648 to 655
-12	-40	-2	4	3	-38	-10	-19	cell = 656 to 663
-32	-24	-39	3	10	2	-20	-16	cell = 664 to 671
-20	-1	5	-13	-12	-43	-55	-44	cell = 672 to 679
-34	-27	-3	-7	-24	-7	-4	-17	cell = 680 to 687
2	8	-9	-33	-29	21	2	-1	cell = 688 to 695
-19	-4	-33	8	-37	-33	-66	-27	cell = 696 to 703
-41	-29	-61	21	1	28	0	20	cell = 704 to 711
8	-20	-7	-3	-46	0	-2	24	cell = 712 to 719
-23	24	-10	-12	15	-9	-15	-5	cell = 720 to 727
14	26	-52	-14	-22	-32	-8	8	cell = 728 to 735
-65	-12	-58	-24	-22	-40	-24	-37	cell = 736 to 743
-1	-31	-14	5	18	-31	-11	-18	cell = 744 to 751
-7	20	-50	12	-33	20	1	12	cell = 752 to 759
34	-1	-40	-23	-52	-21	-47	-18	cell = 760 to 767
-4	-17	-47	-63	-28	-30	-15	15	cell = 768 to 775
9	-25	-22	-10	-24	-30	-16	-36	cell = 776 to 783
-25	-32	-23	1	0	-12	8	6	cell = 784 to 791
-10	18	-34	-42	-10	-27	-59	-39	cell = 792 to 799
-35	0	15	-22	-13	-30	-26	12	cell = 800 to 807
-11	16	4	-29	-11	-65	-54	-33	cell = 808 to 815
-51	-32	-34	-19	-10	-50	-51	-8	cell = 816 to 823
0	-11	-9	-28	-25	-11	-26	-28	cell = 824 to 831
-36	16	-9	0	-6	-29	17	-8	cell = 832 to 839
-5	-10	-3	-33	1	22	16	-27	cell = 840 to 847
4	26	-24	-14	-15	-37	-7	-20	cell = 848 to 855
-23	-10	-18	-2	0	-13	-41	-9	cell = 856 to 863
-15	-38	-63	3	-35	-32	-51	-15	cell = 864 to 871
-22	-12	-4	-16	-47	0	-30	-34	cell = 872 to 879
-7	-25	-27	-16	12	-54	-26	-22	cell = 880 to 887
21	-17	0	-28	-31	25	-45	-1	cell = 888 to 895
-26	-39	-15	-47	-56	10	-39	-30	cell = 896 to 903
-31	-9	-25	-26	-3	-11	12	-19	cell = 904 to 911
-49	16	-67	-26	24	-17	-46	-5	cell = 912 to 919
-27	-22	-10	22	5	-10	-21	-26	cell = 920 to 927
3	10	-9	-33	-19	4	6	-3	cell = 928 to 935
-2	-13	35	-4	5	11	-42	-12	cell = 936 to 943
-30	27	-42	-11	-20	-36	-18	5	cell = 944 to 951
0	-29	-16	-29	13	-10	-21	-6	cell = 952 to 959
-42	-20	-4	12	9	8	-5	-53	cell = 960 to 967
-32	-8	-26	-15	-42	0	-31	-9	cell = 968 to 975
-44	-23	6	-4	-32	-41	-45	-21	cell = 976 to 983
5	10	-31	-9	-12	-73	34	-25	cell = 984 to 991
-12	-21	12	6	-28	-36	-30	-21	cell = 992 to 999
-14	-28	-35	-57	-40	-41	-26	-23	cell = 1000 to 1007
-25	-37	-37	-21	-40	-22	-42	-22	cell = 1008 to 1015
-8	-22	-44	-45	-25	-17	-66	-14	cell = 1016 to 1023
Calibration values from cell 0 to 1024 for channel 7:

40	2	18	-21	69	9	24	-27	cell = 0 to 7
84	-6	36	-11	29	-47	44	-16	cell = 8 to 15
23	-9	4	-13	39	-24	58	-1	cell = 16 to 23
72	-27	41	-9	38	-17	-5	19	cell = 24 to 31
40	-22	39	14	62	-31	49	7	cell = 32 to 39
73	-2	32	-67	44	27	26	8	cell = 40 to 47
80	6	76	-5	65	-9	55	-50	cell = 48 to 55
32	-27	69	12	75	-12	4	-29	cell = 56 to 63
55	3	19	-25	42	-21	24	4	cell = 64 to 71
30	-30	65	-15	92	-10	24	19	cell = 72 to 79
50	-44	49	1	77	16	70	-17	cell = 80 to 87
54	-3	55	-13	22	-24	38	-24	cell = 88 to 95
0	-28	35	-31	44	22	38	11	cell = 96 to 103
31	3	59	-9	19	-3	75	5	cell = 104 to 111
59	11	40	15	38	-4	74	-12	cell = 112 to 119
44	0	-2	-27	0	-29	32	-15	cell = 120 to 127
1	6	57	0	71	13	43	0	cell = 128 to 135
37	12	44	-31	44	-36	53	-7	cell = 136 to 143
23	9	60	11	34	25	65	26	cell = 144 to 151
26	23	52	9	8	15	89	24	cell = 152 to 159
56	-38	49	-47	71	-13	-4	10	cell = 160 to 167
75	9	52	17	38	-12	12	-8	cell = 168 to 175
56	17	61	-2	30	37	23	-22	cell = 176 to 183
40	4	24	28	41	9	20	16	cell = 184 to 191
43	8	51	-11	23	-27	76	-19	cell = 192 to 199
25	13	89	4	58	3	17	5	cell = 200 to 207
27	22	31	11	67	15	48	-9	cell = 208 to 215
20	-62	23	-26	99	1	38	-16	cell = 216 to 223
23	-50	38	-19	55	-14	53	23	cell = 224 to 231
30	-2	22	18	59	25	59	-8	cell = 232 to 239
29	-41	42	-4	47	9	11	-10	cell = 240 to 247
25	-5	13	-63	48	21	52	-16	cell = 248 to 255
33	-15	38	36	19	-4	31	-1	cell = 256 to 263
38	12	48	-7	15	-14	63	-18	cell = 264 to 271
84	30	28	10	47	-21	59	-46	cell = 272 to 279
63	0	20	16	18	4	5	29	cell = 280 to 287
9	-20	42	29	18	-4	14	-21	cell = 288 to 295
73	26	65	0	88	-4	57	15	cell = 296 to 303
46	13	41	-16	40	41	37	-24	cell = 304 to 311
12	7	25	-55	32	30	58	-3	cell = 312 to 319
2	36	53	-16	48	14	79	13	cell = 320 to 327
59	-8	48	0	75	-7	3	14	cell = 328 to 335
61	-21	8	-19	55	-30	19	0	cell = 336 to 343
22	-13	53	-40	55	6	68	-29	cell = 344 to 351
47	2	74	-16	92	-16	42	-39	cell = 352 to 359
35	40	29	30	43	4	41	-43	cell = 360 to 367
64	-8	25	1	29	8	15	30	cell = 368 to 375
4	17	11	-6	-18	-1	36	-18	cell = 376 to 383
-2	-14	31	-16	66	-21	47	-14	cell = 384 to 391
26	-44	38	-14	38	-27	33	35	cell = 392 to 399
50	-25	36	-1	24	16	40	1	cell = 400 to 407
27	-14	38	8	54	1	41	-15	cell = 408 to 415
15	-2	50	-39	53	-24	73	-31	cell = 416 to 423
51	14	51	-51	45	-4	67	-11	cell = 424 to 431
41	17	38	7	12	17	9	-26	cell = 432 to 439
33	0	40	-18	77	-5	31	4	cell = 440 to 447
58	40	12	-30	1	-18	65	0	cell = 448 to 455
29	-20	25	-9	47	14	-15	4	cell = 456 to 463
26	0	53	-4	63	16	18	-14	cell = 464 to 471
80	-17	40	0	55	18	47	9	cell = 472 to 479
77	-6	30	-3	64	-37	34	5	cell = 480 to 487
31	-17	34	13	55	-10	16	-18	cell = 488 to 495
13	-46	3	-37	-13	-71	-67	-66	cell = 496 to 503
41	0	50	-50	42	12	50	-26	cell = 504 to 511
-25	-13	-45	-48	-15	4	-59	-46	cell = 512 to 519
-20	-5	-18	-27	4	16	-25	-14	cell = 520 to 527
-11	-8	23	-3	-26	-17	-82	-31	cell = 528 to 535
-37	18	-63	-25	-6	-6	45	-19	cell = 536 to 543
-4	16	-24	-32	-31	-10	-5	-16	cell = 544 to 551
4	-14	-25	11	16	21	-30	-27	cell = 552 to 559
-52	-54	-2	22	15	1	-54	-49	cell = 560 to 567
-37	-29	-47	7	1	-29	-27	-41	cell = 568 to 575
-56	-9	-7	-2	-31	18	33	-20	cell = 576 to 583
3	-13	0	-11	9	-2	-54	-24	cell = 584 to 591
-21	14	-13	14	15	-17	-32	17	cell = 592 to 599
-39	-23	-22	-30	-10	-21	2	-39	cell = 600 to 607
-11	17	-32	0	7	24	-29	-4	cell = 608 to 615
-17	-10	-34	-38	-7	-34	-34	-21	cell = 616 to 623
5	0	-44	-7	-15	-13	-14	-10	cell = 624 to 631
0	-19	-30	-25	-24	-55	-27	-62	cell = 632 to 639
-42	-8	-33	13	-33	-26	2	13	cell = 640 to 647
-25	-40	-4	-16	-3	-57	-90	3	cell = 648 to 655
-6	-5	13	-27	-33	11	-31	-19	cell = 656 to 663
-50	5	2	-46	-14	0	5	7	cell = 664 to 671
-32	-24	1	-51	-36	4	2	-37	cell = 672 to 679
-35	-32	2	-2	-55	17	-29	-8	cell = 680 to 687
-35	-3	-43	-57	-13	15	24	-60	cell = 688 to 695
24	-13	-10	-35	-14	-56	-14	-21	cell = 696 to 703
10	8	-39	-41	23	-3	-25	-4	cell = 704 to 711
2	6	-43	-32	-23	-26	-31	-38	cell = 712 to 719
-25	-40	-41	-14	-44	13	-15	-24	cell = 720 to 727
-12	-4	-15	-18	-42	-15	26	-44	cell = 728 to 735
-8	-48	-8	-2	-12	24	-38	-20	cell = 736 to 743
42	-60	-37	8	-9	-12	-6	13	cell = 744 to 751
-36	-22	-10	-23	-25	-21	-25	1	cell = 752 to 759
-33	-32	-22	3	-17	-2	-44	-47	cell = 760 to 767
-4	-13	-52	2	1	-10	-26	31	cell = 768 to 775
-7	-47	-21	5	-6	18	12	3	cell = 776 to 783
-28	-24	-44	-16	-4	-9	-20	26	cell = 784 to 791
-9	-39	-20	-22	-21	16	-39	-19	cell = 792 to 799
-54	-19	25	27	-35	-27	-34	-26	cell = 800 to 807
-6	-56	-39	-46	-21	20	-9	-18	cell = 808 to 815
-2	-27	1	-23	-2	-19	-17	-6	cell = 816 to 823
-6	-14	-13	-15	-39	-28	-42	13	cell = 824 to 831
-47	-32	-41	6	-53	-34	-43	-57	cell = 832 to 839
25	17	-25	-33	-14	30	-29	-18	cell = 840 to 847
-15	-20	-17	2	-47	-44	7	0	cell = 848 to 855
13	-5	-38	-36	-54	-69	-9	-10	cell = 856 to 863
-31	-15	-35	19	13	-19	2	-13	cell = 864 to 871
17	1	-20	2	1	-32	-21	19	cell = 872 to 879
-54	4	-14	-6	-12	-40	-69	-37	cell = 880 to 887
-41	-59	1	-24	-42	-13	-15	2	cell = 888 to 895
-57	-16	-20	-7	16	-9	-47	-9	cell = 896 to 903
-29	-43	-14	-10	-30	-20	7	-12	cell = 904 to 911
-46	-32	-23	-11	0	-5	-19	4	cell = 912 to 919
-37	24	-43	17	-38	-30	9	3	cell = 920 to 927
-27	-23	-14	1	-35	-19	-46	14	cell = 928 to 935
27	-31	-21	-49	-14	-32	-30	-36	cell = 936 to 943
-12	1	-32	15	-28	-23	-8	-25	cell = 944 to 951
15	25	-28	-39	-3	-14	-8	-2	cell = 952 to 959
-64	-16	-21	11	21	-63	-19	-3	cell = 960 to 967
-15	-8	-15	3	16	-7	-43	-19	cell = 968 to 975
12	-32	-13	-23	-17	3	-7	-28	cell = 976 to 983
-19	-30	-32	-36	-3	-18	-38	-28	cell = 984 to 991
-7	-50	1	-19	-30	-2	-49	11	cell = 992 to 999
-6	-39	5	-22	38	-36	-13	18	cell = 1000 to 1007
-32	-46	-24	-17	-13	-11	-40	-54	cell = 1008 to 1015
-15	-27	-34	-79	-3	-8	-28	-32	cell = 1016 to 1023
Calibration values from cell 0 to 1024 for channel 8:

0	-20	90	-11	22	0	77	8	cell = 0 to 7
6	13	65	7	40	8	-2	-11	cell = 8 to 15
53	2	9	-16	55	-14	36	-54	cell = 16 to 23
20	-33	7	11	66	-23	50	-20	cell = 24 to 31
62	8	38	17	58	16	37	-13	cell = 32 to 39
31	8	37	-15	21	-18	52	-5	cell = 40 to 47
26	24	81	9	31	12	63	-27	cell = 48 to 55
45	37	33	-15	47	15	15	-12	cell = 56 to 63
60	-11	13	21	33	5	62	-20	cell = 64 to 71
59	15	96	-36	9	11	64	-27	cell = 72 to 79
31	-1	15	-29	76	2	24	29	cell = 80 to 87
32	-17	33	-12	62	-22	45	-18	cell = 88 to 95
11	6	36	3	21	-40	18	-2	cell = 96 to 103
33	-21	56	-30	42	-5	47	16	cell = 104 to 111
47	-21	53	3	72	-9	88	-45	cell = 112 to 119
22	-10	20	16	54	50	52	-14	cell = 120 to 127
22	-6	43	-40	9	14	-8	4	cell = 128 to 135
35	-28	66	-26	29	-28	32	6	cell = 136 to 143
71	-17	9	-7	50	-5	77	-8	cell = 144 to 151
48	-2	29	-30	5	41	52	-26	cell = 152 to 159
25	6	17	-11	45	-12	58	34	cell = 160 to 167
50	-35	38	-2	53	-36	91	-18	cell = 168 to 175
79	8	41	-31	22	-21	75	12	cell = 176 to 183
43	17	19	-60	34	9	66	-40	cell = 184 to 191
10	28	28	-23	71	-21	43	0	cell = 192 to 199
61	32	79	-25	59	-39	39	-28	cell = 200 to 207
59	31	17	2	54	5	17	28	cell = 208 to 215
45	17	74	-7	10	-27	27	-35	cell = 216 to 223
51	0	71	-31	53	15	45	-49	cell = 224 to 231
36	12	74	-38	73	-8	43	-18	cell = 232 to 239
54	-13	46	22	23	-29	72	2	cell = 240 to 247
23	7	70	44	23	-3	37	-12	cell = 248 to 255
42	-32	18	-5	59	37	65	-17	cell = 256 to 263
22	-9	57	22	35	-13	32	-15	cell = 264 to 271
44	-40	62	2	-8	-24	51	-35	cell = 272 to 279
40	-3	28	-22	60	-22	75	-2	cell = 280 to 287
40	26	54	18	28	-3	50	5	cell = 288 to 295
31	13	70	12	26	11	34	26	cell = 296 to 303
45	-27	50	-2	44	32	7	-21	cell = 304 to 311
25	-10	42	-27	16	-18	34	-30	cell = 312 to 319
50	10	35	-45	51	36	76	-9	cell = 320 to 327
-4	23	41	-34	84	16	35	-21	cell = 328 to 335
73	-24	50	-23	46	1	40	-2	cell = 336 to 343
39	24	22	-4	37	-24	54	-9	cell = 344 to 351
26	-2	41	-23	9	19	33	-20	cell = 352 to 359
71	-3	69	0	45	-26	38	7	cell = 360 to 367
75	23	49	15	64	0	70	-2	cell = 368 to 375
57	-7	42	-10	42	-12	49	-25	cell = 376 to 383
21	-10	1	-3	23	34	38	-8	cell = 384 to 391
47	-17	5	-23	70	4	62	-6	cell = 392 to 399
20	20	38	10	60	18	-4	-18	cell = 400 to 407
60	-3	97	-35	71	-47	62	0	cell = 408 to 415
96	-21	41	-20	58	17	50	37	cell = 416 to 423
52	-11	52	-4	52	-39	71	29	cell = 424 to 431
36	-38	18	13	21	-34	48	-3	cell = 432 to 439
77	-11	64	32	7	-13	48	-9	cell = 440 to 447
9	22	44	-16	43	-7	26	33	cell = 448 to 455
-2	-19	61	-7	63	-21	52	-13	cell = 456 to 463
57	20	48	3	96	-17	70	-12	cell = 464 to 471
22	-20	54	-50	41	-20	41	-19	cell = 472 to 479
29	-41	28	1	28	-6	42	13	cell = 480 to 487
50	-6	77	-24	65	-7	64	23	cell = 488 to 495
45	-62	-54	-60	-51	-85	-33	-86	cell = 496 to 503
62	-36	29	0	17	-47	43	-61	cell = 504 to 511
-79	32	-24	-31	5	-5	-30	-33	cell = 512 to 519
2	-10	-10	3	-27	-26	18	-27	cell = 520 to 527
25	-3	-62	-5	6	-9	-7	-2	cell = 528 to 535
22	-31	-26	10	-42	-7	-51	-6	cell = 536 to 543
-4	-57	-7	-21	-16	-30	3	-10	cell = 544 to 551
-22	-24	-19	-10	-50	-55	-56	-19	cell = 552 to 559
-18	-28	5	-4	5	5	-19	-7	cell = 560 to 567
-39	-16	-19	-23	-8	6	-42	-59	cell = 568 to 575
-7	-9	-39	11	-66	17	16	46	cell = 576 to 583
-2	15	0	-52	28	2	-52	36	cell = 584 to 591
-7	10	-14	11	-17	7	4	18	cell = 592 to 599
-43	-23	-17	14	5	-15	40	-61	cell = 600 to 607
-24	-6	-48	-24	-25	-20	25	-37	cell = 608 to 615
-81	-5	-9	-9	-10	-40	-34	6	cell = 616 to 623
23	-21	-3	-14	-21	-4	-36	-11	cell = 624 to 631
-26	-37	-16	-7	-41	-13	-21	22	cell = 632 to 639
-28	-72	-35	16	-21	-31	-10	-33	cell = 640 to 647
-37	-14	7	-27	8	-29	-52	-5	cell = 648 to 655
13	-16	-20	-13	-45	14	-33	-23	cell = 656 to 663
-13	5	-4	-4	-39	-16	-16	-45	cell = 664 to 671
-2	-57	3	-7	1	-39	19	-37	cell = 672 to 679
43	14	-17	18	-12	-16	-20	-23	cell = 680 to 687
-58	-34	-15	-27	-34	2	18	36	cell = 688 to 695
-29	-26	-19	-48	0	9	-64	-17	cell = 696 to 703
-26	-7	8	2	-3	15	7	-12	cell = 704 to 711
40	-14	-39	-2	-23	-6	-36	10	cell = 712 to 719
17	-3	-36	-26	-29	-15	-23	-21	cell = 720 to 727
-3	-46	-36	-3	-65	-14	-41	-34	cell = 728 to 735
-9	-26	-5	-31	-23	-24	-28	-13	cell = 736 to 743
-39	-39	-31	-36	4	10	-65	5	cell = 744 to 751
-26	-13	-20	-21	-7	-14	-79	-5	cell = 752 to 759
8	14	-8	8	-42	-23	-35	-27	cell = 760 to 767
28	-32	2	-22	19	-20	33	-16	cell = 768 to 775
-15	-33	-26	-15	1	-30	-40	-7	cell = 776 to 783
-29	-11	-38	-4	26	29	-12	2	cell = 784 to 791
15	-5	-21	-51	-45	-52	-34	-20	cell = 792 to 799
-33	-7	-23	-16	-33	-21	15	-8	cell = 800 to 807
-36	-42	-40	-22	-3	0	4	-12	cell = 808 to 815
-39	-32	-22	11	-22	-24	-6	23	cell = 816 to 823
14	-4	-20	-18	-35	-59	-56	-8	cell = 824 to 831
19	-28	-12	-46	-5	-38	-31	-14	cell = 832 to 839
-27	0	-21	13	-16	1	8	-9	cell = 840 to 847
-34	-9	-35	-35	-21	-22	-38	-5	cell = 848 to 855
7	-5	-71	-26	-1	-5	-10	-28	cell = 856 to 863
-37	-34	-8	-6	2	0	-60	30	cell = 864 to 871
-8	-14	-20	-5	-24	16	-27	-3	cell = 872 to 879
-21	33	-47	-27	-20	-54	-13	-20	cell = 880 to 887
-39	-27	-12	-18	-29	-15	-45	-38	cell = 888 to 895
-12	-13	2	8	-24	6	-65	-43	cell = 896 to 903
-8	53	21	1	-13	-17	-32	-4	cell = 904 to 911
-4	-78	-44	-15	-19	-13	-31	-43	cell = 912 to 919
-20	-39	2	-13	-19	-24	-44	-2	cell = 920 to 927
2	-10	-27	-6	-25	0	-23	-25	cell = 928 to 935
-18	-14	-47	-18	-20	-27	-16	-52	cell = 936 to 943
14	-14	-65	-65	-43	-28	-28	-4	cell = 944 to 951
5	-20	-50	-19	-65	-22	-17	-4	cell = 952 to 959
-34	-37	-36	-31	-10	-24	-12	-8	cell = 960 to 967
-37	-15	-24	6	-42	20	-19	-29	cell = 968 to 975
-10	-30	-10	-21	-20	-31	-48	-25	cell = 976 to 983
-25	-47	-13	-82	-3	-44	-54	-7	cell = 984 to 991
-27	-50	-31	-46	-2	-5	-39	13	cell = 992 to 999
19	-22	-6	-19	-28	5	-25	-20	cell = 1000 to 1007
-41	-26	-71	-36	-35	4	30	-8	cell = 1008 to 1015
-9	-48	-41	-28	-28	19	-15	-34	cell = 1016 to 1023
