Calibration values from cell 0 to 1024 for channel 0:

33	-18	45	-26	21	-10	60	-2	cell = 0 to 7
69	18	54	-35	48	-14	41	-9	cell = 8 to 15
59	7	6	-24	7	-14	-12	-48	cell = 16 to 23
61	12	4	26	28	-24	11	-54	cell = 24 to 31
53	0	46	21	49	-5	4	-22	cell = 32 to 39
80	-27	27	3	40	-47	49	-47	cell = 40 to 47
16	-41	26	-9	64	21	68	-27	cell = 48 to 55
12	-53	51	7	26	-27	31	-11	cell = 56 to 63
15	-25	59	1	30	5	65	2	cell = 64 to 71
41	-39	52	35	30	5	34	-4	cell = 72 to 79
45	-21	41	-17	8	-5	30	13	cell = 80 to 87
32	-27	21	-10	23	-17	19	-45	cell = 88 to 95
46	20	38	11	61	-19	74	-19	cell = 96 to 103
27	0	1	11	42	45	31	-26	cell = 104 to 111
30	14	64	-25	52	-4	62	18	cell = 112 to 119
56	-33	5	9	34	-29	23	-53	cell = 120 to 127
69	-11	73	-29	63	-10	50	13	cell = 128 to 135
18	-15	35	-11	117	-15	60	-8	cell = 136 to 143
22	0	105	-2	19	-8	42	-11	cell = 144 to 151
50	-46	57	29	54	-45	1	3	cell = 152 to 159
33	7	28	13	28	9	31	-5	cell = 160 to 167
17	-13	31	-30	11	-3	13	-4	cell = 168 to 175
33	15	40	0	18	-10	35	-3	cell = 176 to 183
43	-29	58	-17	48	43	55	-32	cell = 184 to 191
37	-33	46	-19	40	-29	28	-16	cell = 192 to 199
44	-4	66	24	60	8	56	15	cell = 200 to 207
21	-47	32	-9	60	34	56	6	cell = 208 to 215
56	15	80	5	85	2	38	-17	cell = 216 to 223
28	40	62	-9	44	0	29	-12	cell = 224 to 231
46	-18	13	-23	-5	-22	29	-39	cell = 232 to 239
4	21	31	-7	32	-15	48	-7	cell = 240 to 247
14	21	45	-29	16	0	41	-42	cell = 248 to 255
35	-6	30	-16	47	-6	40	-12	cell = 256 to 263
-3	-9	14	-11	49	-3	27	0	cell = 264 to 271
10	-39	34	-37	64	21	68	-5	cell = 272 to 279
3	-13	77	33	6	-20	18	8	cell = 280 to 287
56	19	90	21	11	-11	71	-11	cell = 288 to 295
40	3	48	-16	52	-3	19	41	cell = 296 to 303
26	-6	53	-4	79	-3	65	-9	cell = 304 to 311
71	30	73	-21	42	10	58	-11	cell = 312 to 319
45	2	24	28	36	-12	29	-24	cell = 320 to 327
23	-34	54	6	63	-19	20	-27	cell = 328 to 335
32	-33	45	-52	5	-13	71	-3	cell = 336 to 343
35	14	14	-20	37	2	58	-41	cell = 344 to 351
23	0	30	-8	18	-19	54	-8	cell = 352 to 359
56	43	51	-28	84	2	35	21	cell = 360 to 367
20	-8	65	-9	83	-25	37	-5	cell = 368 to 375
20	-12	48	46	99	-23	33	-19	cell = 376 to 383
48	-13	22	-22	53	25	8	-21	cell = 384 to 391
34	-8	22	-2	81	-26	40	28	cell = 392 to 399
36	22	55	-8	40	23	61	0	cell = 400 to 407
50	-42	75	-1	50	-4	69	6	cell = 408 to 415
58	0	51	3	62	0	33	-7	cell = 416 to 423
19	21	21	19	23	-33	-3	-24	cell = 424 to 431
50	-26	37	-10	39	-5	1	-14	cell = 432 to 439
-5	-16	77	28	54	0	45	-17	cell = 440 to 447
56	2	-3	-3	58	-5	53	-8	cell = 448 to 455
93	-24	-6	5	44	-11	51	31	cell = 456 to 463
30	-6	70	9	49	-13	14	30	cell = 464 to 471
71	23	29	-5	39	27	42	-36	cell = 472 to 479
44	8	52	0	102	0	53	-5	cell = 480 to 487
35	2	13	-15	53	28	69	16	cell = 488 to 495
38	-10	-10	-61	-21	-85	6	-74	cell = 496 to 503
75	-21	43	-15	40	-31	30	-31	cell = 504 to 511
6	13	-2	-20	-58	-23	21	-4	cell = 512 to 519
-36	-57	12	-34	-30	-18	-28	-14	cell = 520 to 527
-3	1	-23	-1	-21	-1	-21	-20	cell = 528 to 535
-23	-9	-17	9	-43	-47	-10	-20	cell = 536 to 543
-11	-31	-18	-26	-16	-3	-16	-19	cell = 544 to 551
-41	9	-11	-27	10	-26	-30	-66	cell = 552 to 559
-48	0	4	-5	-32	-20	-15	53	cell = 560 to 567
18	-17	-29	-40	-36	-60	-21	-18	cell = 568 to 575
-37	-34	-7	-16	-21	-48	-38	23	cell = 576 to 583
-21	-25	-48	2	-33	-36	12	-12	cell = 584 to 591
3	-41	12	-6	-15	-8	-13	-16	cell = 592 to 599
11	-43	-1	9	0	-23	-66	-8	cell = 600 to 607
-18	4	-37	4	-41	-57	4	-10	cell = 608 to 615
-20	-46	6	-5	-3	-14	-12	-8	cell = 616 to 623
-31	-23	-27	-32	6	-4	-22	-22	cell = 624 to 631
-20	10	-41	-8	-1	-15	25	28	cell = 632 to 639
-8	-2	-34	1	-30	-38	-43	-38	cell = 640 to 647
-7	24	-18	34	-4	7	-16	-18	cell = 648 to 655
-8	-42	-63	-3	9	-13	-32	-10	cell = 656 to 663
-47	-4	-33	-40	-31	-18	-8	-33	cell = 664 to 671
-32	-11	9	-46	-11	-18	-32	-21	cell = 672 to 679
21	8	-30	27	-33	-9	-21	-14	cell = 680 to 687
-59	5	-6	-13	-6	-31	-5	-7	cell = 688 to 695
4	-19	-35	-15	-13	-11	1	-44	cell = 696 to 703
5	-10	27	-23	-35	12	-29	-41	cell = 704 to 711
30	-12	-58	-54	-42	28	-46	4	cell = 712 to 719
-36	-20	-42	19	5	-57	-45	-30	cell = 720 to 727
-17	19	-46	-37	-20	1	-21	-15	cell = 728 to 735
-28	3	11	21	-17	-15	-47	23	cell = 736 to 743
-18	-11	-57	-18	-15	-35	-17	-21	cell = 744 to 751
-32	1	-1	-40	-27	14	2	5	cell = 752 to 759
-18	-46	-22	-8	-23	-44	-9	-58	cell = 760 to 767
-16	-9	-29	-60	-10	-38	-29	-21	cell = 768 to 775
-21	-23	-34	-23	-19	9	-36	16	cell = 776 to 783
-40	-32	-33	-27	-6	-1	-24	25	cell = 784 to 791
3	-38	-63	-1	-9	-10	-15	-28	cell = 792 to 799
26	-5	-7	9	-15	-13	-5	7	cell = 800 to 807
-14	-8	-32	3	-31	-56	-62	-7	cell = 808 to 815
-4	-7	-41	-33	-21	-30	-16	34	cell = 816 to 823
-16	-38	-17	27	-40	15	-43	-43	cell = 824 to 831
31	-24	-27	-9	2	-2	-14	-2	cell = 832 to 839
2	-35	9	2	-26	10	-3	8	cell = 840 to 847
-42	0	-13	5	-43	-30	-17	28	cell = 848 to 855
20	0	-15	30	-34	-28	-47	-2	cell = 856 to 863
-4	-1	-16	-14	-28	13	-12	-2	cell = 864 to 871
-11	-38	-27	15	-6	-20	-48	-8	cell = 872 to 879
7	2	-36	-28	-63	-19	-15	-32	cell = 880 to 887
-46	-24	-39	10	-37	-29	-22	0	cell = 888 to 895
-32	-1	-69	-15	20	-35	-39	-16	cell = 896 to 903
5	-19	17	35	27	38	-10	0	cell = 904 to 911
-35	-6	-36	-6	29	-21	10	-6	cell = 912 to 919
-2	-19	-4	-7	-20	-1	-21	-24	cell = 920 to 927
-40	-16	-15	-37	17	5	-27	-4	cell = 928 to 935
-29	-13	-28	-11	-4	-34	-12	-7	cell = 936 to 943
-9	-24	-52	-10	-33	-48	-17	-12	cell = 944 to 951
-31	-2	-30	-18	-25	-37	-22	20	cell = 952 to 959
-14	-7	-7	-25	-2	-11	-55	-13	cell = 960 to 967
-33	-25	-33	-19	-20	8	10	-19	cell = 968 to 975
-9	-13	3	-10	-24	-60	-8	-32	cell = 976 to 983
-16	-29	13	-27	-41	-13	-55	-19	cell = 984 to 991
-14	-23	20	13	-38	-32	-28	-5	cell = 992 to 999
-33	-32	-15	-33	-17	-22	-7	-4	cell = 1000 to 1007
-17	-9	-58	-67	-12	-19	-53	-18	cell = 1008 to 1015
-29	-17	5	-8	-35	-23	-45	6	cell = 1016 to 1023
Calibration values from cell 0 to 1024 for channel 1:

76	-39	18	-36	31	31	30	28	cell = 0 to 7
36	-9	31	-36	23	-8	19	-30	cell = 8 to 15
45	-37	17	4	54	-25	27	-32	cell = 16 to 23
35	14	45	10	31	-40	34	-49	cell = 24 to 31
66	7	25	-17	32	-33	9	15	cell = 32 to 39
78	29	80	-21	26	-21	43	-10	cell = 40 to 47
53	-31	57	1	62	43	31	11	cell = 48 to 55
58	-27	69	-18	81	8	11	-2	cell = 56 to 63
44	-3	43	-18	37	12	40	2	cell = 64 to 71
29	-7	62	-14	48	-33	57	12	cell = 72 to 79
89	-34	21	0	60	-4	43	-28	cell = 80 to 87
7	0	86	-13	45	47	63	-10	cell = 88 to 95
58	-67	-17	-21	23	-5	72	-47	cell = 96 to 103
29	-16	59	1	54	-7	27	26	cell = 104 to 111
58	18	18	-32	51	25	80	-21	cell = 112 to 119
12	-40	40	18	45	-42	23	-20	cell = 120 to 127
32	9	66	12	46	0	47	-7	cell = 128 to 135
33	9	38	-20	27	-16	39	14	cell = 136 to 143
38	3	41	-50	30	-11	53	7	cell = 144 to 151
4	24	63	16	20	13	75	-4	cell = 152 to 159
39	-20	61	-4	61	-9	36	45	cell = 160 to 167
47	-4	53	-6	53	-10	61	27	cell = 168 to 175
63	27	55	-11	25	-29	44	7	cell = 176 to 183
62	-42	76	-13	46	35	43	-41	cell = 184 to 191
53	-33	35	34	4	-38	48	-13	cell = 192 to 199
6	17	19	4	40	-44	75	-3	cell = 200 to 207
52	3	55	-22	31	-23	18	0	cell = 208 to 215
71	-16	54	1	42	-3	43	11	cell = 216 to 223
39	-8	73	3	54	-1	79	-14	cell = 224 to 231
47	-12	51	-14	41	29	67	1	cell = 232 to 239
7	-21	25	-60	56	17	76	30	cell = 240 to 247
76	16	-2	-17	32	-14	74	-20	cell = 248 to 255
43	-20	37	-15	30	21	24	-25	cell = 256 to 263
42	-37	22	-22	45	4	86	7	cell = 264 to 271
22	-17	39	1	50	-21	65	-55	cell = 272 to 279
50	14	62	30	45	-18	79	-35	cell = 280 to 287
52	5	26	-22	100	-10	6	-27	cell = 288 to 295
43	5	10	36	37	-6	67	31	cell = 296 to 303
15	15	26	-10	38	30	59	30	cell = 304 to 311
44	-5	4	-30	59	8	48	-30	cell = 312 to 319
31	-41	50	13	44	27	16	-12	cell = 320 to 327
54	-14	53	15	39	-6	-27	-22	cell = 328 to 335
44	-8	54	28	47	14	53	18	cell = 336 to 343
56	13	65	-8	27	-3	43	6	cell = 344 to 351
27	12	34	-44	28	13	38	14	cell = 352 to 359
30	-34	30	-25	33	0	50	-13	cell = 360 to 367
64	-3	39	18	0	-12	56	-41	cell = 368 to 375
72	23	73	17	43	40	5	11	cell = 376 to 383
40	9	50	-3	55	-13	23	-50	cell = 384 to 391
32	-19	17	-14	65	-16	47	45	cell = 392 to 399
51	-15	40	35	43	-27	45	-20	cell = 400 to 407
48	14	58	-4	89	-34	45	15	cell = 408 to 415
79	-8	65	-11	67	0	36	2	cell = 416 to 423
51	-2	41	13	50	35	53	2	cell = 424 to 431
58	-5	49	-7	54	23	10	-16	cell = 432 to 439
54	1	56	-13	36	-9	34	-9	cell = 440 to 447
48	26	30	-8	26	24	26	-24	cell = 448 to 455
26	8	69	-41	25	4	46	-24	cell = 456 to 463
36	-20	70	-26	97	-29	47	-11	cell = 464 to 471
44	1	40	36	57	5	39	-29	cell = 472 to 479
35	-26	39	6	63	-36	30	-14	cell = 480 to 487
69	-28	44	0	62	-16	62	8	cell = 488 to 495
56	-13	-24	-95	-76	-66	-76	-83	cell = 496 to 503
74	10	45	7	51	12	26	-12	cell = 504 to 511
35	-12	-28	-42	-34	-35	-24	-47	cell = 512 to 519
-41	-39	-37	-9	42	-44	-4	-4	cell = 520 to 527
-37	-46	-25	-28	-9	-26	1	-4	cell = 528 to 535
-11	-39	-31	-9	-31	7	-16	-19	cell = 536 to 543
-3	-14	-15	-30	-42	-15	3	-17	cell = 544 to 551
6	-34	-9	2	-15	-33	-27	3	cell = 552 to 559
12	-2	-50	19	-6	-10	-66	6	cell = 560 to 567
22	-23	-34	27	13	-16	11	15	cell = 568 to 575
-14	13	-15	-13	-10	-36	-14	-22	cell = 576 to 583
9	-52	3	2	-40	-13	-39	-6	cell = 584 to 591
2	-36	-31	-16	-5	-28	-39	5	cell = 592 to 599
-10	-6	-63	2	-42	-7	-34	-38	cell = 600 to 607
-13	-10	2	-42	-18	-53	-47	2	cell = 608 to 615
-26	15	3	-35	-3	-3	-5	-8	cell = 616 to 623
-44	-36	-5	15	1	-23	-27	-30	cell = 624 to 631
-29	19	-4	-42	-13	5	-27	-14	cell = 632 to 639
-37	-12	0	-48	-32	-54	-36	-24	cell = 640 to 647
-23	0	35	-14	10	-10	-32	-2	cell = 648 to 655
3	-55	14	-15	-12	-26	-16	-23	cell = 656 to 663
-39	-39	-33	-32	-20	-28	-14	-46	cell = 664 to 671
-31	-39	-20	31	-18	-29	-11	-7	cell = 672 to 679
15	-12	-50	12	19	-45	-21	-27	cell = 680 to 687
-3	-27	-31	-4	19	-42	-31	-36	cell = 688 to 695
-49	-52	-45	-18	-13	-37	-48	-24	cell = 696 to 703
-12	-60	-27	-4	-31	-39	-27	-25	cell = 704 to 711
0	-5	-12	-57	-39	5	-44	-29	cell = 712 to 719
4	-13	-17	-16	-11	-29	34	-43	cell = 720 to 727
-15	-12	-31	10	-63	4	-34	-11	cell = 728 to 735
-46	-16	-7	-45	-2	8	-14	-16	cell = 736 to 743
-13	-33	-32	-8	-9	3	-43	5	cell = 744 to 751
0	-37	-52	-35	-22	11	23	-9	cell = 752 to 759
-44	0	-53	-12	-9	-40	3	9	cell = 760 to 767
-31	-33	-5	-2	26	-6	-9	-28	cell = 768 to 775
-35	-40	-31	-30	-13	-9	-36	-38	cell = 776 to 783
-15	15	9	-1	25	-7	11	4	cell = 784 to 791
-35	-32	-19	-34	-55	-26	-14	-5	cell = 792 to 799
-18	-9	-24	4	-21	-18	20	3	cell = 800 to 807
-2	0	-7	16	-32	-16	-43	14	cell = 808 to 815
-39	-28	6	-21	11	-48	2	11	cell = 816 to 823
9	-21	-34	-42	-29	-17	-35	-40	cell = 824 to 831
-36	-12	-56	-31	23	-34	-36	0	cell = 832 to 839
-30	-39	1	-28	-42	-55	-6	-8	cell = 840 to 847
-28	-31	6	-23	-7	21	-26	33	cell = 848 to 855
-22	-23	-7	3	-24	-23	-24	-42	cell = 856 to 863
17	-31	-47	-9	-33	3	-40	56	cell = 864 to 871
-24	-26	-11	-10	-5	-5	-5	0	cell = 872 to 879
-37	23	5	15	7	-25	-39	-9	cell = 880 to 887
-10	-27	-36	-27	4	-16	-18	-15	cell = 888 to 895
-7	-12	-20	-36	-35	1	1	-30	cell = 896 to 903
-29	1	-61	6	-53	-30	-13	-18	cell = 904 to 911
-50	-46	-1	9	-49	-43	-17	-31	cell = 912 to 919
10	-15	-16	-35	-23	26	-20	-37	cell = 920 to 927
-6	-13	-11	-35	10	-28	-39	2	cell = 928 to 935
-37	-67	-15	-2	-56	-14	-46	-40	cell = 936 to 943
-5	4	-2	-7	-20	-36	-23	-2	cell = 944 to 951
-30	-34	-8	-12	-38	8	-20	-4	cell = 952 to 959
32	-3	-1	-45	-37	-57	-31	-25	cell = 960 to 967
-6	-43	-4	-20	-51	-44	-2	-43	cell = 968 to 975
-40	11	-27	-12	16	-17	-24	14	cell = 976 to 983
-36	-1	3	-28	-19	-65	-41	-43	cell = 984 to 991
-37	-30	13	-23	-46	-1	9	-22	cell = 992 to 999
-31	-15	-65	-44	-36	-34	-38	1	cell = 1000 to 1007
22	0	-55	-62	-36	-43	-59	-62	cell = 1008 to 1015
-12	-41	-14	-35	-32	-32	-19	-41	cell = 1016 to 1023
Calibration values from cell 0 to 1024 for channel 2:

55	-28	58	1	50	-28	15	27	cell = 0 to 7
20	17	47	-39	55	4	54	15	cell = 8 to 15
37	-49	42	-47	46	1	55	-6	cell = 16 to 23
36	-59	26	-2	39	-21	-29	-34	cell = 24 to 31
85	8	57	0	19	-17	49	19	cell = 32 to 39
50	38	35	28	48	-26	41	-28	cell = 40 to 47
48	43	49	2	6	15	80	15	cell = 48 to 55
-16	14	28	-1	-2	-58	6	-10	cell = 56 to 63
68	-13	45	4	30	0	60	-16	cell = 64 to 71
52	-34	40	-3	10	-3	83	-37	cell = 72 to 79
20	-30	71	-12	47	0	11	18	cell = 80 to 87
39	21	49	-22	37	-6	39	-11	cell = 88 to 95
34	13	25	-27	26	-23	14	-9	cell = 96 to 103
46	11	44	9	83	8	21	-11	cell = 104 to 111
44	-21	8	-3	44	-5	31	-14	cell = 112 to 119
32	4	31	11	42	11	25	-14	cell = 120 to 127
57	24	22	5	32	-25	31	-21	cell = 128 to 135
57	4	51	10	34	3	23	9	cell = 136 to 143
13	-17	57	21	51	-17	79	-3	cell = 144 to 151
40	-2	32	23	22	14	48	11	cell = 152 to 159
11	-6	40	-14	45	18	49	-5	cell = 160 to 167
38	-28	72	-18	15	-24	53	-26	cell = 168 to 175
45	-5	37	-6	69	2	97	12	cell = 176 to 183
67	-21	52	-41	52	-10	49	-42	cell = 184 to 191
30	6	33	-23	69	15	63	14	cell = 192 to 199
11	-2	7	-7	78	-33	25	10	cell = 200 to 207
37	-42	38	-43	26	20	18	-6	cell = 208 to 215
39	-8	58	10	53	-21	58	-26	cell = 216 to 223
37	7	48	-25	88	13	27	-16	cell = 224 to 231
19	7	18	-29	72	-20	76	-11	cell = 232 to 239
40	-27	21	28	38	5	47	-11	cell = 240 to 247
39	-7	59	-3	58	-4	71	-3	cell = 248 to 255
40	-18	3	-18	42	-17	68	-36	cell = 256 to 263
48	8	82	-21	57	-2	33	-20	cell = 264 to 271
29	6	18	-20	19	-5	38	8	cell = 272 to 279
35	40	61	-20	28	4	1	-22	cell = 280 to 287
50	11	35	21	47	-6	34	4	cell = 288 to 295
20	-29	55	1	37	28	32	-15	cell = 296 to 303
53	11	36	15	51	-13	66	-6	cell = 304 to 311
59	-37	10	-11	33	-3	38	-25	cell = 312 to 319
17	9	76	-28	76	-12	56	16	cell = 320 to 327
28	8	59	-23	48	-20	7	0	cell = 328 to 335
55	18	47	-26	73	13	54	7	cell = 336 to 343
83	-26	22	-15	71	-2	15	-21	cell = 344 to 351
33	20	61	-38	62	-34	55	16	cell = 352 to 359
55	3	51	4	66	-17	16	-21	cell = 360 to 367
83	22	59	-28	62	3	66	11	cell = 368 to 375
8	7	29	-11	36	-5	16	18	cell = 376 to 383
58	19	67	18	53	-9	30	-3	cell = 384 to 391
70	12	38	-6	3	-23	53	6	cell = 392 to 399
65	-32	52	-15	15	-11	89	4	cell = 400 to 407
34	-10	81	2	25	15	40	-24	cell = 408 to 415
23	3	19	18	13	-55	39	6	cell = 416 to 423
58	0	36	-17	82	2	19	10	cell = 424 to 431
40	-44	70	6	77	-14	48	13	cell = 432 to 439
38	3	4	-23	64	-32	65	-13	cell = 440 to 447
77	-21	62	-52	34	-5	31	-14	cell = 448 to 455
12	31	94	18	81	-21	63	-27	cell = 456 to 463
38	-7	31	16	63	6	45	41	cell = 464 to 471
61	37	82	-15	44	-27	50	-11	cell = 472 to 479
39	-11	13	5	4	-27	15	3	cell = 480 to 487
37	11	52	-38	43	-22	46	-56	cell = 488 to 495
-6	18	-20	-74	3	-98	-45	-100	cell = 496 to 503
56	5	56	-3	44	-25	33	-23	cell = 504 to 511
0	8	-37	-10	0	-3	-55	-11	cell = 512 to 519
1	-36	-15	-19	-47	-34	-63	-3	cell = 520 to 527
-6	-20	-48	-30	15	-20	-40	-4	cell = 528 to 535
-6	-10	-29	-8	-13	-34	-7	-31	cell = 536 to 543
-11	9	-49	-22	0	-18	-17	0	cell = 544 to 551
17	-13	-29	-52	-43	-37	-22	-33	cell = 552 to 559
16	-8	0	3	5	-7	1	-10	cell = 560 to 567
38	7	-43	-18	-25	-12	7	-19	cell = 568 to 575
4	2	-33	-57	-46	-27	-27	-4	cell = 576 to 583
35	-7	-46	9	-11	23	-33	-9	cell = 584 to 591
-8	-8	-17	14	-18	13	0	3	cell = 592 to 599
0	-18	-6	-9	-9	-20	-34	5	cell = 600 to 607
-16	-15	16	-28	-24	-63	21	-27	cell = 608 to 615
-5	35	-8	6	-39	-47	17	-31	cell = 616 to 623
-16	-28	-7	-34	23	-46	-37	-46	cell = 624 to 631
-19	0	-14	-27	-5	-26	10	-48	cell = 632 to 639
-22	-29	-15	-13	-42	-36	-38	-20	cell = 640 to 647
-37	0	-4	-16	9	-39	-26	-9	cell = 648 to 655
-19	-12	-13	-2	-24	-33	-39	2	cell = 656 to 663
-53	-24	-5	-9	6	-5	-14	-13	cell = 664 to 671
-2	16	-19	-55	-9	-3	-28	-3	cell = 672 to 679
-20	0	-11	-63	-5	-46	-28	-6	cell = 680 to 687
-19	-4	-1	-12	-18	13	-47	0	cell = 688 to 695
-5	-3	-14	24	-8	-45	1	-13	cell = 696 to 703
-51	7	5	-4	-40	-12	-19	-13	cell = 704 to 711
-8	-30	17	-10	-19	-15	-26	18	cell = 712 to 719
-24	-19	-35	-29	-9	-17	-23	-13	cell = 720 to 727
5	7	7	-46	-37	-29	-26	-59	cell = 728 to 735
-29	-4	-24	-33	-25	29	-21	-17	cell = 736 to 743
-12	-2	-14	-4	-16	-24	-6	-53	cell = 744 to 751
-23	14	-28	-6	-15	-13	2	-10	cell = 752 to 759
-28	-11	-29	-4	2	-25	-9	-33	cell = 760 to 767
-3	-30	0	-49	-18	-26	-9	-36	cell = 768 to 775
-37	-4	-29	-20	5	-49	-29	-27	cell = 776 to 783
-4	-30	-10	-22	-8	-19	-56	-32	cell = 784 to 791
2	-18	-19	-39	7	-43	-10	7	cell = 792 to 799
-30	-31	-38	-30	-32	-55	30	-27	cell = 800 to 807
1	-23	2	-21	-8	-25	-4	17	cell = 808 to 815
-11	-33	15	-59	-49	5	7	3	cell = 816 to 823
-25	-43	-39	1	-15	22	-51	10	cell = 824 to 831
-11	-50	-39	-5	-13	-10	-56	-30	cell = 832 to 839
-14	14	-33	-6	-28	-5	-33	-4	cell = 840 to 847
-12	-24	-21	-49	-14	-23	27	-31	cell = 848 to 855
0	-41	-25	0	-39	-13	-22	-6	cell = 856 to 863
-10	8	12	-18	-6	-29	-38	-6	cell = 864 to 871
-40	-50	-10	-14	-19	-17	4	-38	cell = 872 to 879
-19	-54	0	11	8	-2	-4	-28	cell = 880 to 887
3	-23	-29	-23	-9	-20	-31	17	cell = 888 to 895
-56	-43	-19	-19	8	9	-28	-44	cell = 896 to 903
-9	-93	-10	26	-1	44	-8	2	cell = 904 to 911
13	-47	-19	14	-62	19	-32	-15	cell = 912 to 919
-33	-17	-43	-25	-38	-9	-25	-31	cell = 920 to 927
-53	-27	-26	-37	-10	-46	-4	-32	cell = 928 to 935
-35	-25	-15	-8	13	-71	-49	-50	cell = 936 to 943
-43	-66	-39	-46	-39	-53	-37	-9	cell = 944 to 951
1	-7	-37	-25	-31	-6	-6	-4	cell = 952 to 959
-23	-24	-6	0	-23	6	-12	-30	cell = 960 to 967
10	3	-12	-29	27	-10	-4	-6	cell = 968 to 975
3	-35	-36	-54	-19	6	-29	-18	cell = 976 to 983
-24	-36	-3	-4	-56	-70	-58	-34	cell = 984 to 991
-19	-31	-35	-18	-15	-10	7	1	cell = 992 to 999
-6	-36	-46	0	-42	12	-7	-32	cell = 1000 to 1007
-28	-20	-33	-39	-31	-31	-14	-29	cell = 1008 to 1015
20	-14	33	9	-12	-32	-20	-22	cell = 1016 to 1023
Calibration values from cell 0 to 1024 for channel 3:

25	8	72	-16	62	8	61	1	cell = 0 to 7
14	-22	76	-9	38	-42	31	1	cell = 8 to 15
90	12	84	-7	2	11	50	-38	cell = 16 to 23
50	-9	22	-38	24	-46	68	-20	cell = 24 to 31
37	6	63	13	39	-11	54	-9	cell = 32 to 39
52	-14	66	-15	23	-5	81	0	cell = 40 to 47
20	3	31	2	55	-15	52	-9	cell = 48 to 55
39	-27	48	-12	4	0	44	37	cell = 56 to 63
44	-5	43	-24	62	-65	18	-26	cell = 64 to 71
56	0	70	-24	31	15	52	-32	cell = 72 to 79
74	-25	51	7	107	-26	88	-22	cell = 80 to 87
57	28	55	-3	57	-23	28	19	cell = 88 to 95
35	-40	10	-12	15	-24	-3	-31	cell = 96 to 103
7	12	30	-23	15	-17	44	29	cell = 104 to 111
53	25	50	-33	18	0	54	-4	cell = 112 to 119
77	3	63	-22	30	0	6	-31	cell = 120 to 127
50	-5	31	-1	17	-4	60	-36	cell = 128 to 135
49	-46	-6	-16	5	-24	71	-9	cell = 136 to 143
55	48	76	-30	57	-16	53	5	cell = 144 to 151
82	21	45	-3	56	-39	48	-30	cell = 152 to 159
84	2	53	-55	55	16	41	2	cell = 160 to 167
39	26	22	-10	92	-31	57	20	cell = 168 to 175
65	20	33	-29	16	29	63	-32	cell = 176 to 183
50	-37	16	-19	55	-27	39	17	cell = 184 to 191
50	9	48	16	5	-12	55	-17	cell = 192 to 199
39	4	50	13	50	-14	90	-31	cell = 200 to 207
48	-33	43	-54	39	-25	86	-33	cell = 208 to 215
35	-21	57	-17	38	-13	41	-7	cell = 216 to 223
33	-10	38	-46	103	-5	84	-10	cell = 224 to 231
89	4	40	-21	57	-3	61	16	cell = 232 to 239
14	-6	78	-1	44	-18	37	13	cell = 240 to 247
45	14	10	19	37	-16	84	-39	cell = 248 to 255
49	-25	44	2	20	-4	62	14	cell = 256 to 263
9	-8	50	6	46	-10	28	-35	cell = 264 to 271
48	-23	43	-25	91	19	87	-34	cell = 272 to 279
43	-31	31	-41	45	-49	32	-37	cell = 280 to 287
57	-16	70	-15	38	-4	39	-30	cell = 288 to 295
44	17	68	0	21	52	58	29	cell = 296 to 303
48	4	1	-19	82	14	40	-23	cell = 304 to 311
62	-31	31	7	75	20	52	-5	cell = 312 to 319
54	-29	47	-24	35	-22	54	4	cell = 320 to 327
26	27	51	4	71	-5	21	-17	cell = 328 to 335
59	14	34	-25	62	9	84	1	cell = 336 to 343
68	-28	51	6	87	-15	66	-26	cell = 344 to 351
35	25	70	-3	79	16	51	-1	cell = 352 to 359
41	-34	34	-32	7	-5	101	46	cell = 360 to 367
89	-43	57	6	55	-37	46	-22	cell = 368 to 375
41	-20	44	-14	33	12	44	-18	cell = 376 to 383
33	-16	45	-26	71	-17	44	-25	cell = 384 to 391
48	4	67	-10	41	35	28	6	cell = 392 to 399
23	9	20	-11	49	-8	55	-49	cell = 400 to 407
39	-43	25	-63	26	18	40	-1	cell = 408 to 415
30	-24	64	-16	30	-26	33	-25	cell = 416 to 423
30	0	60	48	48	8	56	32	cell = 424 to 431
30	-24	47	-11	34	-26	45	-12	cell = 432 to 439
35	-9	84	-27	60	1	44	-48	cell = 440 to 447
25	-14	56	6	8	-13	49	-14	cell = 448 to 455
23	-7	65	-6	24	-47	9	-35	cell = 456 to 463
32	0	62	40	61	13	85	-30	cell = 464 to 471
58	-35	21	-14	78	-43	56	0	cell = 472 to 479
45	50	36	-34	30	11	41	-26	cell = 480 to 487
-4	19	13	-42	40	-37	46	-19	cell = 488 to 495
52	0	-31	-58	-31	-112	-16	-90	cell = 496 to 503
41	24	70	-33	78	-16	63	-38	cell = 504 to 511
-8	-11	-39	-64	-7	2	-37	-22	cell = 512 to 519
-8	-52	-25	-26	-27	-25	33	-26	cell = 520 to 527
-27	-22	10	-43	4	4	7	-34	cell = 528 to 535
-60	-7	-21	-12	-16	-10	0	-20	cell = 536 to 543
-34	-35	-30	-3	-13	-27	6	-24	cell = 544 to 551
-8	-90	-25	0	-37	0	-57	-40	cell = 552 to 559
1	-23	-23	0	-29	-26	-6	-3	cell = 560 to 567
-25	-51	-53	6	-4	-30	-21	-16	cell = 568 to 575
-23	31	-38	-18	-14	-31	6	-32	cell = 576 to 583
-14	-15	-16	-19	-39	-3	-30	-28	cell = 584 to 591
-32	1	6	-2	-20	-13	-21	-17	cell = 592 to 599
8	16	-13	-12	-20	-54	6	-15	cell = 600 to 607
-11	-16	8	-35	-8	-44	-42	-23	cell = 608 to 615
-20	-46	-22	-15	-41	-18	-36	-36	cell = 616 to 623
-8	-29	-35	-36	-29	-14	-8	-46	cell = 624 to 631
35	-12	0	-3	-49	-18	-21	-17	cell = 632 to 639
-18	8	-42	-33	54	-41	-19	-48	cell = 640 to 647
-24	-24	17	-21	7	-26	1	8	cell = 648 to 655
-61	6	4	-17	21	26	-14	-4	cell = 656 to 663
-54	-41	1	-6	-4	-24	-25	8	cell = 664 to 671
-23	-3	-34	-38	16	-45	7	4	cell = 672 to 679
-4	-8	29	-11	-5	-26	17	-8	cell = 680 to 687
13	-16	-10	-19	2	-39	-20	-13	cell = 688 to 695
-28	-28	-23	-21	-30	-12	-17	-64	cell = 696 to 703
-53	-7	-38	-21	-14	-36	-25	28	cell = 704 to 711
-27	-34	-22	-27	-41	-14	-5	-26	cell = 712 to 719
14	13	-4	-11	8	8	-33	-4	cell = 720 to 727
-7	-13	-15	13	-22	36	-3	29	cell = 728 to 735
-6	-58	3	15	41	-38	-9	-55	cell = 736 to 743
20	-20	33	-19	-45	5	-45	0	cell = 744 to 751
-26	-5	-33	-32	15	-6	-34	-12	cell = 752 to 759
-10	-52	-19	-11	0	5	-28	-15	cell = 760 to 767
-12	-4	-17	0	-10	1	-39	-4	cell = 768 to 775
-28	16	-13	2	0	14	14	-6	cell = 776 to 783
-44	-26	4	-3	8	8	-32	-28	cell = 784 to 791
-8	-8	-1	-25	-19	-37	-1	-74	cell = 792 to 799
11	-14	18	9	-21	8	-4	12	cell = 800 to 807
-32	-20	-14	-15	3	-68	-23	-9	cell = 808 to 815
-9	-16	-23	-39	21	-12	8	-4	cell = 816 to 823
-5	28	-33	-31	-24	-37	9	-17	cell = 824 to 831
16	-6	-28	-11	-19	10	-5	-33	cell = 832 to 839
-24	-42	-27	24	-59	-7	-18	11	cell = 840 to 847
8	-13	-15	-47	-13	-61	6	-7	cell = 848 to 855
6	-54	-19	-30	-24	-44	-3	-20	cell = 856 to 863
-28	-5	-10	-2	-4	-59	-34	-28	cell = 864 to 871
-26	-20	-13	10	-17	-18	-30	-32	cell = 872 to 879
-8	-47	21	-9	6	-61	2	13	cell = 880 to 887
-14	-14	-31	-52	-21	-23	11	-34	cell = 888 to 895
-71	-37	-25	-60	-44	-11	-30	-25	cell = 896 to 903
-67	-30	-5	-7	-64	-2	-39	-45	cell = 904 to 911
-9	10	-42	-33	0	-33	-50	-28	cell = 912 to 919
-28	-31	-10	-30	27	-35	16	-6	cell = 920 to 927
-30	-38	-38	-36	29	-1	-19	-3	cell = 928 to 935
-64	-10	-25	-13	9	9	-24	-37	cell = 936 to 943
-31	-15	6	-10	5	-39	-22	-33	cell = 944 to 951
-43	-6	-15	-22	1	-19	-26	6	cell = 952 to 959
-59	-27	-36	-2	-3	-46	-36	-30	cell = 960 to 967
-14	-53	-30	-52	-52	24	-75	0	cell = 968 to 975
-26	-40	-60	7	-30	-5	-26	3	cell = 976 to 983
-31	-4	-26	-29	4	-27	-38	-6	cell = 984 to 991
3	-26	-30	-2	-36	-27	-36	4	cell = 992 to 999
-39	-51	-49	-7	-24	-42	-56	-15	cell = 1000 to 1007
4	13	-15	-24	-33	-45	-19	-29	cell = 1008 to 1015
-22	-23	-65	22	-19	11	-29	-15	cell = 1016 to 1023
Calibration values from cell 0 to 1024 for channel 4:

63	-9	84	-47	43	-31	40	-7	cell = 0 to 7
4	-55	18	4	44	17	47	-40	cell = 8 to 15
69	4	75	-35	20	27	48	-10	cell = 16 to 23
-4	-35	67	-21	68	13	38	-6	cell = 24 to 31
36	-15	71	-15	49	-40	94	-6	cell = 32 to 39
34	5	22	-48	26	-4	69	-27	cell = 40 to 47
55	44	77	-25	14	-23	38	39	cell = 48 to 55
53	-3	27	5	6	-10	2	-23	cell = 56 to 63
58	4	51	7	55	1	48	20	cell = 64 to 71
31	17	39	-2	67	13	26	-43	cell = 72 to 79
25	-8	52	-2	46	-28	21	-12	cell = 80 to 87
34	-18	48	-2	21	-10	45	2	cell = 88 to 95
62	-11	53	-16	34	-1	37	-26	cell = 96 to 103
78	34	34	13	59	-32	61	-6	cell = 104 to 111
65	-31	78	6	25	11	14	-19	cell = 112 to 119
61	25	26	19	61	5	48	-28	cell = 120 to 127
2	14	60	-41	-1	-27	34	8	cell = 128 to 135
76	-2	59	-19	48	33	57	-9	cell = 136 to 143
54	6	63	42	76	-19	21	8	cell = 144 to 151
44	-14	81	-28	39	6	46	38	cell = 152 to 159
17	12	63	-39	56	-23	23	-15	cell = 160 to 167
54	13	33	4	60	-6	35	-13	cell = 168 to 175
52	-22	51	6	40	-28	24	-1	cell = 176 to 183
73	-23	64	-49	56	-43	25	-42	cell = 184 to 191
81	7	37	-13	58	-3	47	-22	cell = 192 to 199
82	11	15	-40	20	10	14	-22	cell = 200 to 207
31	24	73	9	41	16	40	7	cell = 208 to 215
35	-14	44	19	40	-9	43	-58	cell = 216 to 223
45	-9	54	-48	-2	17	62	10	cell = 224 to 231
-2	-18	38	-20	28	22	73	5	cell = 232 to 239
61	-56	19	-2	29	34	72	-24	cell = 240 to 247
79	-3	6	-31	15	8	48	-23	cell = 248 to 255
59	11	56	-19	19	18	40	-29	cell = 256 to 263
31	-2	40	4	50	-16	69	38	cell = 264 to 271
19	-24	32	-23	63	-13	56	12	cell = 272 to 279
-10	-6	10	-24	86	-23	16	-34	cell = 280 to 287
79	14	48	14	8	10	69	17	cell = 288 to 295
30	-4	58	-14	61	-9	74	0	cell = 296 to 303
39	-12	25	-14	49	-34	30	14	cell = 304 to 311
43	15	43	1	15	-39	37	-35	cell = 312 to 319
68	14	38	-15	13	-16	31	7	cell = 320 to 327
35	-41	35	34	24	-20	70	32	cell = 328 to 335
37	38	37	-57	32	38	34	-3	cell = 336 to 343
76	-2	20	-3	61	19	39	-28	cell = 344 to 351
58	-18	33	-31	16	3	38	7	cell = 352 to 359
25	3	30	3	58	-11	39	40	cell = 360 to 367
48	-23	34	-51	49	-6	54	2	cell = 368 to 375
52	21	26	-10	79	-18	45	-3	cell = 376 to 383
48	26	56	-25	53	-3	39	-12	cell = 384 to 391
49	7	45	-1	29	15	82	3	cell = 392 to 399
77	-3	54	-19	57	-31	54	-45	cell = 400 to 407
69	-3	64	-42	32	19	9	-11	cell = 408 to 415
61	-26	53	10	77	-1	27	-30	cell = 416 to 423
53	-14	36	33	25	-35	51	12	cell = 424 to 431
31	2	50	-5	20	-33	38	15	cell = 432 to 439
11	-6	57	-11	33	-18	56	-8	cell = 440 to 447
65	-39	21	-9	61	-54	75	-12	cell = 448 to 455
10	-39	13	-12	41	2	38	-16	cell = 456 to 463
67	-28	49	-2	70	19	21	6	cell = 464 to 471
35	30	51	-24	73	-6	44	22	cell = 472 to 479
68	33	46	-56	22	-22	23	-14	cell = 480 to 487
51	-4	68	4	38	18	39	-22	cell = 488 to 495
51	0	-5	-71	-11	-49	-21	-53	cell = 496 to 503
64	3	17	-31	51	-46	13	-27	cell = 504 to 511
-13	-31	-37	8	-62	12	-63	-36	cell = 512 to 519
10	-30	-43	-4	-20	9	11	-15	cell = 520 to 527
-31	-39	-35	-1	-47	4	2	-23	cell = 528 to 535
-16	-5	-46	-43	20	-21	-5	-26	cell = 536 to 543
-41	-32	8	-22	-21	-41	-29	-57	cell = 544 to 551
0	-21	-33	29	-28	-42	-39	0	cell = 552 to 559
13	0	-8	-12	2	6	-69	-26	cell = 560 to 567
-21	-17	14	-23	14	-32	15	-8	cell = 568 to 575
0	-20	-12	-9	-5	-16	-41	-11	cell = 576 to 583
13	-34	-38	-3	2	-7	-17	-33	cell = 584 to 591
-32	-1	40	-33	-6	-35	33	-16	cell = 592 to 599
-22	-16	-49	38	20	7	-60	0	cell = 600 to 607
-28	-19	-23	-5	-10	-39	-18	-5	cell = 608 to 615
6	-28	39	-21	-5	-8	-11	-16	cell = 616 to 623
-8	-15	-26	-30	-30	-44	10	-46	cell = 624 to 631
10	-37	10	-3	-42	-2	-29	-8	cell = 632 to 639
0	-45	5	9	-26	2	-15	-55	cell = 640 to 647
0	-59	14	-9	-35	-30	-41	-19	cell = 648 to 655
1	-18	-4	1	18	-8	-26	6	cell = 656 to 663
9	-7	-52	-17	-7	-28	-10	-22	cell = 664 to 671
12	-52	-26	-11	-5	-10	-18	-13	cell = 672 to 679
4	-29	7	-20	-13	-44	-9	-7	cell = 680 to 687
-6	6	4	36	5	-33	10	9	cell = 688 to 695
-6	-2	2	-14	-54	-34	4	-7	cell = 696 to 703
-20	-46	-12	3	9	-57	-26	-35	cell = 704 to 711
-32	-60	-17	-17	2	-23	-30	-15	cell = 712 to 719
-13	0	-10	-24	14	-19	-38	-11	cell = 720 to 727
-5	12	-41	10	-42	-9	-41	-24	cell = 728 to 735
-27	-6	-39	-11	-17	-19	-3	13	cell = 736 to 743
-4	-24	1	-29	-49	-30	-48	-10	cell = 744 to 751
8	-26	2	-30	-22	-8	-45	5	cell = 752 to 759
-12	-62	-21	-14	-20	-6	-42	24	cell = 760 to 767
-28	-23	-31	1	-33	-41	-13	-37	cell = 768 to 775
-1	8	-24	7	-46	-32	-30	-37	cell = 776 to 783
-35	18	-29	-39	-31	26	-20	-29	cell = 784 to 791
-36	-10	-41	22	-36	16	-23	29	cell = 792 to 799
-40	-49	17	-29	-9	-9	-25	-20	cell = 800 to 807
-4	-36	-25	-3	-35	-5	-27	-32	cell = 808 to 815
-36	-12	-3	-26	-18	-35	-23	7	cell = 816 to 823
-12	-61	-37	3	5	-1	-26	-56	cell = 824 to 831
9	-72	-6	35	-8	6	-38	-13	cell = 832 to 839
-31	7	-28	5	7	-10	-42	-21	cell = 840 to 847
-10	-31	-12	-34	-12	-31	30	11	cell = 848 to 855
-33	16	1	-25	-18	-19	-22	-7	cell = 856 to 863
-45	-58	-8	-41	-40	-36	-15	15	cell = 864 to 871
43	-15	-24	-34	2	-11	-59	0	cell = 872 to 879
-41	5	-34	-47	2	3	-39	-26	cell = 880 to 887
-31	-24	-10	-26	-7	-68	-29	-24	cell = 888 to 895
-29	-3	5	-52	-46	-63	-61	-10	cell = 896 to 903
-17	-25	-23	-34	-26	-12	-33	-2	cell = 904 to 911
-22	9	-7	-93	-13	-43	0	-30	cell = 912 to 919
-27	-55	-6	-11	0	1	3	3	cell = 920 to 927
-61	-20	-25	18	-43	-38	-61	-68	cell = 928 to 935
3	-37	-8	0	4	-27	-39	-29	cell = 936 to 943
-8	-12	-29	14	-28	-40	-20	-24	cell = 944 to 951
-14	-17	-38	21	8	-29	-65	-37	cell = 952 to 959
-69	-31	-13	-35	-31	-19	-48	11	cell = 960 to 967
-1	-11	-10	1	-11	-53	-25	-15	cell = 968 to 975
1	16	-30	-4	-3	-7	-28	-28	cell = 976 to 983
-40	-21	-15	0	-37	-33	-52	-33	cell = 984 to 991
-15	-13	-7	-3	6	-46	-7	-7	cell = 992 to 999
-10	-46	-45	-2	-21	-2	21	27	cell = 1000 to 1007
10	5	-12	-10	0	-30	-36	-33	cell = 1008 to 1015
-2	3	-63	-26	-51	-30	-32	-26	cell = 1016 to 1023
Calibration values from cell 0 to 1024 for channel 5:

24	12	46	-32	21	41	58	-16	cell = 0 to 7
102	-38	49	-23	50	-3	27	-33	cell = 8 to 15
66	11	26	-35	78	19	27	7	cell = 16 to 23
74	-10	51	-22	10	-40	-1	-18	cell = 24 to 31
48	12	15	-64	40	-2	35	12	cell = 32 to 39
20	-19	68	-30	55	5	69	-5	cell = 40 to 47
33	17	53	-13	50	-29	68	-31	cell = 48 to 55
3	-13	65	-23	-8	2	59	3	cell = 56 to 63
12	13	50	-14	32	-2	58	-17	cell = 64 to 71
41	-17	51	1	76	-25	28	-42	cell = 72 to 79
50	-35	33	4	66	-6	69	-4	cell = 80 to 87
61	-3	74	20	35	-9	88	11	cell = 88 to 95
29	-1	33	-67	18	20	40	-23	cell = 96 to 103
88	27	54	1	48	-33	93	-23	cell = 104 to 111
56	-9	42	-59	54	-32	78	-7	cell = 112 to 119
20	-44	61	-7	34	-33	0	-7	cell = 120 to 127
82	0	45	0	38	-8	89	31	cell = 128 to 135
0	4	39	-5	24	-8	12	-18	cell = 136 to 143
106	-21	51	-35	20	-5	50	0	cell = 144 to 151
43	10	58	-32	54	-8	49	4	cell = 152 to 159
23	12	21	-5	39	12	32	1	cell = 160 to 167
64	-2	28	1	23	8	12	5	cell = 168 to 175
28	-69	64	1	51	-18	32	45	cell = 176 to 183
29	-1	47	8	17	-6	52	-17	cell = 184 to 191
52	-17	15	-17	30	-29	37	-45	cell = 192 to 199
65	-40	49	12	72	1	33	-39	cell = 200 to 207
33	12	21	26	58	17	45	-16	cell = 208 to 215
41	-6	50	-18	40	32	74	-13	cell = 216 to 223
41	-4	32	11	58	-5	57	28	cell = 224 to 231
42	-15	36	10	104	0	59	-14	cell = 232 to 239
36	-21	51	-26	40	6	3	-27	cell = 240 to 247
29	-38	76	-9	74	-43	53	17	cell = 248 to 255
30	23	86	14	16	-3	29	-7	cell = 256 to 263
32	-22	78	-24	42	31	20	-1	cell = 264 to 271
5	20	71	0	32	-35	53	-13	cell = 272 to 279
27	24	72	10	82	0	62	-17	cell = 280 to 287
47	-7	-5	-45	13	-41	47	-28	cell = 288 to 295
73	10	54	11	-12	17	38	-4	cell = 296 to 303
0	-10	108	-8	25	-50	72	-73	cell = 304 to 311
38	-19	34	19	26	5	52	-14	cell = 312 to 319
8	-53	30	5	60	-14	12	-5	cell = 320 to 327
67	-18	38	0	56	-5	28	-11	cell = 328 to 335
30	-3	56	-31	10	-50	64	12	cell = 336 to 343
31	8	70	-15	49	-43	20	-5	cell = 344 to 351
32	-20	32	-4	30	0	48	33	cell = 352 to 359
32	5	50	-4	53	-6	37	-26	cell = 360 to 367
39	-3	35	15	53	-1	67	-19	cell = 368 to 375
98	14	36	-8	40	-14	62	0	cell = 376 to 383
37	23	54	-15	25	-12	23	-28	cell = 384 to 391
21	-64	34	-24	33	8	39	-7	cell = 392 to 399
46	1	32	-12	23	-15	51	11	cell = 400 to 407
84	-26	28	-4	55	14	39	-8	cell = 408 to 415
68	-17	43	2	28	-1	10	-14	cell = 416 to 423
30	-43	10	-1	34	5	60	4	cell = 424 to 431
31	-27	45	10	38	-19	68	6	cell = 432 to 439
3	10	50	-5	71	16	2	0	cell = 440 to 447
39	-7	49	-60	33	-18	72	22	cell = 448 to 455
62	-9	47	-18	60	-28	39	-2	cell = 456 to 463
34	1	79	-51	60	37	56	-9	cell = 464 to 471
36	50	58	-9	17	-23	65	-41	cell = 472 to 479
77	0	50	4	17	14	69	11	cell = 480 to 487
42	5	40	16	29	-5	15	-52	cell = 488 to 495
81	-29	-56	-52	0	-84	6	-90	cell = 496 to 503
62	-34	11	-3	57	-20	29	-56	cell = 504 to 511
-5	-38	-54	18	-20	-45	23	-25	cell = 512 to 519
-3	-40	6	7	-35	6	-37	-25	cell = 520 to 527
0	-6	-34	4	-14	-37	-20	-10	cell = 528 to 535
-14	-45	-55	-15	-6	-11	-19	15	cell = 536 to 543
-39	-11	-14	-20	-31	-32	-41	0	cell = 544 to 551
-47	-9	-2	-5	-32	-6	-2	-20	cell = 552 to 559
-2	26	-34	-40	-30	-39	-9	-25	cell = 560 to 567
59	12	-37	-41	-31	-13	-38	-28	cell = 568 to 575
-49	-39	-16	-65	-24	-8	-26	-33	cell = 576 to 583
-5	-39	-41	-24	-11	-6	-47	7	cell = 584 to 591
-28	-21	-37	-26	0	4	-57	-12	cell = 592 to 599
21	-14	-22	-13	-16	-47	-25	-34	cell = 600 to 607
-30	-23	2	27	2	-7	2	-13	cell = 608 to 615
-10	-43	-13	-13	-11	-57	37	-14	cell = 616 to 623
-12	-7	5	11	13	27	-7	-34	cell = 624 to 631
-28	14	-41	-31	-36	21	-47	-24	cell = 632 to 639
-14	-8	-75	6	-33	-3	-32	24	cell = 640 to 647
-17	-38	-37	18	15	8	-25	-38	cell = 648 to 655
-1	-42	-58	-25	27	-27	22	45	cell = 656 to 663
17	-16	11	-41	21	0	-8	-8	cell = 664 to 671
-25	-61	3	-6	-11	-21	-12	-26	cell = 672 to 679
-27	-4	-49	-26	-6	-14	-32	-39	cell = 680 to 687
-21	-2	2	-34	-21	-25	-25	-8	cell = 688 to 695
-42	-27	-1	-13	19	-50	-56	-36	cell = 696 to 703
-35	-8	18	-18	-45	-4	-7	-29	cell = 704 to 711
-16	-28	65	17	-10	-16	0	-12	cell = 712 to 719
-23	-8	-23	-19	-31	0	-34	12	cell = 720 to 727
22	-7	-27	21	10	8	-52	-31	cell = 728 to 735
-54	3	28	-27	-32	-18	-16	15	cell = 736 to 743
-14	19	-52	-18	-17	-19	-35	-21	cell = 744 to 751
-35	-18	-11	-49	-2	-17	-12	-31	cell = 752 to 759
-31	-35	9	-41	16	1	-55	-27	cell = 760 to 767
-37	-34	-2	19	6	-3	-16	-8	cell = 768 to 775
-14	-38	-26	-6	-36	-17	10	-23	cell = 776 to 783
-16	-34	17	9	-2	8	43	17	cell = 784 to 791
-3	2	-18	-45	13	-1	-30	-7	cell = 792 to 799
15	-38	-59	8	33	-33	-22	-9	cell = 800 to 807
-26	-13	-15	-26	-29	39	-7	-29	cell = 808 to 815
-24	-43	-9	-21	-54	-4	-15	12	cell = 816 to 823
12	-31	-20	18	-11	-13	-24	-8	cell = 824 to 831
-5	-36	-26	-13	-30	-39	-38	-46	cell = 832 to 839
-39	-29	21	-13	-14	-20	-46	-64	cell = 840 to 847
12	-27	2	-26	-12	-2	-2	-14	cell = 848 to 855
-9	-19	-2	-65	0	-43	-36	6	cell = 856 to 863
-12	-60	-28	-38	-38	-11	-10	-18	cell = 864 to 871
-14	-11	2	-9	-13	16	-11	-1	cell = 872 to 879
-16	-21	-19	-4	-20	-15	0	-13	cell = 880 to 887
-8	-13	-38	-9	-25	17	-2	-35	cell = 888 to 895
-27	5	1	-9	-21	-75	-5	-37	cell = 896 to 903
-55	-24	-20	15	13	10	-17	-4	cell = 904 to 911
1	4	-2	-22	-14	13	-50	19	cell = 912 to 919
9	-32	-52	-19	-9	-2	-46	-41	cell = 920 to 927
-23	-25	-21	-25	15	-74	-32	-15	cell = 928 to 935
-19	-49	0	-22	-19	4	-3	-6	cell = 936 to 943
-1	-22	-5	-44	-50	-53	-15	-15	cell = 944 to 951
-32	4	-19	-22	-29	-37	-36	-18	cell = 952 to 959
-7	-33	-73	9	19	-35	-20	-39	cell = 960 to 967
-14	-23	-38	46	-41	-50	-18	-39	cell = 968 to 975
-53	-11	-45	-3	-33	-47	0	-17	cell = 976 to 983
-27	-11	-27	-19	-45	16	-27	-37	cell = 984 to 991
-44	-19	-56	8	-12	-24	-45	0	cell = 992 to 999
-30	-41	-18	1	19	-21	4	13	cell = 1000 to 1007
-21	-47	-26	-9	-35	-17	-5	-8	cell = 1008 to 1015
-38	-18	-35	-12	-35	-38	14	-23	cell = 1016 to 1023
Calibration values from cell 0 to 1024 for channel 6:

46	-20	53	-50	49	8	90	-23	cell = 0 to 7
59	-38	80	23	31	9	49	-37	cell = 8 to 15
27	-20	47	-6	47	-39	17	-48	cell = 16 to 23
83	-4	36	-15	38	-44	49	-31	cell = 24 to 31
36	-12	39	29	28	-21	36	-1	cell = 32 to 39
18	4	68	-34	15	19	17	-15	cell = 40 to 47
27	-1	59	-18	35	-10	72	-15	cell = 48 to 55
28	-1	45	-28	32	-42	64	3	cell = 56 to 63
60	7	103	1	33	2	41	5	cell = 64 to 71
39	12	49	-23	30	-30	82	-45	cell = 72 to 79
49	-34	63	-45	57	3	35	12	cell = 80 to 87
28	-26	51	-45	38	-11	31	-60	cell = 88 to 95
33	9	41	-39	44	-5	50	10	cell = 96 to 103
11	3	41	-35	58	3	68	-15	cell = 104 to 111
59	0	26	-19	32	-19	31	3	cell = 112 to 119
59	-2	23	7	77	-14	99	-17	cell = 120 to 127
31	3	56	-44	33	11	23	-37	cell = 128 to 135
28	-21	69	-18	45	-27	54	-46	cell = 136 to 143
18	5	44	-22	42	11	75	0	cell = 144 to 151
25	11	55	-30	39	-42	72	-25	cell = 152 to 159
78	-35	32	29	70	17	28	-10	cell = 160 to 167
57	14	23	-36	45	9	59	7	cell = 168 to 175
34	13	31	-7	47	-20	8	17	cell = 176 to 183
31	8	60	-31	57	-22	27	16	cell = 184 to 191
73	-16	0	-29	33	23	22	-13	cell = 192 to 199
35	-5	26	-8	47	2	63	-46	cell = 200 to 207
37	-36	40	-22	51	34	43	8	cell = 208 to 215
55	3	45	2	39	15	56	-32	cell = 216 to 223
26	-29	42	4	34	-18	31	15	cell = 224 to 231
50	25	33	13	51	6	38	28	cell = 232 to 239
19	2	66	14	27	7	54	7	cell = 240 to 247
27	0	27	14	78	-7	26	-22	cell = 248 to 255
12	24	31	3	28	-29	61	-7	cell = 256 to 263
71	-40	18	19	24	-62	68	-40	cell = 264 to 271
73	-14	23	-27	62	-33	63	-22	cell = 272 to 279
11	-27	56	2	32	13	74	-5	cell = 280 to 287
88	-20	62	-42	12	-47	131	-53	cell = 288 to 295
50	-17	61	-8	66	-15	61	6	cell = 296 to 303
52	-18	48	3	49	21	62	-24	cell = 304 to 311
16	-2	4	14	64	23	32	13	cell = 312 to 319
6	1	45	-3	51	-32	48	1	cell = 320 to 327
36	13	47	6	42	16	65	-11	cell = 328 to 335
18	34	40	-1	64	-14	54	-13	cell = 336 to 343
74	6	79	-11	54	46	21	7	cell = 344 to 351
45	-20	66	17	53	32	34	0	cell = 352 to 359
31	-2	62	-39	76	-10	52	-29	cell = 360 to 367
29	33	45	-37	53	-38	59	-38	cell = 368 to 375
41	8	10	-53	95	47	44	26	cell = 376 to 383
16	0	79	9	59	17	41	27	cell = 384 to 391
101	-31	62	-18	74	19	87	-17	cell = 392 to 399
76	-19	34	-31	36	10	102	-12	cell = 400 to 407
67	-24	30	8	26	-18	53	-13	cell = 408 to 415
29	16	24	-13	-9	32	72	-33	cell = 416 to 423
26	-26	26	1	15	-14	71	-32	cell = 424 to 431
52	19	76	20	48	1	25	-27	cell = 432 to 439
54	1	79	10	73	-11	80	0	cell = 440 to 447
22	-21	45	-26	45	-4	51	30	cell = 448 to 455
47	-15	43	-24	56	-26	75	-33	cell = 456 to 463
4	-4	32	-14	48	-3	60	23	cell = 464 to 471
19	-39	34	16	66	-21	41	-15	cell = 472 to 479
40	-12	65	12	29	-21	29	-14	cell = 480 to 487
37	-38	54	4	29	18	52	-8	cell = 488 to 495
26	9	-19	-79	-16	-88	-12	-94	cell = 496 to 503
64	7	34	1	42	30	91	-12	cell = 504 to 511
-12	-5	-12	-17	-8	-28	-24	-51	cell = 512 to 519
-31	-4	-30	-9	-11	-35	-33	2	cell = 520 to 527
-33	-22	-31	1	11	-12	5	-16	cell = 528 to 535
-17	12	-19	-4	-21	26	13	-3	cell = 536 to 543
-7	-22	-11	-34	-21	-31	-46	-14	cell = 544 to 551
-46	-10	-1	-19	-29	-21	-31	-22	cell = 552 to 559
6	-18	-15	8	-7	-21	-10	17	cell = 560 to 567
-53	-38	7	-45	-44	-51	-10	-27	cell = 568 to 575
-32	-53	-31	-50	-32	-42	-30	-6	cell = 576 to 583
-45	-42	-20	0	-26	-34	-37	-15	cell = 584 to 591
-13	-16	-36	-28	4	-1	-21	-24	cell = 592 to 599
-35	-22	-37	-5	-35	-16	-11	-34	cell = 600 to 607
0	-52	-31	1	9	-21	-42	-89	cell = 608 to 615
-22	-72	-8	-10	-16	-7	1	1	cell = 616 to 623
-17	12	-5	28	-26	-14	40	-38	cell = 624 to 631
-12	-53	-1	-52	-33	-2	-4	-40	cell = 632 to 639
-29	-37	-21	4	-34	-42	-8	-21	cell = 640 to 647
-27	-14	28	-55	-2	-23	6	-26	cell = 648 to 655
12	24	5	-9	-27	-25	-19	7	cell = 656 to 663
-1	-13	-36	-17	-20	-14	27	-43	cell = 664 to 671
-4	0	29	-39	-9	-25	1	5	cell = 672 to 679
8	-42	11	-33	9	15	-33	0	cell = 680 to 687
-19	-28	-25	-12	-2	-2	17	-56	cell = 688 to 695
-16	-6	-58	-26	-10	15	-33	-13	cell = 696 to 703
-52	17	-39	-22	-58	-40	-16	-25	cell = 704 to 711
-5	-24	-21	-28	-22	-16	-45	-9	cell = 712 to 719
11	-28	-58	-53	-2	-32	-19	-12	cell = 720 to 727
-40	-26	-25	-46	-22	-32	-14	-48	cell = 728 to 735
6	-36	-7	-34	-51	0	2	-5	cell = 736 to 743
14	-18	-7	-11	-41	8	-15	12	cell = 744 to 751
-35	-17	-22	-30	21	23	-3	-25	cell = 752 to 759
-10	17	-59	-23	-30	-12	-29	-37	cell = 760 to 767
-16	-38	-17	-29	-35	-14	-12	-6	cell = 768 to 775
-18	0	-32	1	-10	-11	-5	-36	cell = 776 to 783
7	-20	-20	18	-42	-65	-28	-2	cell = 784 to 791
-2	6	-4	-28	3	-27	-7	-51	cell = 792 to 799
-21	-45	20	19	-10	-29	-8	-22	cell = 800 to 807
-39	-17	-21	-8	11	11	-14	-21	cell = 808 to 815
-40	-19	-16	6	-10	-16	-36	-26	cell = 816 to 823
-1	-23	-49	-61	-25	-35	-8	-21	cell = 824 to 831
-63	-24	-45	-35	11	-17	-16	-20	cell = 832 to 839
-28	10	-2	-35	-37	1	8	-15	cell = 840 to 847
-13	-17	0	-7	-38	-3	-11	24	cell = 848 to 855
2	-4	-11	-3	-41	-22	-3	-8	cell = 856 to 863
0	-13	-39	-40	-17	-18	-13	-35	cell = 864 to 871
-35	-25	-26	-9	27	12	-15	-28	cell = 872 to 879
-13	-19	-62	-2	-20	-13	-15	25	cell = 880 to 887
-16	-13	-2	-7	19	-14	-4	-33	cell = 888 to 895
7	-34	-50	-42	-14	-27	-42	3	cell = 896 to 903
-59	-6	5	-35	18	-34	-52	-38	cell = 904 to 911
-5	27	-37	-35	-38	-46	-49	40	cell = 912 to 919
-11	-21	-24	10	0	-7	-61	-44	cell = 920 to 927
-12	-29	2	12	-5	-48	-21	-18	cell = 928 to 935
-77	-10	-27	-33	-19	-24	-12	13	cell = 936 to 943
-35	-56	-9	-28	0	-53	-22	-35	cell = 944 to 951
36	-16	-4	16	-55	-51	-7	-8	cell = 952 to 959
-5	1	-30	-27	-5	-18	7	-14	cell = 960 to 967
-7	-33	-68	-21	-14	-5	-38	-13	cell = 968 to 975
-22	-47	-6	4	-7	-24	-9	-8	cell = 976 to 983
-11	-17	-50	6	0	-30	-56	-25	cell = 984 to 991
-30	-10	-63	-24	-10	-6	-30	3	cell = 992 to 999
-47	-23	2	-8	-13	21	7	-23	cell = 1000 to 1007
-25	-30	6	-37	-8	3	-15	-15	cell = 1008 to 1015
-35	-34	-30	13	-5	-48	-49	-6	cell = 1016 to 1023
Calibration values from cell 0 to 1024 for channel 7:

43	-37	32	-39	45	-45	40	-47	cell = 0 to 7
46	9	14	-34	18	-19	55	-9	cell = 8 to 15
60	-16	35	-35	28	-28	68	-23	cell = 16 to 23
32	-31	5	-3	43	-31	12	-49	cell = 24 to 31
34	-12	96	8	79	-3	78	8	cell = 32 to 39
38	-18	58	-2	64	-16	53	16	cell = 40 to 47
25	13	51	-67	52	-33	10	7	cell = 48 to 55
40	-30	24	-10	54	-5	35	1	cell = 56 to 63
43	-49	82	-17	33	-21	12	-26	cell = 64 to 71
44	18	64	34	46	-14	45	-32	cell = 72 to 79
70	13	63	-7	14	-28	65	-32	cell = 80 to 87
26	2	41	-25	14	9	62	-30	cell = 88 to 95
76	-14	64	-13	-7	-23	57	25	cell = 96 to 103
43	19	39	-28	54	14	55	-17	cell = 104 to 111
46	1	22	-27	73	-3	39	35	cell = 112 to 119
89	-23	41	-37	40	-18	22	-8	cell = 120 to 127
-8	-21	54	-29	32	-6	44	-17	cell = 128 to 135
50	28	25	-19	39	-35	58	18	cell = 136 to 143
75	-15	67	-19	59	-29	31	-5	cell = 144 to 151
17	-38	27	2	66	19	41	-12	cell = 152 to 159
42	9	70	-12	58	10	45	-58	cell = 160 to 167
16	-12	52	-40	20	-56	36	-34	cell = 168 to 175
34	-10	42	-31	67	-40	47	-18	cell = 176 to 183
51	31	21	10	44	11	21	-17	cell = 184 to 191
27	14	59	-60	33	-8	72	-34	cell = 192 to 199
30	1	68	-3	53	8	80	-27	cell = 200 to 207
38	-7	64	-16	41	5	65	7	cell = 208 to 215
7	-4	38	-50	71	0	39	32	cell = 216 to 223
53	8	-20	-8	32	3	47	26	cell = 224 to 231
2	-8	14	24	43	3	80	-47	cell = 232 to 239
-9	28	30	-46	53	2	61	13	cell = 240 to 247
33	18	37	47	8	-12	15	-17	cell = 248 to 255
33	-7	87	-34	61	14	68	-36	cell = 256 to 263
34	-23	33	-23	7	-1	47	-5	cell = 264 to 271
59	12	-13	17	25	-67	74	-24	cell = 272 to 279
63	-4	72	23	84	7	2	-20	cell = 280 to 287
10	7	97	-17	68	-19	72	-23	cell = 288 to 295
25	-15	9	-37	50	3	21	-31	cell = 296 to 303
18	6	49	-25	59	-6	66	-27	cell = 304 to 311
77	5	5	-17	22	-13	40	8	cell = 312 to 319
20	0	49	-2	52	-6	67	-6	cell = 320 to 327
51	-13	65	7	21	2	20	-13	cell = 328 to 335
70	31	67	-28	27	3	76	-33	cell = 336 to 343
10	4	52	-2	27	13	30	-52	cell = 344 to 351
-5	10	20	-22	80	9	47	7	cell = 352 to 359
62	45	56	-18	30	-55	43	-29	cell = 360 to 367
15	-21	39	10	65	-29	72	-31	cell = 368 to 375
75	4	42	26	62	20	50	-9	cell = 376 to 383
33	45	84	-23	33	-24	73	-46	cell = 384 to 391
18	-22	42	2	31	11	98	-51	cell = 392 to 399
36	-6	38	5	76	-17	49	-28	cell = 400 to 407
62	8	59	-12	49	-54	24	-23	cell = 408 to 415
39	-22	61	-16	61	-27	35	-8	cell = 416 to 423
65	2	36	1	50	14	41	-24	cell = 424 to 431
27	-5	46	-32	48	-15	105	-26	cell = 432 to 439
34	-19	51	-22	42	-4	61	-30	cell = 440 to 447
32	38	47	26	46	15	64	-12	cell = 448 to 455
42	-10	25	-3	94	-20	42	23	cell = 456 to 463
38	-32	55	-39	75	-5	13	-36	cell = 464 to 471
58	37	43	4	50	-25	71	-13	cell = 472 to 479
21	-6	58	-25	81	9	13	16	cell = 480 to 487
47	9	52	7	43	-40	29	-28	cell = 488 to 495
63	-34	-8	-121	-44	-68	-68	-107	cell = 496 to 503
38	49	16	-13	35	5	48	-44	cell = 504 to 511
-3	-23	-32	-25	-22	9	-23	-28	cell = 512 to 519
-8	-19	-7	-31	15	-34	11	-20	cell = 520 to 527
-34	-18	-41	-28	-3	-12	-32	-37	cell = 528 to 535
-33	-39	19	-13	12	23	-15	-8	cell = 536 to 543
-40	-47	-19	4	-34	-35	-6	-14	cell = 544 to 551
13	-14	-40	-43	-19	0	-21	-68	cell = 552 to 559
-41	-35	-22	21	-14	14	-21	-27	cell = 560 to 567
1	-34	-20	6	-2	9	-16	-35	cell = 568 to 575
-34	-49	-4	-46	-4	-41	30	-32	cell = 576 to 583
-13	-32	-8	-41	-29	-8	-3	-2	cell = 584 to 591
2	-13	21	-16	-7	-40	-39	-41	cell = 592 to 599
-10	-7	-24	-13	3	5	-24	-5	cell = 600 to 607
12	-4	5	-24	15	-21	-28	-17	cell = 608 to 615
32	-50	-59	0	-15	-16	-32	-21	cell = 616 to 623
1	9	-9	1	-48	18	21	-31	cell = 624 to 631
-38	-11	-2	-29	-10	-41	-40	-28	cell = 632 to 639
-30	-16	-2	3	-11	14	-38	-22	cell = 640 to 647
-9	-19	-21	-22	-47	10	-36	19	cell = 648 to 655
12	-45	-18	-26	-19	-26	-15	-30	cell = 656 to 663
35	7	-6	-31	-21	-3	0	-5	cell = 664 to 671
-45	-23	3	-21	8	-42	-11	4	cell = 672 to 679
-29	-16	-28	-32	-57	-5	24	-5	cell = 680 to 687
-4	-25	30	-9	-32	-10	-36	-8	cell = 688 to 695
-4	-47	-50	-16	-18	-33	-18	16	cell = 696 to 703
0	-25	-37	-19	-39	-41	-17	36	cell = 704 to 711
-14	-21	-44	-8	-3	3	-24	-40	cell = 712 to 719
1	-16	4	10	-19	3	-47	-7	cell = 720 to 727
-32	-13	-29	-8	-16	-25	-18	-30	cell = 728 to 735
35	-14	5	-44	26	8	-50	-15	cell = 736 to 743
3	-5	3	-69	-37	-15	-26	-28	cell = 744 to 751
11	-22	-12	-8	57	-25	-5	-6	cell = 752 to 759
-30	0	18	-24	-15	-55	-43	15	cell = 760 to 767
-19	-29	-23	5	-21	-64	-27	-53	cell = 768 to 775
19	-49	-16	-28	-23	-48	-24	-5	cell = 776 to 783
-39	4	-40	-7	-35	-37	-32	-27	cell = 784 to 791
1	-1	6	29	24	-14	-12	-30	cell = 792 to 799
-43	6	-48	-9	-2	-33	-47	0	cell = 800 to 807
-59	35	-31	-38	-9	-3	14	-24	cell = 808 to 815
-2	-11	-8	0	-2	-37	2	14	cell = 816 to 823
-15	-17	-30	-23	-29	-52	-26	0	cell = 824 to 831
-24	1	-7	-18	9	10	-25	-59	cell = 832 to 839
-57	1	14	-17	-41	-45	-6	-18	cell = 840 to 847
15	-3	6	24	2	9	-49	-53	cell = 848 to 855
-43	11	12	-41	-14	-52	-61	-5	cell = 856 to 863
-40	-12	20	-17	-4	-27	23	-12	cell = 864 to 871
-6	21	12	23	-9	-7	-24	-5	cell = 872 to 879
6	-21	-57	-19	-27	-17	3	-43	cell = 880 to 887
1	-39	-8	-13	-50	-11	-57	-13	cell = 888 to 895
-25	-10	-11	-13	16	2	-1	-27	cell = 896 to 903
17	-9	-42	19	-9	10	-19	-12	cell = 904 to 911
2	5	-22	-14	-19	-11	19	2	cell = 912 to 919
-3	-28	1	18	0	-29	-21	6	cell = 920 to 927
-24	-28	-5	-17	-35	-6	-41	31	cell = 928 to 935
-44	-30	-8	-9	-51	-9	6	-56	cell = 936 to 943
-35	-9	-46	-36	-8	-45	33	-13	cell = 944 to 951
11	-7	-42	1	17	-36	7	3	cell = 952 to 959
-9	-35	-13	-32	-5	-67	-41	1	cell = 960 to 967
-45	-50	-27	-16	-29	-20	-40	-58	cell = 968 to 975
-11	-15	-60	16	17	-37	-25	-18	cell = 976 to 983
3	12	-46	2	-13	-24	-1	3	cell = 984 to 991
-41	-18	-21	14	-46	-10	-13	-27	cell = 992 to 999
-60	-32	-20	-36	-60	-4	8	27	cell = 1000 to 1007
-28	-22	-11	-26	-28	-4	-56	-36	cell = 1008 to 1015
-13	-27	0	-8	-18	-61	-74	-40	cell = 1016 to 1023
Calibration values from cell 0 to 1024 for channel 8:

83	-27	10	-25	47	0	43	-11	cell = 0 to 7
42	-31	87	4	71	-20	36	31	cell = 8 to 15
44	23	79	-4	40	7	39	4	cell = 16 to 23
49	20	56	-13	31	6	7	-58	cell = 24 to 31
31	2	31	-5	6	-9	63	-10	cell = 32 to 39
48	-28	60	-31	10	22	81	1	cell = 40 to 47
57	4	54	-54	57	27	62	-31	cell = 48 to 55
1	6	76	5	21	-28	57	-2	cell = 56 to 63
26	16	63	-13	26	-10	40	-25	cell = 64 to 71
33	-21	56	-46	67	33	40	-2	cell = 72 to 79
25	-10	70	25	16	-18	53	7	cell = 80 to 87
43	-18	61	32	51	31	-7	7	cell = 88 to 95
61	-11	67	-6	59	-37	61	44	cell = 96 to 103
26	-8	45	6	49	43	44	-37	cell = 104 to 111
50	-3	29	-40	32	-43	17	-30	cell = 112 to 119
63	13	80	-4	30	11	89	0	cell = 120 to 127
35	16	50	-4	24	10	65	-31	cell = 128 to 135
63	-45	53	46	16	37	34	1	cell = 136 to 143
61	-8	28	18	63	0	47	-32	cell = 144 to 151
40	-25	10	-12	33	-5	59	15	cell = 152 to 159
1	6	63	-9	24	26	63	-11	cell = 160 to 167
56	3	34	62	68	-11	59	-4	cell = 168 to 175
44	-8	23	-38	49	0	79	-25	cell = 176 to 183
33	-11	53	16	55	25	11	-49	cell = 184 to 191
10	9	92	-32	73	10	51	7	cell = 192 to 199
11	32	65	-14	59	-1	54	-38	cell = 200 to 207
23	-7	43	4	54	-8	41	-27	cell = 208 to 215
35	-30	43	22	89	24	31	-5	cell = 216 to 223
49	10	98	11	22	19	47	-21	cell = 224 to 231
52	2	65	-23	81	-3	64	-15	cell = 232 to 239
24	7	44	-48	59	-12	44	-14	cell = 240 to 247
74	6	26	-13	38	-20	79	-63	cell = 248 to 255
47	21	46	1	46	4	-2	-5	cell = 256 to 263
37	-20	75	-14	61	-14	86	43	cell = 264 to 271
51	39	60	-29	26	-19	56	-19	cell = 272 to 279
50	-10	53	11	33	35	34	14	cell = 280 to 287
39	-27	31	-7	36	-5	3	9	cell = 288 to 295
42	-17	41	-31	13	11	69	-44	cell = 296 to 303
47	-47	73	-18	49	9	84	-71	cell = 304 to 311
40	10	54	-32	19	63	56	16	cell = 312 to 319
40	-28	31	0	21	-34	53	3	cell = 320 to 327
49	20	59	19	30	16	72	-31	cell = 328 to 335
8	-16	79	10	50	1	38	-3	cell = 336 to 343
75	27	55	-30	48	6	15	-7	cell = 344 to 351
35	-45	49	-39	50	-22	60	-9	cell = 352 to 359
46	-16	51	-9	51	7	47	11	cell = 360 to 367
28	3	48	3	29	-14	65	24	cell = 368 to 375
33	-6	16	-2	83	-33	17	-21	cell = 376 to 383
53	23	42	-17	45	9	24	-20	cell = 384 to 391
46	-3	66	24	28	26	87	5	cell = 392 to 399
17	2	63	-17	42	-34	54	-5	cell = 400 to 407
5	57	59	-21	30	-15	60	-26	cell = 408 to 415
28	-5	51	7	32	16	64	7	cell = 416 to 423
48	-47	74	-6	46	-12	35	-22	cell = 424 to 431
31	28	56	-6	34	-6	69	4	cell = 432 to 439
61	25	52	-19	35	2	88	-41	cell = 440 to 447
67	39	42	-14	50	-25	-10	20	cell = 448 to 455
21	-21	42	12	51	15	64	-8	cell = 456 to 463
58	1	66	6	64	-5	36	-41	cell = 464 to 471
56	13	65	-18	-1	-19	39	-18	cell = 472 to 479
40	1	85	10	83	-9	53	-31	cell = 480 to 487
21	-8	18	12	32	-4	25	-6	cell = 488 to 495
73	-19	-18	-88	-61	-92	-13	-76	cell = 496 to 503
47	40	54	2	12	4	42	-10	cell = 504 to 511
-21	-31	3	-22	-27	-24	-21	-11	cell = 512 to 519
-19	3	-47	-44	-17	-33	-28	-43	cell = 520 to 527
-6	-35	5	-37	-56	-62	-35	-10	cell = 528 to 535
-20	19	-32	-14	0	-44	-6	-2	cell = 536 to 543
3	36	-21	-45	-18	3	-49	-9	cell = 544 to 551
-2	4	-36	-10	14	-50	7	10	cell = 552 to 559
9	-16	-32	-37	-49	-54	-32	-3	cell = 560 to 567
-3	-22	-6	-26	-28	-17	-52	-14	cell = 568 to 575
-28	-55	7	-32	-35	-26	-16	10	cell = 576 to 583
-37	-61	-11	-39	-10	-18	4	5	cell = 584 to 591
-21	0	-21	9	-30	14	-16	-11	cell = 592 to 599
-32	-11	-34	-28	-2	-24	-16	-35	cell = 600 to 607
-36	-37	-36	-9	-6	-7	-63	16	cell = 608 to 615
6	-66	-19	-18	-39	-8	-7	-16	cell = 616 to 623
-57	-13	-26	5	35	-19	-53	24	cell = 624 to 631
-3	-37	-58	-29	16	-52	-12	-18	cell = 632 to 639
-65	-9	-11	10	-24	-8	2	-11	cell = 640 to 647
-62	-32	0	-27	-52	-8	-23	-14	cell = 648 to 655
-22	-26	-15	-7	-11	-55	-2	9	cell = 656 to 663
-17	-32	-19	-38	6	-28	-15	-28	cell = 664 to 671
-27	-35	-7	-46	7	-2	-36	-20	cell = 672 to 679
-31	15	-4	-21	11	-60	-36	4	cell = 680 to 687
13	6	-48	-46	-24	-14	-11	-1	cell = 688 to 695
-25	-40	-48	-31	-50	-31	-22	-43	cell = 696 to 703
-32	-17	10	-51	-34	-6	-35	-15	cell = 704 to 711
-85	1	-13	6	-10	-39	-9	-19	cell = 712 to 719
-7	-57	-20	-6	-29	19	11	-47	cell = 720 to 727
-16	1	-1	-58	-23	-31	-23	-20	cell = 728 to 735
-11	-33	-21	-27	-20	-21	-32	-7	cell = 736 to 743
-15	0	18	-36	30	-30	-10	26	cell = 744 to 751
-38	-24	-13	-22	12	-21	-35	-10	cell = 752 to 759
-21	10	-35	-7	-15	-7	-69	-34	cell = 760 to 767
7	-51	-26	-22	-19	-21	-55	-21	cell = 768 to 775
-9	-12	-32	34	-22	-4	-40	-1	cell = 776 to 783
-18	-30	-24	9	7	-13	-41	-2	cell = 784 to 791
6	-37	-53	0	-17	-28	-35	-10	cell = 792 to 799
-34	-15	6	-20	-12	16	-11	-4	cell = 800 to 807
-43	-18	-28	-42	-26	-41	0	-3	cell = 808 to 815
-23	-13	3	-40	-43	8	-25	25	cell = 816 to 823
-22	3	-4	-38	-31	10	-25	-45	cell = 824 to 831
-27	-10	-66	-6	0	-28	-31	-36	cell = 832 to 839
-44	23	-25	-27	-43	-11	-49	27	cell = 840 to 847
-6	-16	-32	-12	-53	24	-40	1	cell = 848 to 855
18	-16	1	32	-22	7	-33	11	cell = 856 to 863
-28	-36	4	-14	-6	-24	9	-14	cell = 864 to 871
5	-18	-32	-12	-3	-31	-44	-83	cell = 872 to 879
-11	9	25	11	-18	-42	16	-6	cell = 880 to 887
-46	7	9	-2	-10	-53	-9	-43	cell = 888 to 895
8	-29	-53	-52	13	-26	-15	-26	cell = 896 to 903
-36	20	-17	-13	-19	-80	-47	-36	cell = 904 to 911
-22	-14	-69	7	11	-30	-39	20	cell = 912 to 919
-29	-45	-12	-25	-2	-12	-55	2	cell = 920 to 927
-41	-36	-36	12	-32	-28	-19	-34	cell = 928 to 935
-30	12	-12	-22	-14	-57	-64	-17	cell = 936 to 943
-13	-47	0	-46	22	-32	-20	13	cell = 944 to 951
-42	-53	-38	-34	-45	-40	-49	-32	cell = 952 to 959
-1	-11	-15	-80	-64	-8	-61	-15	cell = 960 to 967
-18	-35	-4	-9	-31	-51	4	-14	cell = 968 to 975
-41	-8	-34	22	30	-19	-40	-46	cell = 976 to 983
-20	7	-23	-7	-27	-21	-22	-14	cell = 984 to 991
8	-45	-10	-48	-28	-28	-5	-26	cell = 992 to 999
-14	-52	-13	-39	-3	-20	-20	5	cell = 1000 to 1007
-5	16	-13	-42	-52	-75	-28	-42	cell = 1008 to 1015
8	-39	-25	4	-30	-15	-24	-17	cell = 1016 to 1023
