Calibration values from cell 0 to 1024 for channel 0:

32	6	40	-12	28	-27	37	-33	cell = 0 to 7
59	1	105	29	5	-13	53	8	cell = 8 to 15
15	-32	64	-46	58	-2	37	16	cell = 16 to 23
40	-9	27	8	33	-43	28	-11	cell = 24 to 31
43	13	112	-32	39	12	67	2	cell = 32 to 39
61	-26	47	9	68	-32	103	-19	cell = 40 to 47
-10	8	38	-9	46	-7	30	-54	cell = 48 to 55
64	-8	49	-3	86	-18	36	30	cell = 56 to 63
8	19	39	4	26	6	49	-8	cell = 64 to 71
72	-14	58	22	38	33	51	22	cell = 72 to 79
62	-3	41	-36	47	12	23	35	cell = 80 to 87
67	-12	42	-15	27	8	24	48	cell = 88 to 95
58	-15	28	0	51	-9	8	-31	cell = 96 to 103
15	-44	58	2	77	-16	84	-6	cell = 104 to 111
55	-5	71	-13	62	-12	48	20	cell = 112 to 119
12	-15	-7	-22	95	0	36	-6	cell = 120 to 127
9	3	44	-11	20	40	36	-13	cell = 128 to 135
38	7	66	-25	29	3	9	-6	cell = 136 to 143
8	-27	38	10	12	-5	9	-16	cell = 144 to 151
18	-12	26	-14	47	-16	82	2	cell = 152 to 159
53	-45	46	-18	24	7	29	12	cell = 160 to 167
43	21	35	-16	58	-21	39	-39	cell = 168 to 175
20	-6	34	3	34	-18	86	30	cell = 176 to 183
48	73	53	-6	25	-11	107	0	cell = 184 to 191
9	-29	17	-1	24	0	18	31	cell = 192 to 199
39	-15	45	-44	47	-16	81	-27	cell = 200 to 207
25	-15	49	-11	20	-9	55	-19	cell = 208 to 215
5	-13	40	2	61	9	69	0	cell = 216 to 223
41	15	6	-15	43	26	67	0	cell = 224 to 231
14	-3	44	26	48	46	60	-43	cell = 232 to 239
41	-27	22	-11	17	26	14	-30	cell = 240 to 247
58	-6	83	-5	46	-35	2	8	cell = 248 to 255
53	-38	58	-10	27	15	37	-5	cell = 256 to 263
31	-8	29	6	29	12	33	-33	cell = 264 to 271
-4	14	50	7	38	-20	40	2	cell = 272 to 279
30	4	30	-31	66	-24	70	-35	cell = 280 to 287
75	-24	20	-11	40	-42	16	3	cell = 288 to 295
90	20	70	-5	43	29	27	6	cell = 296 to 303
47	-28	45	-10	64	10	53	-2	cell = 304 to 311
68	11	43	4	31	-10	50	-42	cell = 312 to 319
27	-24	58	14	50	-13	16	13	cell = 320 to 327
52	-10	29	-23	20	9	64	24	cell = 328 to 335
33	30	45	21	32	-6	72	7	cell = 336 to 343
47	-41	46	-10	4	52	66	-14	cell = 344 to 351
30	14	10	-15	6	4	49	11	cell = 352 to 359
45	-13	20	-18	62	-16	50	-15	cell = 360 to 367
62	-25	61	-13	22	20	36	-7	cell = 368 to 375
48	-3	49	-55	-3	-33	56	-17	cell = 376 to 383
73	1	62	8	15	-16	48	-25	cell = 384 to 391
38	-5	23	20	31	17	35	-38	cell = 392 to 399
64	-7	55	-2	45	-29	57	-11	cell = 400 to 407
43	-13	55	-40	32	5	34	5	cell = 408 to 415
58	-19	56	37	52	0	32	-44	cell = 416 to 423
54	-31	63	8	42	13	19	-37	cell = 424 to 431
41	20	19	14	22	2	15	-28	cell = 432 to 439
68	19	11	-17	33	-1	39	-17	cell = 440 to 447
-4	18	45	1	19	35	13	-5	cell = 448 to 455
46	0	-16	-37	41	5	20	25	cell = 456 to 463
27	-35	-2	-30	19	4	32	-53	cell = 464 to 471
46	-13	56	-42	60	-22	45	2	cell = 472 to 479
29	-18	10	-16	40	-20	53	10	cell = 480 to 487
44	36	35	-19	37	-9	40	17	cell = 488 to 495
26	0	-49	-104	-6	-67	38	-100	cell = 496 to 503
87	11	81	-44	23	12	75	-10	cell = 504 to 511
-10	-7	-57	-59	-22	4	1	-6	cell = 512 to 519
-75	-57	-52	-13	19	-15	-19	-39	cell = 520 to 527
-19	-67	-5	-16	-2	12	-22	3	cell = 528 to 535
1	-55	0	-42	3	-10	-32	-8	cell = 536 to 543
-12	-46	-5	-40	-1	-48	24	-13	cell = 544 to 551
17	-47	-22	-21	19	-14	-29	-5	cell = 552 to 559
-21	-24	-17	3	-55	-14	-30	5	cell = 560 to 567
17	0	-21	-47	1	-27	-5	-14	cell = 568 to 575
-49	-47	-50	-6	-25	-51	0	-11	cell = 576 to 583
0	8	-17	-4	-14	-38	-28	26	cell = 584 to 591
-7	8	-42	-38	-16	-19	-40	-15	cell = 592 to 599
-13	-39	8	-7	-42	-3	-30	-31	cell = 600 to 607
-4	-13	-17	-31	-12	-28	-6	15	cell = 608 to 615
-36	-39	-23	9	-31	1	-35	-9	cell = 616 to 623
-26	-49	-54	-34	-44	-40	-58	-23	cell = 624 to 631
-7	-28	6	2	-27	-23	-54	-32	cell = 632 to 639
-42	-18	15	12	-76	27	-46	-56	cell = 640 to 647
-37	-20	-11	-54	-17	-22	4	-40	cell = 648 to 655
-20	-30	-52	-20	-33	-41	-2	16	cell = 656 to 663
-12	-15	-44	3	-45	14	-21	-14	cell = 664 to 671
-20	-41	-33	7	-38	-29	5	-46	cell = 672 to 679
-41	4	3	-26	32	5	11	-23	cell = 680 to 687
-16	-23	-22	-11	5	-25	15	-28	cell = 688 to 695
11	8	-7	-22	-12	11	-10	-39	cell = 696 to 703
30	-35	-15	24	3	-12	11	-54	cell = 704 to 711
15	-5	-58	4	3	-3	-33	-37	cell = 712 to 719
-75	5	13	-10	-43	-34	-8	-17	cell = 720 to 727
-20	-23	-14	-61	-61	-53	-4	13	cell = 728 to 735
-10	17	-48	4	3	-29	-32	-11	cell = 736 to 743
-37	-4	21	-29	-2	14	-24	26	cell = 744 to 751
-25	-23	0	-28	1	16	-25	-29	cell = 752 to 759
-21	14	3	-7	-25	-46	1	6	cell = 760 to 767
-15	-4	3	-49	-33	25	2	-15	cell = 768 to 775
-47	-17	-11	-16	-23	-19	-13	10	cell = 776 to 783
-54	-26	-13	12	-32	-28	-15	-30	cell = 784 to 791
-36	-25	-29	-42	-32	7	-6	-2	cell = 792 to 799
18	-15	-29	19	-38	22	-9	-14	cell = 800 to 807
1	-47	-6	-16	-25	-17	-43	-2	cell = 808 to 815
-26	-17	-23	25	-64	-19	16	-12	cell = 816 to 823
5	-32	-18	-8	-16	-3	-12	32	cell = 824 to 831
-8	-43	-19	-39	-45	-44	-86	-16	cell = 832 to 839
-10	-33	-70	-29	-13	-3	-27	-10	cell = 840 to 847
-7	13	9	-12	-26	-37	-30	6	cell = 848 to 855
-31	-3	-53	-24	10	3	-15	-11	cell = 856 to 863
-59	-30	-30	-42	-3	0	-41	8	cell = 864 to 871
-17	-19	11	-29	20	-23	-15	-8	cell = 872 to 879
-55	-19	-56	18	1	26	8	-1	cell = 880 to 887
-10	15	-11	-2	-3	-13	0	-10	cell = 888 to 895
-9	-62	0	1	7	-31	-35	24	cell = 896 to 903
13	-7	-20	6	-58	39	-14	-3	cell = 904 to 911
-12	-36	15	12	-5	-5	-52	-11	cell = 912 to 919
3	-16	-39	-24	-33	28	-2	-10	cell = 920 to 927
10	-17	-63	3	-9	35	22	-10	cell = 928 to 935
28	15	-9	-12	2	-3	-13	-6	cell = 936 to 943
-18	-12	14	-16	-9	-19	-46	-23	cell = 944 to 951
-25	-32	15	-7	-4	6	-30	-5	cell = 952 to 959
-64	-29	-28	38	7	-16	-21	-2	cell = 960 to 967
-18	-66	-35	-29	-26	-27	-65	-11	cell = 968 to 975
-35	10	-14	-8	-23	-59	-10	-27	cell = 976 to 983
-42	1	-44	-60	-43	-35	-20	-23	cell = 984 to 991
-15	0	-26	4	-28	-66	-43	-26	cell = 992 to 999
-15	-19	19	-38	2	-9	-21	-7	cell = 1000 to 1007
-39	-33	-29	-37	-66	-8	7	-28	cell = 1008 to 1015
-10	-3	15	-29	-60	2	-5	-15	cell = 1016 to 1023
Calibration values from cell 0 to 1024 for channel 1:

38	-17	41	-10	-3	-2	34	25	cell = 0 to 7
65	31	46	-14	45	-8	41	8	cell = 8 to 15
38	-7	31	25	37	14	21	9	cell = 16 to 23
35	11	33	-5	50	-22	39	-41	cell = 24 to 31
27	-1	38	1	61	-37	19	16	cell = 32 to 39
35	-17	67	-58	40	-13	56	-20	cell = 40 to 47
6	-13	57	-10	10	-20	43	16	cell = 48 to 55
62	10	47	32	25	-4	49	20	cell = 56 to 63
18	-13	52	-20	-33	-27	42	-22	cell = 64 to 71
29	20	82	-12	13	-50	47	-29	cell = 72 to 79
40	-7	66	3	19	-20	68	-22	cell = 80 to 87
58	-12	39	-26	86	-49	34	-14	cell = 88 to 95
36	-3	71	-28	105	-16	45	-24	cell = 96 to 103
49	40	79	-3	48	32	64	8	cell = 104 to 111
2	-12	33	24	39	-9	33	-8	cell = 112 to 119
38	4	5	41	19	-2	-16	18	cell = 120 to 127
32	4	50	-6	53	-29	84	-39	cell = 128 to 135
13	7	60	-12	58	21	50	6	cell = 136 to 143
27	5	30	1	61	-38	-3	-2	cell = 144 to 151
12	8	7	-36	54	14	74	7	cell = 152 to 159
101	16	64	-15	51	23	66	10	cell = 160 to 167
62	-26	72	-13	30	-17	71	-7	cell = 168 to 175
58	9	7	14	32	12	75	18	cell = 176 to 183
58	8	77	27	14	4	85	-14	cell = 184 to 191
53	-41	45	-24	34	45	43	-61	cell = 192 to 199
33	1	57	-29	12	-7	56	12	cell = 200 to 207
69	9	29	-15	82	-3	50	2	cell = 208 to 215
77	36	18	20	46	14	30	-15	cell = 216 to 223
51	-50	26	-32	27	-24	53	-6	cell = 224 to 231
40	-32	57	23	72	-4	75	21	cell = 232 to 239
33	3	30	-19	53	11	18	-3	cell = 240 to 247
47	8	20	-20	30	-24	9	-38	cell = 248 to 255
-4	-12	39	-17	87	-32	34	-26	cell = 256 to 263
21	-23	62	-12	5	3	10	26	cell = 264 to 271
45	29	10	-12	62	-9	74	-25	cell = 272 to 279
44	-16	34	1	16	17	70	-26	cell = 280 to 287
33	-22	24	-8	63	-1	48	11	cell = 288 to 295
54	11	55	12	78	12	34	41	cell = 296 to 303
57	-23	53	-13	39	-29	40	-13	cell = 304 to 311
79	45	37	-14	28	-8	29	-13	cell = 312 to 319
51	22	14	-8	31	-23	46	32	cell = 320 to 327
79	7	37	11	44	18	59	8	cell = 328 to 335
15	34	56	11	17	-22	29	-14	cell = 336 to 343
36	-19	54	9	26	30	64	-5	cell = 344 to 351
81	-16	48	22	54	-1	25	-20	cell = 352 to 359
30	1	21	-2	37	10	44	-37	cell = 360 to 367
27	-35	50	-23	5	3	40	-23	cell = 368 to 375
27	-9	59	-21	51	-15	36	5	cell = 376 to 383
32	-51	30	-56	36	11	62	10	cell = 384 to 391
67	-25	70	-32	47	-10	23	9	cell = 392 to 399
29	8	53	52	41	-17	31	36	cell = 400 to 407
19	-25	31	-6	37	-46	52	-36	cell = 408 to 415
54	-3	57	-10	75	4	6	-13	cell = 416 to 423
56	-11	-13	8	60	26	87	18	cell = 424 to 431
16	-20	84	5	26	17	26	-57	cell = 432 to 439
7	-18	65	29	46	-1	36	-26	cell = 440 to 447
71	-12	47	-35	62	-20	31	-34	cell = 448 to 455
27	13	-16	-25	56	-27	50	-9	cell = 456 to 463
6	-18	28	2	84	7	41	-7	cell = 464 to 471
23	-12	46	1	37	28	30	31	cell = 472 to 479
41	12	67	-4	43	11	33	-11	cell = 480 to 487
38	-14	41	-3	81	-18	82	26	cell = 488 to 495
32	-28	-62	-70	-72	-90	-24	-94	cell = 496 to 503
75	29	41	-51	48	-9	50	7	cell = 504 to 511
-11	-9	-21	6	-48	12	36	-43	cell = 512 to 519
-53	-20	-48	-25	6	-25	-56	-24	cell = 520 to 527
-22	3	-56	-36	25	-49	-43	-26	cell = 528 to 535
-12	13	-24	-6	-31	-48	-23	-14	cell = 536 to 543
-14	-44	-26	13	5	-16	-11	-13	cell = 544 to 551
-74	-45	-1	-8	-16	-23	14	-37	cell = 552 to 559
-11	-31	-20	-3	11	-31	-14	-37	cell = 560 to 567
-21	-57	7	-21	-34	-13	-34	19	cell = 568 to 575
-24	-11	-44	-23	-3	6	-22	-25	cell = 576 to 583
-23	-52	-12	-18	-22	4	17	-24	cell = 584 to 591
-32	-33	-14	-31	1	-20	-14	-6	cell = 592 to 599
-31	-29	-46	-14	-9	-12	-56	-24	cell = 600 to 607
-37	-16	-44	0	-30	-24	-34	2	cell = 608 to 615
-39	10	0	-18	9	-28	-27	-40	cell = 616 to 623
-23	27	-46	-60	-43	-12	-28	-14	cell = 624 to 631
15	-51	-17	-20	-23	7	-35	-13	cell = 632 to 639
-17	-34	-42	-20	9	-9	-14	-20	cell = 640 to 647
-35	-19	-30	-31	6	-6	-11	-19	cell = 648 to 655
-6	-29	-27	-5	4	-53	-29	-32	cell = 656 to 663
-26	4	-21	-14	-5	-43	-22	-7	cell = 664 to 671
-28	-35	-35	21	-24	-50	-13	11	cell = 672 to 679
-15	2	-36	-7	12	-20	-40	-25	cell = 680 to 687
1	-42	-28	-26	6	0	-8	-31	cell = 688 to 695
20	-28	-26	11	21	11	-16	-35	cell = 696 to 703
-24	-37	-17	-25	-3	-51	-24	-3	cell = 704 to 711
-30	-8	19	3	9	-10	-41	15	cell = 712 to 719
-3	-34	-26	-21	32	-31	-31	-70	cell = 720 to 727
-7	1	12	0	-38	-20	0	-9	cell = 728 to 735
-25	-64	-42	-37	5	-26	10	2	cell = 736 to 743
-22	28	14	-54	-20	-11	-71	-12	cell = 744 to 751
-38	-43	-30	-29	-24	-18	6	-24	cell = 752 to 759
-35	5	-2	17	-22	-39	-31	-36	cell = 760 to 767
-36	-6	-40	-42	-12	-30	-58	-32	cell = 768 to 775
-24	-1	-17	-13	-38	-22	-17	-3	cell = 776 to 783
-9	-11	22	30	-42	-49	-1	3	cell = 784 to 791
-22	5	5	-30	5	-14	-30	-65	cell = 792 to 799
-25	-22	-39	10	-3	-34	-20	8	cell = 800 to 807
61	-30	-8	-49	-38	-31	-11	-33	cell = 808 to 815
15	7	19	8	-36	-32	14	41	cell = 816 to 823
39	-9	-18	-34	17	-6	-2	-38	cell = 824 to 831
-26	14	-16	23	-29	15	8	-12	cell = 832 to 839
11	-1	-48	-15	-12	-8	33	-23	cell = 840 to 847
-22	-15	-10	-23	-34	-29	-25	-25	cell = 848 to 855
6	-12	-25	-35	-4	-35	-25	-14	cell = 856 to 863
-12	5	-19	-4	-25	-3	5	-24	cell = 864 to 871
-41	-42	-16	-75	-10	-24	1	8	cell = 872 to 879
-36	-9	1	40	-32	-38	-7	-6	cell = 880 to 887
-20	-2	9	-7	-31	7	-50	-31	cell = 888 to 895
-38	-37	-26	-3	-29	-11	-3	20	cell = 896 to 903
-17	-22	-26	-22	-21	-35	-63	-22	cell = 904 to 911
-3	-9	-18	28	-29	-30	-16	-33	cell = 912 to 919
-37	-20	25	-14	-47	-39	3	-24	cell = 920 to 927
-60	-33	-38	-6	-22	1	-8	-43	cell = 928 to 935
-40	5	8	-13	-2	-11	14	-6	cell = 936 to 943
-22	-35	-34	-29	-55	-16	-39	0	cell = 944 to 951
-9	-25	-28	-21	-4	-57	-77	-39	cell = 952 to 959
-15	-18	-6	14	6	-52	-15	-25	cell = 960 to 967
-20	-12	-28	-14	-30	-16	-54	-7	cell = 968 to 975
10	-35	-31	7	-62	-30	-9	6	cell = 976 to 983
3	-19	8	-63	23	-24	-8	-19	cell = 984 to 991
-12	-3	-14	-9	-14	-14	8	-16	cell = 992 to 999
-27	-10	-11	-21	-23	-17	-46	11	cell = 1000 to 1007
-25	-1	-14	-37	-40	-20	-7	-39	cell = 1008 to 1015
13	-27	-16	-10	-46	-26	-30	-25	cell = 1016 to 1023
Calibration values from cell 0 to 1024 for channel 2:

30	21	10	-22	30	14	46	-18	cell = 0 to 7
27	-8	43	6	20	-18	20	23	cell = 8 to 15
45	25	53	8	-2	6	57	9	cell = 16 to 23
56	-23	16	31	53	-26	42	-19	cell = 24 to 31
39	3	50	21	56	-5	66	-28	cell = 32 to 39
60	-6	23	7	50	18	71	7	cell = 40 to 47
46	-4	38	-15	59	-20	27	-18	cell = 48 to 55
46	18	-21	-12	40	-11	49	-13	cell = 56 to 63
57	44	46	-43	51	12	43	-10	cell = 64 to 71
43	-61	50	-9	55	-2	14	30	cell = 72 to 79
64	29	28	3	41	9	67	-5	cell = 80 to 87
67	-4	20	-46	64	-30	64	7	cell = 88 to 95
17	8	28	-35	45	-7	54	-2	cell = 96 to 103
48	-29	65	-38	29	-27	56	-28	cell = 104 to 111
39	28	29	-20	67	4	21	-13	cell = 112 to 119
69	13	24	17	29	14	64	-29	cell = 120 to 127
63	31	24	18	42	-24	67	-6	cell = 128 to 135
65	23	67	14	4	4	75	4	cell = 136 to 143
85	5	32	-2	32	-26	40	-42	cell = 144 to 151
60	-9	38	-1	83	-9	40	5	cell = 152 to 159
55	9	17	49	19	-10	52	-28	cell = 160 to 167
44	20	55	18	29	-25	90	-22	cell = 168 to 175
40	-26	63	-31	25	-24	26	21	cell = 176 to 183
2	21	43	23	52	46	47	-43	cell = 184 to 191
77	0	34	-19	23	-36	45	-29	cell = 192 to 199
49	-2	50	-9	40	-3	10	-27	cell = 200 to 207
32	3	19	0	23	2	42	-25	cell = 208 to 215
67	10	59	-15	36	22	44	-14	cell = 216 to 223
37	34	17	-41	66	32	42	-16	cell = 224 to 231
74	-28	61	41	27	-47	59	-10	cell = 232 to 239
35	-22	42	-27	36	11	10	11	cell = 240 to 247
45	-21	22	-5	57	-11	23	29	cell = 248 to 255
34	-46	30	-11	37	-63	41	-17	cell = 256 to 263
23	-28	94	-13	46	-21	31	-30	cell = 264 to 271
7	-27	58	-24	24	12	63	-43	cell = 272 to 279
63	-20	35	-25	79	-54	51	2	cell = 280 to 287
26	-17	42	19	66	17	36	3	cell = 288 to 295
33	-11	47	-9	2	-14	22	-29	cell = 296 to 303
61	-29	46	6	44	-21	29	18	cell = 304 to 311
31	-17	29	-28	49	-1	65	-31	cell = 312 to 319
4	0	25	-55	60	-43	26	-15	cell = 320 to 327
63	-46	10	-41	64	11	70	17	cell = 328 to 335
65	-28	-3	12	63	7	4	-3	cell = 336 to 343
64	-46	38	-28	61	-21	42	26	cell = 344 to 351
88	-1	85	-18	29	20	54	-36	cell = 352 to 359
48	-4	21	-39	67	-2	33	2	cell = 360 to 367
47	-2	60	-42	78	0	72	-9	cell = 368 to 375
82	-8	31	10	28	-28	60	-16	cell = 376 to 383
71	-11	75	-14	50	-31	49	8	cell = 384 to 391
22	-26	46	-26	51	-26	66	-7	cell = 392 to 399
38	15	81	-20	64	-32	24	-26	cell = 400 to 407
45	39	69	-6	23	-22	53	-24	cell = 408 to 415
65	35	20	7	48	-27	47	-23	cell = 416 to 423
63	29	72	-21	53	-1	45	-32	cell = 424 to 431
63	-10	36	21	102	-26	34	11	cell = 432 to 439
31	5	43	13	15	-16	73	-3	cell = 440 to 447
20	-20	23	-36	36	-53	33	26	cell = 448 to 455
9	-13	31	3	51	-46	4	-33	cell = 456 to 463
65	-5	24	5	7	-43	41	-37	cell = 464 to 471
70	5	20	-29	54	-48	37	-4	cell = 472 to 479
57	3	89	-40	53	-38	29	17	cell = 480 to 487
44	-11	47	21	53	8	37	5	cell = 488 to 495
0	-5	-28	-57	-44	-26	-5	-92	cell = 496 to 503
45	32	45	-49	30	15	62	-35	cell = 504 to 511
-7	-52	13	-38	-56	-53	-68	-31	cell = 512 to 519
-21	-32	-19	-52	-9	9	-5	5	cell = 520 to 527
-44	-3	-52	-6	-8	-37	-34	-10	cell = 528 to 535
-15	11	-53	11	-30	-53	-47	-40	cell = 536 to 543
26	6	39	0	-36	-29	-27	21	cell = 544 to 551
7	-17	-42	-40	9	-16	6	-42	cell = 552 to 559
-19	-24	-23	1	-3	-13	-19	-27	cell = 560 to 567
-3	15	-14	-47	-71	0	-7	-28	cell = 568 to 575
7	-35	-45	-51	-7	-30	-42	-32	cell = 576 to 583
-32	7	-21	-45	-44	-38	-38	-22	cell = 584 to 591
16	-28	-6	-30	-15	13	3	-12	cell = 592 to 599
-9	-17	17	-50	-4	-58	-18	-24	cell = 600 to 607
-22	-21	-50	-23	-28	-26	-5	-42	cell = 608 to 615
6	9	-20	-36	-32	-37	-13	-54	cell = 616 to 623
-18	-34	-37	40	-42	-23	-17	23	cell = 624 to 631
3	-52	-12	-3	-22	-44	-45	-34	cell = 632 to 639
2	-29	-1	-26	-10	15	-20	-54	cell = 640 to 647
11	-49	-52	-10	3	-17	-11	-32	cell = 648 to 655
-18	-36	-29	-5	-13	-16	-19	-17	cell = 656 to 663
-11	-4	-13	-56	8	-14	-11	-26	cell = 664 to 671
-2	-1	-10	-38	3	10	-42	-60	cell = 672 to 679
-36	-59	-53	-36	-2	-30	-34	14	cell = 680 to 687
25	56	-25	-23	14	-6	-3	-20	cell = 688 to 695
0	-34	-33	-17	-29	-9	-32	4	cell = 696 to 703
-47	-28	-87	-14	-14	-5	-7	-41	cell = 704 to 711
-28	-40	-7	-14	-15	-5	-49	-52	cell = 712 to 719
-29	-32	-19	-5	-25	11	-10	-10	cell = 720 to 727
19	-26	-44	-21	-30	-40	-5	-18	cell = 728 to 735
-20	4	-37	4	7	-19	-29	-17	cell = 736 to 743
-37	-41	-40	1	-23	-29	-20	-11	cell = 744 to 751
-9	-3	-26	-6	-18	-17	-20	3	cell = 752 to 759
20	10	-24	2	-21	-3	-41	-14	cell = 760 to 767
-46	43	-5	-46	9	-9	-44	3	cell = 768 to 775
12	-34	-8	-39	18	-28	-25	-16	cell = 776 to 783
11	-22	3	6	-21	-22	-40	-6	cell = 784 to 791
-23	-44	-6	-42	-35	-11	-48	-4	cell = 792 to 799
-55	16	-16	-36	-36	3	22	-24	cell = 800 to 807
17	-12	-16	-28	35	-28	14	-29	cell = 808 to 815
11	-35	0	1	-20	-1	-31	-15	cell = 816 to 823
22	-14	-10	-9	-17	-8	0	2	cell = 824 to 831
-2	-42	-20	-41	32	16	-40	-9	cell = 832 to 839
-7	-36	14	-15	-32	-12	-19	-18	cell = 840 to 847
-1	-12	-41	-21	6	-39	-31	-24	cell = 848 to 855
-25	-25	-39	-17	-15	-27	4	-37	cell = 856 to 863
-4	0	23	-28	9	-57	5	-5	cell = 864 to 871
-18	-12	-78	-27	-11	-39	-39	16	cell = 872 to 879
10	-59	6	-1	-31	0	41	-11	cell = 880 to 887
-2	-5	-44	7	-11	-9	25	-5	cell = 888 to 895
-23	-11	1	-13	8	-22	-29	-7	cell = 896 to 903
-12	-2	-29	-24	-28	1	-14	-41	cell = 904 to 911
-11	-49	17	-5	-18	-25	-24	-19	cell = 912 to 919
37	-30	10	0	-8	-27	-14	-12	cell = 920 to 927
-70	-52	-28	-8	17	-26	-8	-28	cell = 928 to 935
3	-39	-7	-23	-3	33	-14	9	cell = 936 to 943
-18	-23	-21	-17	8	-21	-14	-2	cell = 944 to 951
-6	-36	-20	9	2	10	-7	-6	cell = 952 to 959
-30	-40	-53	-13	6	-50	-23	-29	cell = 960 to 967
-59	-8	-14	-18	-31	-50	-2	-31	cell = 968 to 975
-51	-17	-10	-19	-38	19	-26	2	cell = 976 to 983
-11	0	-20	-2	-26	-45	-27	-36	cell = 984 to 991
26	-20	-8	7	-18	-38	-40	11	cell = 992 to 999
13	-13	-8	-6	-13	-5	-15	-22	cell = 1000 to 1007
2	2	-40	-9	-25	-67	-11	-36	cell = 1008 to 1015
-1	11	37	-4	-15	-61	-29	-24	cell = 1016 to 1023
Calibration values from cell 0 to 1024 for channel 3:

54	-35	19	1	27	9	61	-10	cell = 0 to 7
35	10	44	-19	33	0	19	-28	cell = 8 to 15
45	-25	32	-4	-3	-51	84	-3	cell = 16 to 23
65	15	27	-4	33	3	72	-10	cell = 24 to 31
35	-35	34	28	66	-15	45	-4	cell = 32 to 39
39	28	95	-35	41	10	36	-1	cell = 40 to 47
73	6	38	-4	55	3	48	-14	cell = 48 to 55
87	4	29	10	48	4	16	-13	cell = 56 to 63
48	-28	40	0	10	-3	18	2	cell = 64 to 71
35	17	83	0	54	31	33	-29	cell = 72 to 79
49	-26	18	41	58	-7	41	-6	cell = 80 to 87
47	-15	31	6	36	-6	18	-20	cell = 88 to 95
56	0	-1	-24	50	6	59	0	cell = 96 to 103
40	-12	30	23	46	32	29	2	cell = 104 to 111
78	-17	81	-20	68	-28	30	24	cell = 112 to 119
52	5	52	22	78	37	37	-24	cell = 120 to 127
25	-25	10	-29	77	45	34	11	cell = 128 to 135
46	-35	35	6	89	-28	75	-2	cell = 136 to 143
43	-7	19	-13	76	-10	50	-21	cell = 144 to 151
50	-22	60	-33	57	-10	-14	-55	cell = 152 to 159
33	-12	75	14	50	0	60	-4	cell = 160 to 167
57	-8	74	-27	34	-2	42	11	cell = 168 to 175
16	-32	26	16	33	20	60	3	cell = 176 to 183
17	-35	43	3	37	-4	97	-19	cell = 184 to 191
73	-21	26	-13	53	-32	44	20	cell = 192 to 199
70	-17	72	-20	58	-15	30	8	cell = 200 to 207
44	-34	63	-10	30	16	47	-35	cell = 208 to 215
62	2	54	5	49	2	67	-33	cell = 216 to 223
45	-6	68	48	57	30	49	7	cell = 224 to 231
51	18	72	12	46	28	43	-19	cell = 232 to 239
57	42	49	23	88	-21	75	-13	cell = 240 to 247
75	-36	42	-6	68	12	53	-17	cell = 248 to 255
37	-33	77	-11	51	-12	59	7	cell = 256 to 263
32	-35	7	-5	62	2	76	-8	cell = 264 to 271
51	43	74	28	26	-32	49	8	cell = 272 to 279
46	11	68	-41	5	24	40	-21	cell = 280 to 287
28	-5	45	15	16	-28	56	-43	cell = 288 to 295
22	19	61	1	38	46	0	-9	cell = 296 to 303
30	20	74	34	27	-8	81	-34	cell = 304 to 311
68	22	-1	-18	17	9	64	-51	cell = 312 to 319
60	11	30	-13	72	12	79	-35	cell = 320 to 327
21	36	59	-32	55	-3	25	-13	cell = 328 to 335
68	-7	38	-16	36	2	25	26	cell = 336 to 343
40	6	56	0	39	-2	67	-20	cell = 344 to 351
58	-65	72	6	45	38	54	-12	cell = 352 to 359
21	18	50	5	34	15	72	1	cell = 360 to 367
63	-24	12	-24	34	-56	42	-2	cell = 368 to 375
45	27	68	-50	30	-20	32	-24	cell = 376 to 383
41	-33	60	0	7	-18	34	-55	cell = 384 to 391
37	20	4	-21	25	-2	30	16	cell = 392 to 399
54	15	25	-11	50	-29	56	11	cell = 400 to 407
53	3	27	-20	33	8	20	-38	cell = 408 to 415
86	9	44	-36	37	34	37	-34	cell = 416 to 423
43	20	14	5	25	-35	0	18	cell = 424 to 431
70	-11	19	3	30	-18	41	-11	cell = 432 to 439
69	-33	43	-50	61	-6	67	2	cell = 440 to 447
54	21	31	47	34	-28	-7	9	cell = 448 to 455
21	-20	31	-31	21	-14	55	19	cell = 456 to 463
2	58	6	4	41	-32	18	-44	cell = 464 to 471
49	-26	47	-40	39	-25	60	-6	cell = 472 to 479
19	-1	99	-3	19	-8	44	3	cell = 480 to 487
59	-12	1	-27	69	-9	63	-15	cell = 488 to 495
37	-41	-41	-120	-56	-91	-15	-92	cell = 496 to 503
23	-36	64	-9	1	-29	20	16	cell = 504 to 511
-16	-73	-15	-4	-10	-2	-48	-70	cell = 512 to 519
-4	-25	-40	14	-47	2	-32	-52	cell = 520 to 527
-57	-34	-53	-25	29	-17	-11	4	cell = 528 to 535
-25	15	-28	-25	-40	-16	-36	-37	cell = 536 to 543
-49	-42	-22	-11	-11	-20	10	-17	cell = 544 to 551
-52	-4	-17	-46	-16	-37	-25	-21	cell = 552 to 559
22	-3	6	3	-9	-69	-9	-21	cell = 560 to 567
-46	-31	-20	-15	18	-13	-29	-29	cell = 568 to 575
26	-42	-35	-8	-6	-23	-8	-45	cell = 576 to 583
12	-27	-32	-25	-44	-3	-55	-48	cell = 584 to 591
-20	-19	7	-32	-47	-28	-26	-48	cell = 592 to 599
-9	-50	-43	-27	-16	-20	-17	-17	cell = 600 to 607
16	3	-46	3	-40	-9	-57	-16	cell = 608 to 615
-44	-24	-19	-5	-33	-34	-30	-18	cell = 616 to 623
9	-16	6	-11	-19	-13	-9	-13	cell = 624 to 631
19	-58	1	2	2	-11	-10	-2	cell = 632 to 639
-9	-40	10	-34	3	-6	-4	-47	cell = 640 to 647
-3	4	-29	-25	-31	-32	-23	16	cell = 648 to 655
25	-43	-4	2	-42	-18	-43	-18	cell = 656 to 663
-30	18	-6	-8	-60	16	-39	-13	cell = 664 to 671
16	-26	29	-12	25	-56	-40	-69	cell = 672 to 679
-14	-6	-65	-51	-61	8	-11	-10	cell = 680 to 687
2	-41	-31	19	-4	1	10	-15	cell = 688 to 695
-23	-13	-5	-22	3	-8	-32	-39	cell = 696 to 703
-28	-57	5	18	-13	-19	0	-20	cell = 704 to 711
-3	-43	-36	-15	13	-28	-40	-26	cell = 712 to 719
-30	-45	-18	18	12	-6	20	-29	cell = 720 to 727
-13	-16	-41	-20	-10	-24	-5	-9	cell = 728 to 735
-41	-27	-41	25	-33	-7	9	-10	cell = 736 to 743
-24	-32	-29	-42	-32	-12	-35	-16	cell = 744 to 751
-13	-23	-26	-18	-16	4	-30	-46	cell = 752 to 759
10	-36	-48	4	-21	-12	-32	-37	cell = 760 to 767
-24	19	-17	-35	-15	-34	-13	-44	cell = 768 to 775
-57	-69	-65	-21	-70	-40	-18	-48	cell = 776 to 783
-27	-72	28	-9	-25	-36	15	-10	cell = 784 to 791
-42	-67	13	3	19	5	-38	-8	cell = 792 to 799
2	-38	-9	-8	-12	-3	-10	-26	cell = 800 to 807
-21	-33	-15	2	-15	-16	6	-26	cell = 808 to 815
13	-2	-44	7	-38	2	-42	-27	cell = 816 to 823
-48	0	-4	-20	12	-37	13	-13	cell = 824 to 831
-31	-51	-6	-3	-32	-9	-59	-2	cell = 832 to 839
20	9	-29	-16	-5	-10	-30	-24	cell = 840 to 847
-37	-23	-10	-18	-5	-24	3	11	cell = 848 to 855
-15	-21	-77	-18	30	17	-12	-28	cell = 856 to 863
-11	6	-28	-1	22	-14	-18	-12	cell = 864 to 871
-20	-33	-5	2	-3	-6	0	-13	cell = 872 to 879
-12	-6	-6	-17	-7	-7	10	-58	cell = 880 to 887
-19	29	-2	-29	-3	-37	-20	0	cell = 888 to 895
-6	-32	-60	-54	0	-10	-16	-20	cell = 896 to 903
-7	-26	-26	-19	-23	-32	-54	-17	cell = 904 to 911
-55	-29	-17	-15	6	-24	-9	-9	cell = 912 to 919
-81	-3	-13	-4	-14	-44	-71	-30	cell = 920 to 927
-27	-15	-20	-4	-31	-25	-10	34	cell = 928 to 935
-23	39	-21	-56	21	-37	-10	-11	cell = 936 to 943
-38	19	-22	-32	-7	-6	-10	-9	cell = 944 to 951
-51	-1	-39	-22	-21	-4	-10	-7	cell = 952 to 959
-18	-6	-12	-43	-6	-9	9	-61	cell = 960 to 967
-12	-30	7	-35	0	-10	15	-22	cell = 968 to 975
30	-44	3	-8	-39	11	0	-36	cell = 976 to 983
10	-9	-49	26	-2	-19	-25	18	cell = 984 to 991
-40	-32	-17	1	-67	-37	-52	-2	cell = 992 to 999
-47	-42	7	-41	-37	-45	-6	16	cell = 1000 to 1007
-12	7	-29	-45	-16	-38	-8	-11	cell = 1008 to 1015
12	-24	-13	36	-53	-21	-25	-46	cell = 1016 to 1023
Calibration values from cell 0 to 1024 for channel 4:

16	11	40	-48	30	13	41	-2	cell = 0 to 7
41	13	58	-22	19	21	54	1	cell = 8 to 15
33	-5	73	-7	30	-24	99	-22	cell = 16 to 23
39	-25	24	0	41	-49	56	-11	cell = 24 to 31
-7	15	77	-12	10	-13	9	8	cell = 32 to 39
41	-9	30	-30	74	-13	69	8	cell = 40 to 47
19	11	63	-25	36	-5	24	7	cell = 48 to 55
51	-20	65	-20	63	-15	79	-20	cell = 56 to 63
48	21	33	-28	43	-24	35	-9	cell = 64 to 71
74	32	46	-22	23	8	59	-15	cell = 72 to 79
60	-11	27	-34	45	-1	49	-32	cell = 80 to 87
2	-37	32	-26	59	29	27	-30	cell = 88 to 95
32	-32	47	7	95	11	66	-44	cell = 96 to 103
59	-7	54	13	52	4	86	-2	cell = 104 to 111
31	-27	84	-7	57	24	1	-17	cell = 112 to 119
1	-24	45	-32	13	-25	46	-37	cell = 120 to 127
39	15	73	-15	42	-31	53	-48	cell = 128 to 135
72	14	9	-58	44	-20	48	-16	cell = 136 to 143
45	13	48	-7	46	-16	19	2	cell = 144 to 151
63	-38	80	40	58	-24	26	-34	cell = 152 to 159
37	-17	47	-19	67	-5	88	-24	cell = 160 to 167
48	8	69	-11	81	-15	48	45	cell = 168 to 175
56	9	28	-26	33	-26	24	10	cell = 176 to 183
41	-41	55	-25	28	-1	22	-9	cell = 184 to 191
57	-47	29	-13	30	-45	24	18	cell = 192 to 199
42	-105	6	-36	72	-18	22	18	cell = 200 to 207
108	2	40	-15	69	-15	82	-24	cell = 208 to 215
42	-25	45	-3	39	-11	9	21	cell = 216 to 223
22	39	52	-47	50	-52	53	-22	cell = 224 to 231
33	-25	39	-8	26	7	30	1	cell = 232 to 239
30	0	35	-46	43	-17	54	-53	cell = 240 to 247
73	7	51	-26	25	19	8	-25	cell = 248 to 255
63	-29	56	-52	24	-20	31	3	cell = 256 to 263
30	-22	48	-13	32	-40	34	-29	cell = 264 to 271
35	6	67	-9	39	-10	48	8	cell = 272 to 279
67	-8	99	-47	78	-19	45	10	cell = 280 to 287
47	-48	28	35	-3	9	68	0	cell = 288 to 295
17	24	39	7	33	4	30	-52	cell = 296 to 303
39	3	63	23	86	17	49	17	cell = 304 to 311
68	-28	-2	22	64	-16	32	9	cell = 312 to 319
45	-13	7	-33	55	2	80	18	cell = 320 to 327
43	-6	58	-7	56	-48	81	-42	cell = 328 to 335
63	-36	19	-13	47	-29	33	-23	cell = 336 to 343
59	-7	17	26	39	-26	47	-12	cell = 344 to 351
74	1	76	-5	29	-1	59	9	cell = 352 to 359
41	11	45	-13	76	-5	60	-4	cell = 360 to 367
57	11	38	-11	69	-29	20	23	cell = 368 to 375
25	-49	13	-9	11	-5	82	22	cell = 376 to 383
32	-33	29	41	42	-35	9	-20	cell = 384 to 391
23	-29	22	-51	102	-38	55	-30	cell = 392 to 399
64	-20	29	-15	45	-8	49	-42	cell = 400 to 407
10	31	77	27	24	-73	26	-11	cell = 408 to 415
8	-42	11	-21	52	-2	62	-9	cell = 416 to 423
70	-17	34	-26	63	1	54	0	cell = 424 to 431
70	-22	57	-50	62	59	25	6	cell = 432 to 439
26	-39	9	-4	53	-30	48	5	cell = 440 to 447
58	-16	63	-53	38	-30	72	-22	cell = 448 to 455
19	1	49	-27	12	-30	34	-44	cell = 456 to 463
44	12	89	-4	16	-16	25	-11	cell = 464 to 471
47	9	54	-36	48	11	57	-24	cell = 472 to 479
90	-21	61	-7	32	1	50	-5	cell = 480 to 487
62	-14	67	26	8	0	77	-4	cell = 488 to 495
32	-22	-31	-114	-61	-106	-34	-77	cell = 496 to 503
73	29	35	14	63	-4	75	-9	cell = 504 to 511
0	-70	-10	7	-9	-56	-41	-40	cell = 512 to 519
-75	15	-37	-32	-17	-2	-44	-4	cell = 520 to 527
7	-1	15	-31	-32	-49	-19	0	cell = 528 to 535
1	0	13	-23	-9	-7	15	-17	cell = 536 to 543
-3	-29	-13	-27	8	-17	-59	-30	cell = 544 to 551
-9	-21	8	-26	-15	-55	-52	-16	cell = 552 to 559
-29	6	-31	-9	-45	-21	-8	-21	cell = 560 to 567
-11	-6	-13	-5	7	6	-26	-17	cell = 568 to 575
-6	-70	-14	-11	-56	-38	-5	-38	cell = 576 to 583
-18	-42	-11	-33	-56	21	-41	-10	cell = 584 to 591
-38	-15	-6	-3	-62	-10	-31	-34	cell = 592 to 599
-30	8	-22	-5	-9	-46	-34	-14	cell = 600 to 607
-28	-20	-30	-9	-20	1	-38	-21	cell = 608 to 615
-50	-48	28	-2	-12	-32	-25	2	cell = 616 to 623
-11	6	-64	2	0	4	-28	-35	cell = 624 to 631
-30	-20	9	-31	17	-32	13	-38	cell = 632 to 639
-29	44	15	14	-2	-19	-45	25	cell = 640 to 647
-8	-20	-18	-39	-5	-39	-12	-11	cell = 648 to 655
-17	-6	17	-25	-11	19	-9	9	cell = 656 to 663
-5	-7	-26	1	5	-28	-47	-13	cell = 664 to 671
13	-45	2	-21	35	30	-34	-30	cell = 672 to 679
-25	-14	-20	-2	-21	-41	12	15	cell = 680 to 687
-38	-24	-23	-21	12	-35	-45	-32	cell = 688 to 695
14	-11	-25	-57	-22	-41	-58	-4	cell = 696 to 703
1	-22	12	-25	-60	-35	-44	-51	cell = 704 to 711
-14	-34	-40	-25	15	-34	40	-12	cell = 712 to 719
10	-65	0	-13	29	2	14	-18	cell = 720 to 727
7	-18	-27	-20	-12	-58	21	-23	cell = 728 to 735
-19	-13	6	-13	13	-3	48	-8	cell = 736 to 743
-11	29	-21	-36	-15	0	-22	19	cell = 744 to 751
-54	3	6	-43	24	-22	0	-63	cell = 752 to 759
16	9	-26	10	26	-2	-5	-13	cell = 760 to 767
4	-31	-28	-17	4	22	-17	-9	cell = 768 to 775
-5	-62	-6	-3	-2	-15	-58	14	cell = 776 to 783
-26	-57	-47	-53	-11	-20	-11	-12	cell = 784 to 791
30	-2	-37	-33	-17	-34	-33	-35	cell = 792 to 799
-14	-39	10	7	-24	-25	-69	-41	cell = 800 to 807
15	-9	7	5	-30	2	-59	-11	cell = 808 to 815
9	-35	-16	-8	29	-54	-28	0	cell = 816 to 823
24	13	-27	2	-7	-2	16	-4	cell = 824 to 831
-32	-20	-34	9	-5	-22	-23	-17	cell = 832 to 839
-9	-22	-30	-64	-21	-19	-6	-22	cell = 840 to 847
24	22	-8	-5	6	0	-25	2	cell = 848 to 855
-62	45	10	9	-54	-6	22	-27	cell = 856 to 863
-3	-40	-6	-44	7	-40	-4	-20	cell = 864 to 871
-24	-8	-21	-37	-15	32	-18	-24	cell = 872 to 879
-17	-16	-7	-8	8	-31	35	-23	cell = 880 to 887
-20	-18	-3	3	-26	-17	-8	-33	cell = 888 to 895
-13	-47	11	-9	-25	-40	-19	-10	cell = 896 to 903
-21	-30	-53	-32	-56	-8	-22	-17	cell = 904 to 911
22	9	0	27	6	-21	-20	-68	cell = 912 to 919
-23	8	-18	-37	-25	-21	20	8	cell = 920 to 927
-34	-21	16	-18	-28	-66	26	-35	cell = 928 to 935
-44	-19	-10	-18	-28	-15	-4	-29	cell = 936 to 943
-41	-38	8	26	-3	-3	7	1	cell = 944 to 951
2	9	-14	-12	32	-57	1	-38	cell = 952 to 959
-15	-5	-4	2	-19	-20	-5	-2	cell = 960 to 967
-31	-50	-10	-52	-15	-27	-56	-39	cell = 968 to 975
-36	-59	-32	-20	11	-15	5	-11	cell = 976 to 983
11	34	5	-37	9	-12	-54	-14	cell = 984 to 991
0	-42	10	7	-23	-9	-33	-13	cell = 992 to 999
-18	-14	0	-27	-40	-64	-46	-39	cell = 1000 to 1007
3	10	-29	-41	-25	-64	1	-52	cell = 1008 to 1015
-27	-9	-4	-34	-42	-13	-29	-53	cell = 1016 to 1023
Calibration values from cell 0 to 1024 for channel 5:

54	-19	50	1	37	-5	46	6	cell = 0 to 7
26	19	35	-23	59	-37	14	-32	cell = 8 to 15
32	-14	90	-11	55	-26	41	-29	cell = 16 to 23
74	-32	53	-40	23	-15	78	-4	cell = 24 to 31
46	-24	20	2	66	-26	40	-5	cell = 32 to 39
53	-11	66	-41	38	-10	5	21	cell = 40 to 47
-9	42	15	6	47	8	84	-14	cell = 48 to 55
57	-23	81	-33	30	-22	51	-6	cell = 56 to 63
22	1	56	-38	31	-29	59	36	cell = 64 to 71
78	-9	47	3	47	-4	51	28	cell = 72 to 79
66	-23	35	-42	37	26	82	-8	cell = 80 to 87
54	28	53	-5	71	-22	29	-14	cell = 88 to 95
84	-4	98	-62	22	50	56	-5	cell = 96 to 103
87	-12	22	11	48	-18	12	-15	cell = 104 to 111
14	-16	54	-15	36	-31	54	-22	cell = 112 to 119
36	-6	62	-27	54	3	70	0	cell = 120 to 127
90	2	87	35	48	-17	53	-34	cell = 128 to 135
25	-27	14	-39	40	-26	47	35	cell = 136 to 143
65	-31	50	-33	69	5	27	-2	cell = 144 to 151
20	16	21	16	69	-45	63	2	cell = 152 to 159
73	-45	2	-48	71	8	36	14	cell = 160 to 167
57	1	40	3	75	-11	14	10	cell = 168 to 175
73	-34	58	-18	65	-14	30	-30	cell = 176 to 183
62	-20	54	-34	59	7	12	-53	cell = 184 to 191
33	16	37	-18	20	6	43	-17	cell = 192 to 199
36	-7	2	-23	52	-17	85	18	cell = 200 to 207
41	-12	53	12	20	18	27	-11	cell = 208 to 215
50	-26	38	-22	49	-24	62	-54	cell = 216 to 223
25	24	19	-31	79	-15	73	-42	cell = 224 to 231
30	24	50	-22	62	-24	36	-15	cell = 232 to 239
71	25	56	-6	33	11	95	-10	cell = 240 to 247
73	-14	74	-29	68	-14	44	-6	cell = 248 to 255
61	30	59	26	17	-2	33	-23	cell = 256 to 263
32	-23	69	-32	37	13	22	3	cell = 264 to 271
47	-13	54	-34	21	-34	66	-31	cell = 272 to 279
31	4	52	-21	58	-6	67	22	cell = 280 to 287
42	-12	67	-35	42	-22	49	-19	cell = 288 to 295
53	29	13	-30	28	-19	47	-17	cell = 296 to 303
55	-25	33	-30	37	3	68	28	cell = 304 to 311
0	0	40	28	39	-6	35	-33	cell = 312 to 319
82	7	22	-29	12	-20	55	-9	cell = 320 to 327
55	-33	18	13	42	30	63	-44	cell = 328 to 335
58	8	37	-20	29	-18	34	-10	cell = 336 to 343
35	5	59	3	11	14	56	3	cell = 344 to 351
41	9	65	9	52	-33	29	25	cell = 352 to 359
42	-46	13	-8	-14	-29	10	6	cell = 360 to 367
18	-42	28	39	89	-12	63	-41	cell = 368 to 375
42	-29	69	-39	56	0	21	-3	cell = 376 to 383
87	-25	9	-33	33	-5	31	-14	cell = 384 to 391
49	-3	35	-13	-2	12	71	-10	cell = 392 to 399
66	4	74	-36	52	-4	29	-19	cell = 400 to 407
35	-36	38	-40	61	-32	61	5	cell = 408 to 415
62	-41	93	5	49	-4	30	-19	cell = 416 to 423
77	14	45	-10	25	-48	42	34	cell = 424 to 431
72	-10	87	-4	36	1	47	23	cell = 432 to 439
43	-22	79	-41	12	-36	65	-23	cell = 440 to 447
2	5	46	12	45	-62	65	-43	cell = 448 to 455
53	20	-2	-27	66	-41	52	17	cell = 456 to 463
-25	5	47	2	31	-29	47	-10	cell = 464 to 471
64	16	51	-12	30	-37	43	-36	cell = 472 to 479
50	-11	23	2	-5	-15	52	-43	cell = 480 to 487
13	-39	35	-25	18	20	50	-5	cell = 488 to 495
23	-20	-14	-77	-69	-92	-24	-87	cell = 496 to 503
54	-35	25	-19	47	25	87	-70	cell = 504 to 511
-7	-1	-8	-36	-1	-13	-28	10	cell = 512 to 519
-7	-5	-28	-59	-24	-7	-44	-29	cell = 520 to 527
-8	-11	-16	-28	13	-7	10	-60	cell = 528 to 535
-15	16	10	15	9	-59	-27	-18	cell = 536 to 543
-20	-9	-34	-33	-24	-34	-10	2	cell = 544 to 551
-7	-1	33	3	18	-24	-14	-51	cell = 552 to 559
-30	3	-46	-16	21	-31	1	-7	cell = 560 to 567
-18	12	35	-15	5	-29	-4	-49	cell = 568 to 575
-50	-91	-25	-20	-28	-32	-4	-76	cell = 576 to 583
-46	-13	-34	-24	-9	-14	-39	0	cell = 584 to 591
3	26	-39	-4	3	-32	-48	-15	cell = 592 to 599
10	9	-4	-15	-38	-40	-62	-24	cell = 600 to 607
-5	4	-6	-25	-30	-53	-24	-92	cell = 608 to 615
-53	-3	-20	-43	-55	1	30	-7	cell = 616 to 623
-31	9	9	-41	-10	-51	13	-47	cell = 624 to 631
-32	-46	-5	-16	-18	-18	-20	-38	cell = 632 to 639
0	-23	-28	-39	11	-26	-11	-33	cell = 640 to 647
-59	-15	-57	-6	-34	4	-52	-1	cell = 648 to 655
-6	-19	2	-51	-33	-11	-11	-20	cell = 656 to 663
-2	0	-15	38	18	-62	-9	-22	cell = 664 to 671
-49	-32	-32	5	-21	-9	-35	-22	cell = 672 to 679
-33	-4	-45	-31	12	-35	-31	-4	cell = 680 to 687
10	-20	-45	-16	14	1	-10	-22	cell = 688 to 695
-51	-36	-16	-5	-47	-24	-61	-4	cell = 696 to 703
4	-44	-26	-22	23	-40	-46	-11	cell = 704 to 711
-28	23	-42	-20	20	-22	-26	-29	cell = 712 to 719
-31	-9	-24	-29	6	-3	-24	-20	cell = 720 to 727
-6	-63	-31	0	-21	23	-39	-6	cell = 728 to 735
1	-11	-32	-3	7	-9	-19	-27	cell = 736 to 743
-19	-25	-12	-18	-37	-41	8	-51	cell = 744 to 751
-36	-14	7	-28	-10	-69	-15	-42	cell = 752 to 759
10	-1	-27	2	14	-17	-3	-17	cell = 760 to 767
-19	-65	-34	-31	-13	-30	3	-55	cell = 768 to 775
-36	29	-8	-41	0	-35	-41	-38	cell = 776 to 783
-18	5	10	-18	-28	-19	-45	-9	cell = 784 to 791
-43	7	30	27	39	-40	-29	-16	cell = 792 to 799
-23	-45	-14	-14	3	-10	-33	7	cell = 800 to 807
-12	-30	5	-31	-6	-8	-3	-24	cell = 808 to 815
17	-27	-23	-6	-8	-28	-35	-11	cell = 816 to 823
-19	1	-29	-60	-25	-19	-47	6	cell = 824 to 831
-8	-24	2	-12	-21	-69	-47	-30	cell = 832 to 839
-22	-14	-70	-56	-27	-20	3	-41	cell = 840 to 847
24	0	-29	1	-26	-9	7	-22	cell = 848 to 855
22	19	-9	0	-1	-19	-23	0	cell = 856 to 863
-18	-53	-7	-3	16	-27	-12	4	cell = 864 to 871
-35	-29	-32	20	-20	-11	-45	-13	cell = 872 to 879
-92	-4	-36	20	-14	-6	-25	-9	cell = 880 to 887
11	-36	7	-3	1	-51	0	9	cell = 888 to 895
-7	7	-11	-34	59	-26	22	-35	cell = 896 to 903
-14	-2	5	29	22	-34	-28	-36	cell = 904 to 911
-3	-30	-9	-19	-35	-35	22	-26	cell = 912 to 919
11	-11	-46	-11	-27	7	-52	12	cell = 920 to 927
26	-40	32	-20	4	-7	-1	-44	cell = 928 to 935
15	19	-36	-16	29	-38	-27	-41	cell = 936 to 943
-25	-4	16	-6	-5	0	12	5	cell = 944 to 951
-3	-15	-26	-7	-34	-60	-10	-14	cell = 952 to 959
-9	-10	10	-27	36	30	-19	-38	cell = 960 to 967
-23	4	-15	-25	-13	-22	-28	2	cell = 968 to 975
-16	-3	5	7	-18	-36	-40	7	cell = 976 to 983
-38	-46	12	8	-1	3	20	-45	cell = 984 to 991
-34	-12	-41	-12	11	8	-28	1	cell = 992 to 999
-49	-11	-18	-8	20	0	-16	-3	cell = 1000 to 1007
-8	-2	0	-35	-11	-16	-35	-27	cell = 1008 to 1015
-16	-13	-29	-46	-43	-35	-23	1	cell = 1016 to 1023
Calibration values from cell 0 to 1024 for channel 6:

48	16	67	-21	67	-5	73	-15	cell = 0 to 7
43	-34	12	-11	33	-12	28	9	cell = 8 to 15
46	-24	22	39	27	-21	22	0	cell = 16 to 23
28	0	28	-24	26	30	41	-7	cell = 24 to 31
40	33	21	3	16	12	22	-36	cell = 32 to 39
77	-14	55	7	48	-48	36	9	cell = 40 to 47
38	-28	17	-22	32	-25	-2	-14	cell = 48 to 55
57	21	39	-24	39	-41	53	23	cell = 56 to 63
1	-14	67	3	37	9	57	-31	cell = 64 to 71
46	8	42	-18	57	19	67	-5	cell = 72 to 79
37	-24	82	18	55	-19	21	-8	cell = 80 to 87
73	11	47	4	37	-31	67	-28	cell = 88 to 95
65	-8	43	-14	27	-14	33	-26	cell = 96 to 103
39	-28	47	-19	10	-25	78	-16	cell = 104 to 111
40	16	51	-40	75	-18	82	-10	cell = 112 to 119
42	26	69	-9	76	-17	53	23	cell = 120 to 127
38	-44	51	0	27	2	59	11	cell = 128 to 135
24	23	47	1	84	25	42	2	cell = 136 to 143
29	-19	61	12	61	-1	27	-8	cell = 144 to 151
23	-36	13	12	45	-26	50	-6	cell = 152 to 159
58	20	31	2	60	2	58	-33	cell = 160 to 167
46	-28	61	2	57	-12	24	-3	cell = 168 to 175
45	19	2	-50	53	-48	12	0	cell = 176 to 183
-10	17	60	11	36	-31	64	-12	cell = 184 to 191
18	6	36	-5	66	0	50	-8	cell = 192 to 199
63	8	68	-40	60	-37	38	-6	cell = 200 to 207
34	-51	53	-10	38	-52	65	-8	cell = 208 to 215
63	-20	51	5	60	-20	51	-11	cell = 216 to 223
78	14	27	13	18	-49	76	21	cell = 224 to 231
61	-15	31	-27	37	-5	27	-61	cell = 232 to 239
22	-16	34	-14	63	-15	37	-16	cell = 240 to 247
31	-6	63	-12	44	37	39	-35	cell = 248 to 255
5	-32	39	25	47	-22	52	-11	cell = 256 to 263
85	11	83	13	60	-5	20	-57	cell = 264 to 271
67	3	6	9	50	-11	93	20	cell = 272 to 279
52	-29	25	-13	59	21	-4	17	cell = 280 to 287
77	-21	52	31	68	2	49	-8	cell = 288 to 295
58	17	33	28	45	-10	43	-17	cell = 296 to 303
39	-36	108	-9	87	14	57	34	cell = 304 to 311
30	1	93	-29	21	-28	58	-3	cell = 312 to 319
39	-18	41	16	41	-19	72	-21	cell = 320 to 327
53	30	46	-18	10	-9	39	-28	cell = 328 to 335
16	-11	54	-34	8	-17	71	-5	cell = 336 to 343
87	-19	15	16	-6	-49	75	-31	cell = 344 to 351
59	50	40	-52	43	-10	24	0	cell = 352 to 359
29	16	26	-8	38	-19	39	-7	cell = 360 to 367
47	20	44	-7	47	-54	67	-14	cell = 368 to 375
93	-43	54	0	48	-13	57	-28	cell = 376 to 383
43	-15	38	-3	49	-31	43	-7	cell = 384 to 391
30	-74	56	30	70	11	37	-37	cell = 392 to 399
34	-13	50	-64	51	-55	41	-1	cell = 400 to 407
34	3	58	-2	35	-30	79	-9	cell = 408 to 415
25	-36	47	-19	59	19	40	26	cell = 416 to 423
0	-7	62	-20	20	-12	71	-20	cell = 424 to 431
79	-33	58	-12	47	6	33	24	cell = 432 to 439
33	8	16	-25	58	13	42	-22	cell = 440 to 447
0	-5	27	2	53	-15	48	0	cell = 448 to 455
12	-18	52	-37	19	-12	65	-20	cell = 456 to 463
60	-20	77	-9	11	-2	93	7	cell = 464 to 471
23	-28	55	3	19	-13	35	-83	cell = 472 to 479
50	-27	57	-12	53	-22	57	7	cell = 480 to 487
47	-3	63	-33	47	-27	4	0	cell = 488 to 495
72	-34	-61	-62	-52	-72	-36	-86	cell = 496 to 503
72	-1	48	-26	8	-16	43	-39	cell = 504 to 511
-10	-30	-6	-38	-14	-22	-62	-49	cell = 512 to 519
-31	0	9	-28	-23	-10	-12	8	cell = 520 to 527
-27	-27	-19	-23	-53	-7	-8	-68	cell = 528 to 535
-10	-48	-5	18	6	-2	-16	-12	cell = 536 to 543
27	-31	-11	-20	3	-31	-49	1	cell = 544 to 551
-2	-72	-37	-60	-26	7	-23	32	cell = 552 to 559
4	12	-8	-37	-33	-36	-27	-21	cell = 560 to 567
-36	-12	21	8	-36	-6	-29	5	cell = 568 to 575
-19	-26	25	-34	-33	-20	-39	-6	cell = 576 to 583
-16	-40	-35	-36	-47	7	-49	-35	cell = 584 to 591
7	-16	-21	-61	18	-1	-6	-34	cell = 592 to 599
0	-30	5	-24	-12	0	-17	-3	cell = 600 to 607
18	-40	-7	-51	-20	1	-31	-41	cell = 608 to 615
-54	-78	1	-48	2	10	-61	24	cell = 616 to 623
-18	-25	-8	-30	-13	-19	-45	-36	cell = 624 to 631
-11	-11	-19	-31	-14	-42	-11	-19	cell = 632 to 639
-7	-13	-17	-47	-26	0	5	-37	cell = 640 to 647
1	-58	-5	2	-38	-25	-35	34	cell = 648 to 655
-13	-4	-21	-30	10	38	-62	-30	cell = 656 to 663
-12	11	-16	-33	38	5	-14	-15	cell = 664 to 671
-29	14	27	-12	-4	-64	-14	-18	cell = 672 to 679
-4	-25	34	-35	-7	26	-24	-14	cell = 680 to 687
23	0	-24	11	10	-9	-39	-51	cell = 688 to 695
9	-43	-12	29	-24	-44	14	11	cell = 696 to 703
-34	-28	-49	-73	-63	-24	-6	-54	cell = 704 to 711
0	-42	-5	-68	-58	-29	-4	-12	cell = 712 to 719
-17	-16	-26	-42	-20	-17	-2	-46	cell = 720 to 727
-14	-5	-44	32	-13	-33	19	12	cell = 728 to 735
8	-22	-49	12	14	-30	18	-24	cell = 736 to 743
-28	-23	-2	-23	-41	-11	-34	8	cell = 744 to 751
-31	-35	-35	1	-16	11	1	-3	cell = 752 to 759
1	-38	-12	-47	-57	37	-15	-12	cell = 760 to 767
17	-19	-21	-36	-51	-51	-6	-17	cell = 768 to 775
-26	23	-29	-12	-4	-20	-12	-41	cell = 776 to 783
-23	-47	-18	-43	26	5	-45	-17	cell = 784 to 791
3	-28	-41	-27	-29	-60	1	-8	cell = 792 to 799
-28	21	-13	-7	20	-5	-37	-20	cell = 800 to 807
-33	-4	1	-6	6	-9	-15	-54	cell = 808 to 815
-20	-23	-19	-14	-22	-18	-9	2	cell = 816 to 823
-17	-23	-39	-24	-33	-54	-18	6	cell = 824 to 831
19	-34	-18	-2	8	-38	-39	-12	cell = 832 to 839
-48	0	-24	-12	-45	2	-7	-17	cell = 840 to 847
-18	-37	-23	-40	31	18	0	13	cell = 848 to 855
9	-27	-16	33	-22	-32	2	-9	cell = 856 to 863
0	6	-11	12	11	-44	-35	-41	cell = 864 to 871
9	-27	19	-32	-38	-11	-38	-22	cell = 872 to 879
-18	-10	-2	-14	-7	-38	-4	-33	cell = 880 to 887
-61	1	-4	-22	11	-63	-71	-10	cell = 888 to 895
-31	3	-8	-22	29	-34	-59	-57	cell = 896 to 903
-17	-30	9	-29	19	-41	26	0	cell = 904 to 911
-2	-13	-14	3	24	19	28	-12	cell = 912 to 919
7	-2	-14	-46	0	-38	-11	-34	cell = 920 to 927
-7	-38	39	-13	4	3	20	-32	cell = 928 to 935
-70	-18	-12	-21	-16	-28	-42	-17	cell = 936 to 943
1	-27	2	-79	-3	-34	-8	-24	cell = 944 to 951
2	-27	-44	17	-11	-41	-9	-6	cell = 952 to 959
-37	-40	-41	-23	-52	-46	-8	51	cell = 960 to 967
-31	-37	-35	19	-14	15	15	-15	cell = 968 to 975
-16	24	-22	-31	-9	-10	-34	-32	cell = 976 to 983
2	-38	-22	-11	-18	2	8	7	cell = 984 to 991
-19	7	-17	17	11	-41	-17	-29	cell = 992 to 999
19	-47	-48	-45	-5	-8	-22	-11	cell = 1000 to 1007
10	-40	-52	-12	-13	-26	-12	30	cell = 1008 to 1015
-5	-10	-68	-54	-11	-34	-30	-48	cell = 1016 to 1023
Calibration values from cell 0 to 1024 for channel 7:

48	-29	38	-32	10	-32	27	-26	cell = 0 to 7
46	-4	57	19	48	-39	85	-1	cell = 8 to 15
32	-4	15	-38	34	-5	12	22	cell = 16 to 23
32	-19	52	-23	7	-29	77	4	cell = 24 to 31
27	1	39	-11	70	5	71	6	cell = 32 to 39
85	-12	52	14	53	-30	66	1	cell = 40 to 47
40	4	28	-5	26	11	91	-49	cell = 48 to 55
42	19	17	-4	36	14	72	-8	cell = 56 to 63
46	6	93	-19	33	-7	44	-21	cell = 64 to 71
28	-17	45	28	39	-15	48	-2	cell = 72 to 79
48	-23	62	-9	18	37	36	-21	cell = 80 to 87
7	23	68	-11	48	-14	46	-43	cell = 88 to 95
37	30	57	-32	57	16	93	49	cell = 96 to 103
82	-6	23	-21	79	-2	53	-17	cell = 104 to 111
34	2	35	-44	69	-30	61	-48	cell = 112 to 119
-1	18	85	-2	19	-4	40	-25	cell = 120 to 127
34	-51	64	16	39	-5	6	-32	cell = 128 to 135
63	-37	3	-15	46	8	39	-26	cell = 136 to 143
19	5	54	-14	38	12	48	22	cell = 144 to 151
47	-12	85	17	25	25	38	-27	cell = 152 to 159
49	7	24	-31	51	0	22	-30	cell = 160 to 167
58	13	44	-34	60	7	50	9	cell = 168 to 175
90	16	13	-2	30	-39	45	26	cell = 176 to 183
65	-25	37	-10	65	-30	45	8	cell = 184 to 191
22	-15	77	43	53	-6	94	24	cell = 192 to 199
61	-38	23	0	39	-10	54	-23	cell = 200 to 207
11	-6	48	-29	37	-32	13	-11	cell = 208 to 215
40	18	64	24	32	-4	20	-60	cell = 216 to 223
47	-8	63	-39	20	-8	8	12	cell = 224 to 231
61	-18	92	-24	9	-27	48	-8	cell = 232 to 239
65	-3	45	-45	3	9	43	22	cell = 240 to 247
11	-15	12	-10	45	-28	11	-13	cell = 248 to 255
67	-14	32	-12	60	-11	37	1	cell = 256 to 263
59	-7	28	-2	19	-6	17	-23	cell = 264 to 271
14	21	46	-22	13	-11	52	24	cell = 272 to 279
41	-12	43	-15	79	-14	-6	32	cell = 280 to 287
31	19	71	30	34	-3	40	-16	cell = 288 to 295
63	8	81	-9	18	29	31	-19	cell = 296 to 303
49	-59	54	15	11	12	30	28	cell = 304 to 311
42	-33	70	6	29	3	39	26	cell = 312 to 319
20	-17	-5	-18	51	27	24	-24	cell = 320 to 327
41	-36	48	0	28	-2	14	-9	cell = 328 to 335
77	-48	44	11	40	-18	60	10	cell = 336 to 343
28	-11	60	21	30	-28	74	-3	cell = 344 to 351
82	31	53	13	31	-65	62	-13	cell = 352 to 359
59	-30	68	-42	51	-34	24	-15	cell = 360 to 367
29	21	18	-32	27	7	40	-5	cell = 368 to 375
57	-18	36	24	66	31	36	36	cell = 376 to 383
66	-14	39	-7	19	-12	63	-23	cell = 384 to 391
60	-13	24	-28	11	-32	64	-11	cell = 392 to 399
35	28	36	11	63	-16	40	-9	cell = 400 to 407
27	-19	24	5	54	21	91	-42	cell = 408 to 415
53	-1	24	-2	22	-10	12	3	cell = 416 to 423
17	-43	84	-49	79	18	54	4	cell = 424 to 431
40	-11	48	-16	38	12	33	0	cell = 432 to 439
30	-6	38	-29	12	-52	51	7	cell = 440 to 447
3	20	44	-21	48	-25	15	-18	cell = 448 to 455
6	-23	40	-11	22	5	-12	-33	cell = 456 to 463
72	35	25	-60	13	-21	52	2	cell = 464 to 471
29	-39	41	0	56	32	38	-43	cell = 472 to 479
17	-43	53	-7	68	-28	56	-43	cell = 480 to 487
55	1	50	-43	67	5	29	0	cell = 488 to 495
42	6	-3	-126	-18	-105	-55	-52	cell = 496 to 503
31	-28	19	-9	13	-43	45	-20	cell = 504 to 511
0	-18	-36	-36	-30	-9	-27	9	cell = 512 to 519
-1	-54	-54	-21	-45	-2	-29	6	cell = 520 to 527
-25	-34	6	-11	1	-43	-32	-22	cell = 528 to 535
-29	-50	-65	0	-9	-12	-38	-42	cell = 536 to 543
12	-26	-17	-19	25	5	-67	-7	cell = 544 to 551
-31	3	14	-28	-5	1	-22	-42	cell = 552 to 559
-15	4	-31	-19	-4	-15	-18	-27	cell = 560 to 567
-1	-46	-17	-43	-34	-25	-41	-53	cell = 568 to 575
10	-44	-18	-10	-30	18	-44	-18	cell = 576 to 583
3	-69	-1	2	-28	-14	17	6	cell = 584 to 591
-45	-39	-47	-31	-27	17	-28	7	cell = 592 to 599
-14	-17	-9	-20	-47	-25	10	10	cell = 600 to 607
-15	10	-18	7	-17	6	-9	0	cell = 608 to 615
-16	-58	-13	-32	-54	10	-52	7	cell = 616 to 623
-7	-26	1	-35	-31	13	-29	-44	cell = 624 to 631
1	-31	-29	-22	8	-13	-28	-23	cell = 632 to 639
14	-19	-30	-18	1	-2	-18	-27	cell = 640 to 647
18	-42	-20	9	-43	-5	22	-43	cell = 648 to 655
-30	-22	-16	-11	-13	-60	-18	8	cell = 656 to 663
8	-37	-9	-18	-26	-43	-34	-29	cell = 664 to 671
-5	-55	4	-11	-17	11	-11	-23	cell = 672 to 679
-41	3	12	-49	-20	-33	-7	-56	cell = 680 to 687
38	-6	15	-34	4	-9	14	47	cell = 688 to 695
-6	17	-15	-41	-26	1	-15	-18	cell = 696 to 703
-10	-5	10	26	-18	21	-24	-14	cell = 704 to 711
-10	-78	-8	-42	-5	0	-11	0	cell = 712 to 719
-57	-36	-13	-14	-9	-26	-14	-23	cell = 720 to 727
15	-21	10	6	10	8	-39	-27	cell = 728 to 735
-20	-51	-11	17	-41	-26	-16	24	cell = 736 to 743
-42	-11	-29	-13	2	-31	2	10	cell = 744 to 751
30	-49	-14	-1	-55	-51	-2	-22	cell = 752 to 759
2	-2	-26	-42	7	-25	-10	-30	cell = 760 to 767
-35	-42	14	2	-18	-40	-5	-37	cell = 768 to 775
2	-2	-3	-32	-53	-16	-12	-7	cell = 776 to 783
-6	37	-29	20	-18	-35	35	-9	cell = 784 to 791
-4	-24	-6	-27	-38	-4	-45	4	cell = 792 to 799
-28	-8	-35	-26	-13	-26	-46	-7	cell = 800 to 807
-12	-51	4	-40	8	-3	3	-57	cell = 808 to 815
-29	7	-18	-8	-30	-42	14	-30	cell = 816 to 823
-26	-27	-28	2	9	-3	-25	-14	cell = 824 to 831
-29	-3	15	-23	-3	10	-28	-21	cell = 832 to 839
0	6	2	-42	9	-2	-3	12	cell = 840 to 847
-56	5	-10	-4	-65	9	-41	11	cell = 848 to 855
-12	1	9	-43	-21	6	2	-41	cell = 856 to 863
-19	-6	-55	15	2	-28	6	-31	cell = 864 to 871
13	-33	15	-40	-18	7	17	-18	cell = 872 to 879
7	-25	-14	-26	21	-50	-5	-6	cell = 880 to 887
10	12	-26	31	-43	-7	15	-8	cell = 888 to 895
-51	-6	-44	-26	-20	-63	-12	-21	cell = 896 to 903
-20	-3	-37	-24	-6	18	-4	-49	cell = 904 to 911
-37	13	10	-60	13	-39	16	-14	cell = 912 to 919
-8	-31	-12	-6	-15	58	-1	-16	cell = 920 to 927
-6	12	-8	-17	-27	-31	-4	-14	cell = 928 to 935
-13	-24	5	-36	0	-58	5	6	cell = 936 to 943
-9	5	-33	-36	-30	-29	26	0	cell = 944 to 951
-22	-8	-22	-16	-57	-23	-38	-45	cell = 952 to 959
-14	-6	-42	-12	4	-39	-20	19	cell = 960 to 967
19	0	-33	2	-58	-29	-18	3	cell = 968 to 975
-35	-52	-71	18	-44	-22	-3	9	cell = 976 to 983
-24	7	-48	-7	-40	0	-23	9	cell = 984 to 991
-25	-21	-9	-23	8	-33	-10	-32	cell = 992 to 999
-29	-55	-56	0	18	9	0	-29	cell = 1000 to 1007
-11	12	-36	-28	2	-71	-16	3	cell = 1008 to 1015
-3	-41	-27	-40	-29	-9	-6	-35	cell = 1016 to 1023
Calibration values from cell 0 to 1024 for channel 8:

33	8	62	-21	14	-42	26	26	cell = 0 to 7
26	-5	19	5	28	-47	38	-36	cell = 8 to 15
4	14	25	28	64	38	10	-2	cell = 16 to 23
54	25	32	-7	83	4	46	1	cell = 24 to 31
42	-23	75	-16	49	28	77	13	cell = 32 to 39
36	32	30	-11	38	29	66	2	cell = 40 to 47
24	15	69	8	52	-8	45	0	cell = 48 to 55
22	1	59	15	28	3	37	-10	cell = 56 to 63
24	-24	51	-10	55	-28	64	38	cell = 64 to 71
47	14	56	71	50	-9	45	-32	cell = 72 to 79
56	-4	72	-37	12	12	62	-21	cell = 80 to 87
49	-31	52	-5	64	-20	68	-12	cell = 88 to 95
82	-16	31	32	29	-22	78	52	cell = 96 to 103
4	-17	54	-24	49	14	20	-18	cell = 104 to 111
49	-8	60	0	13	10	77	-14	cell = 112 to 119
29	-15	38	-42	21	-3	19	-15	cell = 120 to 127
48	-20	35	-17	54	3	61	-10	cell = 128 to 135
67	-42	51	-17	21	-38	44	18	cell = 136 to 143
36	-18	54	-15	26	4	35	18	cell = 144 to 151
29	46	86	9	4	-12	50	-19	cell = 152 to 159
36	6	31	-16	10	22	18	14	cell = 160 to 167
22	-8	53	21	32	11	43	9	cell = 168 to 175
2	19	50	15	-4	-8	48	51	cell = 176 to 183
43	-6	52	19	31	-49	73	-16	cell = 184 to 191
39	20	6	-23	61	12	-11	-53	cell = 192 to 199
37	34	56	45	44	-1	50	27	cell = 200 to 207
25	17	57	10	43	-23	18	-62	cell = 208 to 215
8	-6	23	13	4	-15	44	-31	cell = 216 to 223
20	-16	59	0	11	14	59	-46	cell = 224 to 231
16	-27	34	33	68	-38	85	-35	cell = 232 to 239
58	2	-3	0	42	-28	45	3	cell = 240 to 247
-16	-29	51	-7	35	-22	38	13	cell = 248 to 255
53	-2	-5	-28	26	4	43	-28	cell = 256 to 263
88	29	31	19	-12	7	27	35	cell = 264 to 271
42	10	50	28	48	7	45	9	cell = 272 to 279
20	-9	48	-12	23	35	72	-48	cell = 280 to 287
67	3	44	-20	27	11	67	-13	cell = 288 to 295
-5	-22	-8	-16	61	18	30	23	cell = 296 to 303
41	-15	84	-2	55	22	51	7	cell = 304 to 311
67	-5	69	-18	38	-3	38	26	cell = 312 to 319
55	-9	0	-11	52	-35	84	-35	cell = 320 to 327
48	-31	23	-11	44	-9	28	-5	cell = 328 to 335
46	-3	36	-24	32	31	77	-16	cell = 336 to 343
33	-16	24	8	77	-35	14	2	cell = 344 to 351
31	1	56	4	12	-10	76	-9	cell = 352 to 359
35	-5	15	-2	30	2	24	0	cell = 360 to 367
57	29	50	-42	4	5	34	8	cell = 368 to 375
-7	-37	55	-25	23	6	42	8	cell = 376 to 383
37	9	49	-15	63	-27	10	31	cell = 384 to 391
34	9	33	-36	37	12	19	-4	cell = 392 to 399
32	30	43	-35	4	-40	34	-5	cell = 400 to 407
63	0	34	-11	47	-35	43	-18	cell = 408 to 415
2	7	46	8	32	-33	59	23	cell = 416 to 423
53	18	17	12	82	12	68	11	cell = 424 to 431
28	-17	33	-7	66	36	56	-14	cell = 432 to 439
66	-35	104	19	21	-15	40	-2	cell = 440 to 447
-15	-38	34	-44	13	-23	22	-27	cell = 448 to 455
46	15	42	13	28	-11	43	34	cell = 456 to 463
25	-14	38	15	42	22	58	24	cell = 464 to 471
31	5	21	-43	34	-28	47	9	cell = 472 to 479
16	0	48	14	36	-4	64	-13	cell = 480 to 487
41	-14	53	-10	63	-1	14	-32	cell = 488 to 495
33	5	-61	-82	-19	-64	21	-45	cell = 496 to 503
79	24	41	-28	21	2	20	-27	cell = 504 to 511
7	-48	-4	-8	-21	-48	-21	4	cell = 512 to 519
-22	34	-8	-41	-13	-6	6	-19	cell = 520 to 527
7	-44	-8	-26	-23	-17	-37	-32	cell = 528 to 535
-15	-25	-28	1	-16	23	6	-23	cell = 536 to 543
-17	18	-15	-54	-36	-38	30	16	cell = 544 to 551
-53	-39	-10	-19	1	1	-30	8	cell = 552 to 559
-11	-47	-14	14	-37	27	-2	24	cell = 560 to 567
-8	-24	-17	10	10	6	-4	-42	cell = 568 to 575
-34	25	3	-16	-17	-41	-35	20	cell = 576 to 583
-13	-26	-16	-31	-27	-30	-30	-27	cell = 584 to 591
-19	-58	4	0	-14	-46	-11	-17	cell = 592 to 599
-33	2	-51	-11	-55	9	-31	-3	cell = 600 to 607
-13	-40	-25	18	-35	-37	-37	-12	cell = 608 to 615
-28	0	11	-4	6	-36	-43	-13	cell = 616 to 623
-8	-68	-18	-25	10	-16	-56	-34	cell = 624 to 631
-3	-26	-37	-20	-27	21	-31	8	cell = 632 to 639
-18	11	-52	21	-62	9	-11	-25	cell = 640 to 647
1	7	-36	1	-18	-28	-7	8	cell = 648 to 655
-39	-19	-49	-21	-57	-6	-22	1	cell = 656 to 663
-18	-29	-57	-30	23	-34	-33	5	cell = 664 to 671
-15	-5	-23	-36	-26	-35	-13	-58	cell = 672 to 679
-5	-9	-21	3	12	-10	-46	-32	cell = 680 to 687
-56	-10	-7	-69	-6	-17	-44	-32	cell = 688 to 695
-12	-7	-27	28	-43	-22	-1	-52	cell = 696 to 703
-18	-2	-16	-37	-26	-14	-72	-20	cell = 704 to 711
-35	-95	-10	-34	-53	-50	-16	8	cell = 712 to 719
-3	-14	-55	0	6	-10	-39	-3	cell = 720 to 727
-13	-28	3	-14	-17	-18	-55	16	cell = 728 to 735
-30	-12	12	-13	-16	-17	-42	6	cell = 736 to 743
10	19	6	-1	41	3	-56	-29	cell = 744 to 751
-28	-13	-49	-13	-2	-43	12	-10	cell = 752 to 759
9	-31	-16	22	-5	-12	15	-36	cell = 760 to 767
-21	-19	11	-15	-49	-18	-26	-12	cell = 768 to 775
-27	-38	-57	26	-30	-10	-23	21	cell = 776 to 783
5	-24	-56	1	-30	14	-44	-48	cell = 784 to 791
-13	-43	-60	0	-17	22	-3	5	cell = 792 to 799
14	-8	-32	-4	-62	-25	-27	-49	cell = 800 to 807
19	-25	-14	9	-31	19	0	21	cell = 808 to 815
-57	6	-9	3	-3	-21	-32	5	cell = 816 to 823
-34	-20	-22	-16	9	-43	-50	-13	cell = 824 to 831
-10	-29	-19	-27	-13	-46	1	-23	cell = 832 to 839
-7	-50	-12	-23	-2	-16	-24	-11	cell = 840 to 847
-44	-42	-5	-23	-48	-43	2	-42	cell = 848 to 855
30	-26	-33	17	-49	-35	-14	7	cell = 856 to 863
8	-10	-9	-2	5	-23	-40	-8	cell = 864 to 871
-22	-1	-23	-35	-1	-21	12	-12	cell = 872 to 879
-31	-32	-5	-15	-44	-31	-69	-15	cell = 880 to 887
-9	-7	-51	-1	-23	11	-65	-28	cell = 888 to 895
-41	1	-11	19	-35	-8	-19	4	cell = 896 to 903
-19	-45	-30	4	-12	-19	-13	1	cell = 904 to 911
0	-26	-42	-10	-44	-27	-11	-5	cell = 912 to 919
-11	-9	-49	20	-29	40	16	9	cell = 920 to 927
-8	-20	23	-7	-41	-21	-15	-4	cell = 928 to 935
-9	-12	-1	-4	26	12	-11	-14	cell = 936 to 943
-32	-13	-22	-9	-4	-28	-5	-40	cell = 944 to 951
-12	-15	-4	-30	9	-13	-8	-8	cell = 952 to 959
-7	3	-24	-57	-31	-55	-35	-7	cell = 960 to 967
-19	-14	-40	-13	-69	4	-58	-5	cell = 968 to 975
7	-32	-33	-31	-8	-23	-63	-1	cell = 976 to 983
-30	-40	-37	-3	-37	17	11	-25	cell = 984 to 991
-29	35	-16	-54	-3	-10	-59	-1	cell = 992 to 999
-36	-72	-18	16	9	-15	-51	-16	cell = 1000 to 1007
-30	-41	-33	-24	-7	-40	-44	-13	cell = 1008 to 1015
-33	-49	-20	37	-3	-11	-33	-33	cell = 1016 to 1023
