Calibration values from cell 0 to 1024 for channel 0:

21	-1	52	3	71	-15	17	-31	cell = 0 to 7
50	-24	37	4	56	-1	50	-30	cell = 8 to 15
15	-19	31	-12	18	36	59	-4	cell = 16 to 23
67	-9	39	-23	46	-23	37	-45	cell = 24 to 31
42	-15	32	-6	52	-8	64	-16	cell = 32 to 39
51	7	62	-30	68	5	31	-25	cell = 40 to 47
15	11	61	-54	39	-32	-7	13	cell = 48 to 55
22	-19	30	-34	22	5	17	-4	cell = 56 to 63
47	-4	75	-36	19	2	46	-28	cell = 64 to 71
21	2	33	26	44	9	15	10	cell = 72 to 79
49	-38	63	25	-7	6	35	2	cell = 80 to 87
37	30	42	-10	-3	-14	33	-49	cell = 88 to 95
55	-10	34	0	44	1	34	-7	cell = 96 to 103
9	-15	90	6	38	-30	70	10	cell = 104 to 111
92	-21	4	11	21	-4	65	8	cell = 112 to 119
24	17	53	-29	11	15	42	-45	cell = 120 to 127
57	-12	44	-40	18	8	65	-19	cell = 128 to 135
57	-8	36	-1	47	3	36	-24	cell = 136 to 143
73	8	44	14	13	20	36	-31	cell = 144 to 151
13	14	46	42	64	-4	39	-16	cell = 152 to 159
26	-5	24	3	34	3	4	21	cell = 160 to 167
18	-23	74	-21	51	-12	85	-17	cell = 168 to 175
26	21	55	-12	25	-3	79	-4	cell = 176 to 183
44	12	43	2	82	14	-13	-19	cell = 184 to 191
90	-64	23	4	58	-21	46	-3	cell = 192 to 199
45	-33	65	-78	38	5	43	0	cell = 200 to 207
30	2	0	-28	31	50	40	21	cell = 208 to 215
56	11	46	32	66	6	34	5	cell = 216 to 223
34	21	12	-30	32	3	50	-39	cell = 224 to 231
38	6	34	-22	50	-17	2	15	cell = 232 to 239
69	5	8	32	59	14	16	-16	cell = 240 to 247
82	-22	63	-29	31	22	45	1	cell = 248 to 255
40	16	29	-17	56	7	57	-34	cell = 256 to 263
77	-10	75	-22	46	-26	55	-34	cell = 264 to 271
30	-27	0	0	30	-26	27	9	cell = 272 to 279
16	21	20	-44	59	8	45	15	cell = 280 to 287
32	-9	60	-18	75	1	17	30	cell = 288 to 295
75	-9	39	32	60	13	24	29	cell = 296 to 303
37	42	46	18	42	2	35	-19	cell = 304 to 311
23	1	48	26	40	-34	58	10	cell = 312 to 319
60	-13	46	37	30	-15	59	-4	cell = 320 to 327
64	-21	40	-21	50	23	78	-27	cell = 328 to 335
29	0	28	-17	18	-20	62	4	cell = 336 to 343
0	-41	59	0	48	12	21	-15	cell = 344 to 351
63	46	14	0	32	4	86	22	cell = 352 to 359
47	-9	90	0	26	-48	41	-37	cell = 360 to 367
61	23	33	-19	21	0	27	-8	cell = 368 to 375
16	6	57	0	56	-5	74	-17	cell = 376 to 383
45	-11	17	-10	18	-25	18	-27	cell = 384 to 391
14	-18	43	-8	53	6	68	-6	cell = 392 to 399
6	22	50	-18	53	5	69	-27	cell = 400 to 407
52	11	41	16	41	5	13	-21	cell = 408 to 415
57	21	63	18	111	7	39	-13	cell = 416 to 423
50	8	34	12	21	-25	47	0	cell = 424 to 431
28	12	54	21	74	5	60	-20	cell = 432 to 439
19	-29	43	15	78	26	45	-12	cell = 440 to 447
-4	9	48	-17	26	-7	4	-20	cell = 448 to 455
66	10	40	-52	84	-7	20	-12	cell = 456 to 463
28	7	63	-23	52	22	61	-41	cell = 464 to 471
24	5	65	-39	7	13	62	-24	cell = 472 to 479
68	4	60	8	47	-27	54	-38	cell = 480 to 487
27	6	44	-12	35	0	44	-9	cell = 488 to 495
55	-5	-28	-111	-42	-70	-27	-62	cell = 496 to 503
67	13	96	-28	22	-9	46	4	cell = 504 to 511
-12	-8	-7	-10	-10	10	-13	-19	cell = 512 to 519
-44	3	-41	-44	5	-44	-63	-9	cell = 520 to 527
-25	-16	-42	13	-16	20	-24	-5	cell = 528 to 535
4	-51	-39	-36	17	-14	-40	-54	cell = 536 to 543
-25	-21	-66	16	40	-7	-37	-15	cell = 544 to 551
-10	30	-12	-37	6	-12	-43	29	cell = 552 to 559
-16	-39	0	-8	-5	23	-29	1	cell = 560 to 567
-33	-18	-46	-12	-42	-12	-38	-7	cell = 568 to 575
-34	-31	-35	-38	-37	-49	-43	-31	cell = 576 to 583
-27	2	-17	-19	10	-62	-13	-18	cell = 584 to 591
24	-11	-16	-12	-49	-57	8	-22	cell = 592 to 599
-36	-11	-54	0	-1	-38	-6	-12	cell = 600 to 607
9	-11	-18	10	-6	-31	7	18	cell = 608 to 615
-21	-74	-41	-22	18	-24	-7	-21	cell = 616 to 623
1	-24	-21	-36	15	24	-6	-9	cell = 624 to 631
4	2	-21	-47	-11	-8	-21	-25	cell = 632 to 639
-10	-12	-2	-17	-9	-23	-46	-8	cell = 640 to 647
-2	13	17	-8	14	-57	-17	-3	cell = 648 to 655
0	-1	-47	12	-4	-29	-33	20	cell = 656 to 663
-24	6	-8	-32	-7	-2	-5	12	cell = 664 to 671
-10	-21	-6	-62	20	-1	-55	-15	cell = 672 to 679
-8	12	-1	-50	-14	23	-33	-2	cell = 680 to 687
-11	15	-10	31	24	-21	-2	-26	cell = 688 to 695
15	-8	-54	5	-48	-21	-5	-19	cell = 696 to 703
-32	-26	-4	2	-46	7	-24	-29	cell = 704 to 711
-27	-19	-9	-36	-14	20	22	-48	cell = 712 to 719
-3	-22	-34	-66	-10	14	-22	-15	cell = 720 to 727
21	-10	-37	-10	-11	-5	-36	-18	cell = 728 to 735
-31	-10	-61	-26	-15	-18	-21	-35	cell = 736 to 743
33	-20	24	11	-6	-2	-38	6	cell = 744 to 751
-45	23	-31	-14	-31	-34	-43	-2	cell = 752 to 759
4	-3	-17	-49	-31	-5	-5	7	cell = 760 to 767
-22	1	-43	-77	-21	14	-13	-25	cell = 768 to 775
-24	-14	2	9	-4	-7	5	-19	cell = 776 to 783
-87	-40	0	-4	-38	6	-38	-17	cell = 784 to 791
-23	0	-31	-37	-17	6	-20	-36	cell = 792 to 799
-23	15	-45	-48	-30	-16	20	-2	cell = 800 to 807
-45	-24	-2	-2	15	-26	-21	14	cell = 808 to 815
-11	-6	-21	-9	-34	-20	-19	-42	cell = 816 to 823
-19	-30	-19	-39	-32	-30	-26	-50	cell = 824 to 831
-28	-21	-18	-65	-11	25	0	-30	cell = 832 to 839
24	4	-40	-66	-21	-30	-18	17	cell = 840 to 847
-44	-15	-12	-23	-66	11	-22	-16	cell = 848 to 855
-29	-36	-49	-26	-25	-3	-39	9	cell = 856 to 863
-10	-17	-28	35	0	-14	5	-10	cell = 864 to 871
-20	-37	-37	17	-28	-2	-26	-28	cell = 872 to 879
5	-77	28	-25	-30	-39	-7	-20	cell = 880 to 887
-34	-28	-32	-13	-22	2	-61	-56	cell = 888 to 895
-41	-39	14	-24	-20	0	6	-20	cell = 896 to 903
-26	-9	-27	-35	-32	-10	0	-14	cell = 904 to 911
-46	15	-50	-31	-26	0	-50	4	cell = 912 to 919
-4	10	-1	15	-12	-58	-12	-17	cell = 920 to 927
-43	-33	-33	-18	-48	-7	-5	-16	cell = 928 to 935
24	-17	-12	-22	-34	-4	-30	-26	cell = 936 to 943
16	1	-42	10	-38	-20	-20	-22	cell = 944 to 951
-79	-12	-22	-23	-37	7	5	-50	cell = 952 to 959
-19	-47	-4	-2	6	-35	-28	-5	cell = 960 to 967
-9	-21	4	-30	3	-42	-14	-26	cell = 968 to 975
-6	15	-25	-42	10	-27	-38	0	cell = 976 to 983
-39	-56	2	6	-20	-27	-48	-28	cell = 984 to 991
-8	-11	-21	-19	-16	11	-15	8	cell = 992 to 999
-46	39	-97	-42	-50	-22	-45	-30	cell = 1000 to 1007
-58	-25	-9	-55	-50	-50	-36	-1	cell = 1008 to 1015
26	-13	-17	-39	-45	23	-42	-32	cell = 1016 to 1023
Calibration values from cell 0 to 1024 for channel 1:

63	28	25	19	26	-41	55	-30	cell = 0 to 7
37	39	51	6	54	-20	67	22	cell = 8 to 15
14	4	27	-3	9	-4	65	-42	cell = 16 to 23
22	33	65	-11	5	0	32	29	cell = 24 to 31
36	4	71	14	21	-17	47	-20	cell = 32 to 39
37	-15	66	-42	25	24	19	-12	cell = 40 to 47
68	6	53	-29	25	22	23	-20	cell = 48 to 55
53	-21	37	22	14	19	87	2	cell = 56 to 63
30	13	18	24	81	-7	0	-12	cell = 64 to 71
45	-14	69	14	56	-3	72	-2	cell = 72 to 79
61	-34	29	-12	66	5	56	-40	cell = 80 to 87
32	16	28	-3	45	-2	41	-5	cell = 88 to 95
82	-4	50	-19	41	52	69	0	cell = 96 to 103
38	-4	12	14	65	10	26	-4	cell = 104 to 111
75	-13	62	-42	43	-5	57	33	cell = 112 to 119
17	17	16	-38	41	-32	48	12	cell = 120 to 127
27	-12	52	-35	32	-11	38	13	cell = 128 to 135
14	-40	28	-13	-2	17	69	0	cell = 136 to 143
28	23	27	18	24	-8	42	-11	cell = 144 to 151
37	-28	63	21	40	19	83	73	cell = 152 to 159
88	2	40	-8	36	-15	70	-26	cell = 160 to 167
11	27	42	-17	78	-14	32	21	cell = 168 to 175
66	-7	65	-47	-1	-18	59	19	cell = 176 to 183
57	13	48	-38	26	-28	51	8	cell = 184 to 191
71	2	42	-38	59	12	28	-34	cell = 192 to 199
44	23	81	-7	22	0	42	-39	cell = 200 to 207
21	9	39	-32	27	-4	15	-17	cell = 208 to 215
44	-22	79	-16	23	17	44	-11	cell = 216 to 223
31	38	31	-5	0	-32	57	29	cell = 224 to 231
82	-31	48	-10	31	1	47	-24	cell = 232 to 239
88	8	54	-18	27	7	63	31	cell = 240 to 247
49	-2	5	-34	74	-13	61	20	cell = 248 to 255
21	-15	71	-14	9	43	-9	-25	cell = 256 to 263
26	11	76	29	59	-32	39	4	cell = 264 to 271
50	-35	83	11	41	-12	37	1	cell = 272 to 279
45	-21	74	-2	36	-17	34	-32	cell = 280 to 287
92	41	8	-8	67	-9	77	25	cell = 288 to 295
41	-15	64	-67	30	-22	63	-55	cell = 296 to 303
72	-5	76	-3	21	11	34	-26	cell = 304 to 311
76	-8	80	16	-11	-8	88	1	cell = 312 to 319
25	-20	60	5	13	24	22	0	cell = 320 to 327
47	16	31	-14	34	13	48	-6	cell = 328 to 335
33	-2	74	-23	67	11	41	-17	cell = 336 to 343
41	-7	60	9	13	-62	49	13	cell = 344 to 351
66	-21	74	38	65	-1	68	-17	cell = 352 to 359
22	-28	44	1	48	-15	8	-13	cell = 360 to 367
62	-19	67	-20	52	-35	37	7	cell = 368 to 375
38	-20	80	0	21	9	19	-16	cell = 376 to 383
17	2	49	-6	38	-19	24	0	cell = 384 to 391
84	-11	67	-28	50	-8	60	-13	cell = 392 to 399
23	-4	38	-37	42	32	60	0	cell = 400 to 407
64	-36	47	22	46	22	50	15	cell = 408 to 415
65	26	74	-12	55	-4	49	3	cell = 416 to 423
88	22	1	-9	64	14	50	36	cell = 424 to 431
44	-48	40	1	46	-35	64	-12	cell = 432 to 439
33	19	78	-39	8	-22	53	-3	cell = 440 to 447
7	-10	36	0	29	0	47	-2	cell = 448 to 455
23	-68	20	16	54	37	47	-17	cell = 456 to 463
58	-43	37	1	32	-6	56	32	cell = 464 to 471
31	-1	87	26	41	-2	51	-40	cell = 472 to 479
66	22	5	0	15	-35	58	1	cell = 480 to 487
43	-23	59	-32	15	35	48	19	cell = 488 to 495
45	-10	-74	-65	-46	-67	-67	-56	cell = 496 to 503
53	-21	52	3	20	-34	-3	-13	cell = 504 to 511
-43	0	-8	-50	-39	-18	-11	-59	cell = 512 to 519
-48	-40	4	5	-43	6	-37	-22	cell = 520 to 527
-22	-27	-14	-10	-34	-28	-9	9	cell = 528 to 535
10	25	-8	-43	-17	-27	41	-24	cell = 536 to 543
-46	1	-12	13	0	-31	-34	-21	cell = 544 to 551
-23	-14	-10	-7	9	-37	24	-34	cell = 552 to 559
-16	-46	-6	-24	-5	34	-26	-24	cell = 560 to 567
-26	-51	2	-16	-2	-10	-28	-44	cell = 568 to 575
-11	-23	-39	11	-21	-45	-30	-19	cell = 576 to 583
12	-19	10	16	-29	13	-33	22	cell = 584 to 591
38	-5	-36	-33	0	6	-16	-27	cell = 592 to 599
-4	7	-7	-4	-18	-48	8	-41	cell = 600 to 607
-13	-45	-29	-16	-32	8	-19	23	cell = 608 to 615
-31	-43	17	-46	-22	-24	-41	-46	cell = 616 to 623
-26	-23	-3	-19	-8	-49	-38	14	cell = 624 to 631
-5	-31	-9	-16	-51	6	-56	0	cell = 632 to 639
16	-12	9	-52	-13	-39	-31	26	cell = 640 to 647
-48	-11	-34	1	-45	-33	-11	10	cell = 648 to 655
-12	-10	-52	-3	-8	-9	31	-21	cell = 656 to 663
-47	6	-31	-25	-14	-21	25	-32	cell = 664 to 671
-19	-47	27	13	-26	7	-9	-45	cell = 672 to 679
-4	-29	23	10	-23	-19	-26	-18	cell = 680 to 687
-19	-27	-9	-35	-39	-4	-18	17	cell = 688 to 695
-12	-15	-54	-26	-17	3	-16	-12	cell = 696 to 703
-44	23	-21	-16	9	-43	-13	-19	cell = 704 to 711
-8	13	-32	0	-3	-55	-21	-13	cell = 712 to 719
-35	-28	6	29	15	-28	-26	-4	cell = 720 to 727
1	-19	-24	-19	-59	-15	-14	-20	cell = 728 to 735
0	9	-2	-28	16	-27	-50	-2	cell = 736 to 743
-38	-7	-5	28	-16	8	-27	-24	cell = 744 to 751
-41	-19	-26	-51	-46	16	-27	-39	cell = 752 to 759
-30	0	-49	-2	-42	-6	16	-19	cell = 760 to 767
-40	-33	-15	-36	-37	-34	-78	-18	cell = 768 to 775
-52	-14	-17	8	-27	22	-33	-7	cell = 776 to 783
7	-57	-18	-27	-35	34	39	23	cell = 784 to 791
7	-32	-9	-16	-26	-44	-22	-40	cell = 792 to 799
-15	18	-8	-12	-52	-23	15	3	cell = 800 to 807
-23	19	-29	-37	-30	-2	-23	-11	cell = 808 to 815
-42	-36	-38	-36	-46	-4	-46	-34	cell = 816 to 823
2	-20	-29	-24	-35	-20	-14	4	cell = 824 to 831
-36	-56	-11	-16	-39	-9	-37	-16	cell = 832 to 839
-19	13	-30	-23	-39	6	9	-19	cell = 840 to 847
-56	-21	-52	-41	-18	-13	33	-16	cell = 848 to 855
14	3	-13	-51	-12	-16	-18	-18	cell = 856 to 863
-40	-33	-18	-45	-29	-21	-11	-27	cell = 864 to 871
-17	-5	13	-7	-14	-33	-18	-12	cell = 872 to 879
44	-43	40	-41	-65	15	8	-21	cell = 880 to 887
-70	-37	-35	-18	-33	-15	-19	4	cell = 888 to 895
-39	-12	-9	-7	-56	-21	-22	-26	cell = 896 to 903
-15	-62	-39	-14	-5	-55	-18	-21	cell = 904 to 911
-7	-17	-37	-15	-17	-35	10	-17	cell = 912 to 919
-8	-18	-33	9	10	-43	-48	4	cell = 920 to 927
-43	-39	-58	-32	0	-21	3	-54	cell = 928 to 935
-23	-21	-1	-21	-14	2	-16	-43	cell = 936 to 943
-11	-42	-35	-57	-25	-21	-45	-25	cell = 944 to 951
30	-24	-19	-30	-33	-45	-8	-25	cell = 952 to 959
-11	-18	-2	-37	-31	-15	-19	-10	cell = 960 to 967
-43	-28	-9	-40	-45	-54	-53	-35	cell = 968 to 975
-28	-8	-7	1	36	-26	2	-39	cell = 976 to 983
6	-32	-63	-36	-45	-2	-17	-3	cell = 984 to 991
-28	-14	-49	-19	-4	-29	-23	-55	cell = 992 to 999
-11	-3	-40	-52	-55	-14	-12	-19	cell = 1000 to 1007
-22	-11	-36	-43	-24	-22	-38	-53	cell = 1008 to 1015
-16	-37	-35	-56	-19	-51	-13	19	cell = 1016 to 1023
Calibration values from cell 0 to 1024 for channel 2:

28	0	64	-24	38	-8	54	-24	cell = 0 to 7
86	-41	65	-26	30	13	55	-36	cell = 8 to 15
30	-47	29	-26	32	-42	56	-17	cell = 16 to 23
55	-27	36	-23	12	-25	46	-33	cell = 24 to 31
30	19	49	-7	72	13	76	-28	cell = 32 to 39
32	-78	60	-10	55	7	59	-37	cell = 40 to 47
25	11	43	-81	30	27	41	25	cell = 48 to 55
24	6	44	-9	16	13	14	11	cell = 56 to 63
23	1	53	-34	31	-48	72	-10	cell = 64 to 71
2	10	49	-8	43	-7	6	-16	cell = 72 to 79
35	1	20	-9	57	-3	38	-9	cell = 80 to 87
13	9	53	3	68	-49	42	4	cell = 88 to 95
56	19	48	-22	38	22	49	-57	cell = 96 to 103
36	-37	12	-4	54	-15	33	-6	cell = 104 to 111
35	-16	37	0	56	8	72	-5	cell = 112 to 119
39	0	42	-52	43	-3	52	-26	cell = 120 to 127
38	-9	50	-39	36	5	32	-22	cell = 128 to 135
29	4	41	-37	70	8	43	4	cell = 136 to 143
19	-14	53	-5	42	-36	67	-16	cell = 144 to 151
22	-20	57	27	31	6	103	1	cell = 152 to 159
38	2	48	27	-7	-62	90	-23	cell = 160 to 167
56	-51	39	25	11	-15	45	-43	cell = 168 to 175
57	7	30	12	67	-23	27	-31	cell = 176 to 183
63	8	14	30	45	10	59	-44	cell = 184 to 191
42	-5	43	-25	49	13	45	31	cell = 192 to 199
43	-21	36	-19	43	9	18	-42	cell = 200 to 207
35	-5	68	-1	47	-47	66	6	cell = 208 to 215
48	0	55	9	94	-11	20	-24	cell = 216 to 223
49	-26	2	-24	35	5	36	-6	cell = 224 to 231
25	-25	53	9	34	-13	79	14	cell = 232 to 239
-21	27	87	11	60	-7	74	1	cell = 240 to 247
42	-1	47	11	23	-17	38	-9	cell = 248 to 255
14	13	44	4	27	3	60	-17	cell = 256 to 263
13	15	27	-7	16	-30	26	10	cell = 264 to 271
51	-21	29	-22	40	-14	52	28	cell = 272 to 279
21	12	81	-7	32	1	54	-54	cell = 280 to 287
24	-11	72	5	34	8	55	-17	cell = 288 to 295
51	-11	75	15	45	13	42	25	cell = 296 to 303
52	-9	80	-17	72	-7	58	-5	cell = 304 to 311
32	2	36	-4	35	-6	26	-4	cell = 312 to 319
54	6	16	-20	27	0	0	-6	cell = 320 to 327
30	19	41	4	91	-11	58	-7	cell = 328 to 335
68	-25	23	-28	81	-28	36	7	cell = 336 to 343
86	0	48	-6	59	-51	54	20	cell = 344 to 351
64	-36	49	-21	30	0	34	-15	cell = 352 to 359
75	-11	35	-14	11	21	19	-46	cell = 360 to 367
47	-40	69	-26	20	-2	39	-1	cell = 368 to 375
75	-8	37	11	57	11	12	-51	cell = 376 to 383
23	-30	96	5	47	-12	57	5	cell = 384 to 391
34	-38	40	-6	45	20	45	2	cell = 392 to 399
55	9	68	7	54	-39	63	13	cell = 400 to 407
32	-43	51	-41	32	-9	41	-6	cell = 408 to 415
66	18	74	-22	50	-53	57	8	cell = 416 to 423
79	-8	54	14	55	21	55	-7	cell = 424 to 431
39	4	0	-28	32	15	25	3	cell = 432 to 439
32	14	77	-11	57	10	40	8	cell = 440 to 447
28	3	35	-16	42	0	27	9	cell = 448 to 455
68	-8	53	-32	51	-8	18	-2	cell = 456 to 463
55	-7	53	13	64	10	53	-25	cell = 464 to 471
42	-7	56	7	25	-29	25	22	cell = 472 to 479
30	-25	43	4	58	1	80	-22	cell = 480 to 487
54	16	48	0	47	-30	49	28	cell = 488 to 495
64	-29	19	-99	-31	-51	-20	-65	cell = 496 to 503
43	-30	60	-38	20	-32	80	-32	cell = 504 to 511
-7	-11	-25	-25	-21	13	-29	-10	cell = 512 to 519
36	-2	-19	-5	-41	-16	-10	20	cell = 520 to 527
-38	7	-28	8	-26	-25	-22	-28	cell = 528 to 535
10	-12	-32	-60	5	-10	1	11	cell = 536 to 543
3	-50	12	-28	14	-38	6	13	cell = 544 to 551
-53	6	-14	-23	17	13	8	-30	cell = 552 to 559
-26	-7	-24	-23	-26	-49	-14	-16	cell = 560 to 567
-61	-5	-65	-16	-4	0	-7	7	cell = 568 to 575
-12	-39	-56	-9	-24	-22	18	37	cell = 576 to 583
7	-2	-7	-23	-54	-34	-4	7	cell = 584 to 591
-37	1	-40	-32	-45	-53	-2	-24	cell = 592 to 599
-27	-5	-35	-1	8	-18	-24	-14	cell = 600 to 607
-9	-28	-8	-43	-35	22	4	-35	cell = 608 to 615
18	-26	-18	30	-26	-25	-31	6	cell = 616 to 623
-73	-11	-32	-6	-25	11	-47	-18	cell = 624 to 631
-31	-46	1	6	0	-26	-23	-17	cell = 632 to 639
21	-41	-13	-29	-37	-24	-18	-12	cell = 640 to 647
-13	-33	-3	10	60	26	-30	27	cell = 648 to 655
-18	-13	-35	3	-17	23	5	-38	cell = 656 to 663
-9	3	-27	23	-9	-14	-26	-2	cell = 664 to 671
-18	13	45	-26	-23	-40	-11	-4	cell = 672 to 679
-47	20	15	-1	-11	4	-17	-6	cell = 680 to 687
-52	-58	2	-7	-25	-10	2	-40	cell = 688 to 695
-31	-29	-3	-4	27	-57	16	-26	cell = 696 to 703
-46	-1	-33	-58	-10	-38	7	-18	cell = 704 to 711
-40	-19	-10	-45	7	-50	-30	-37	cell = 712 to 719
-42	-36	0	-11	-22	-1	-37	-17	cell = 720 to 727
-9	-20	49	-30	-20	5	17	-8	cell = 728 to 735
-38	-16	-9	14	18	-25	7	-9	cell = 736 to 743
-40	-7	7	-23	-27	-19	-34	-13	cell = 744 to 751
-25	-54	-5	25	-22	-30	8	-31	cell = 752 to 759
-32	-34	-29	1	-33	-6	-42	8	cell = 760 to 767
-23	-2	-13	-34	7	-12	-4	-7	cell = 768 to 775
-7	-19	-56	-34	-30	-52	-26	11	cell = 776 to 783
-10	-33	0	20	-31	-21	14	-45	cell = 784 to 791
8	-22	8	11	-8	2	-5	-24	cell = 792 to 799
-39	-31	-56	-20	11	-13	-19	18	cell = 800 to 807
-35	-20	-19	0	14	-49	-49	-18	cell = 808 to 815
-14	-15	-45	-19	-20	-26	-14	13	cell = 816 to 823
-58	9	-50	-46	-21	-33	-24	-46	cell = 824 to 831
-53	-10	-7	-16	-27	-21	0	-19	cell = 832 to 839
-18	-35	9	-22	-31	-2	-29	2	cell = 840 to 847
-29	-17	-39	-36	6	-8	-12	-50	cell = 848 to 855
-41	-44	-37	1	-42	-40	0	-28	cell = 856 to 863
2	-15	-15	-2	-6	8	18	-28	cell = 864 to 871
24	-34	-18	12	5	-31	-40	25	cell = 872 to 879
-4	-13	-9	-2	4	-19	-33	8	cell = 880 to 887
-40	-11	-29	22	-63	-40	-34	-25	cell = 888 to 895
16	-37	-27	-15	-15	-21	12	-28	cell = 896 to 903
-33	-25	-54	-44	1	-50	18	-8	cell = 904 to 911
-20	-33	-39	-15	-37	-56	-7	-45	cell = 912 to 919
2	-46	4	-3	20	-5	-50	-32	cell = 920 to 927
-21	-24	-3	-16	-20	-39	33	10	cell = 928 to 935
8	-37	12	-18	-17	-28	-35	-22	cell = 936 to 943
2	-18	6	-29	6	-50	-51	-15	cell = 944 to 951
-34	-37	-1	10	-24	-11	-63	-27	cell = 952 to 959
26	-21	1	-27	-51	-66	-49	-35	cell = 960 to 967
-17	-45	-24	47	-25	-8	-2	-24	cell = 968 to 975
-4	-4	-9	-29	-76	-36	-25	-2	cell = 976 to 983
-22	-26	-15	-24	-28	-19	25	22	cell = 984 to 991
-9	-36	-58	-25	-72	-4	-33	-12	cell = 992 to 999
-18	-15	-37	-34	-47	-63	0	-22	cell = 1000 to 1007
-19	-5	-40	-6	1	-18	-36	-27	cell = 1008 to 1015
9	-9	-56	-19	-29	-26	-22	-43	cell = 1016 to 1023
Calibration values from cell 0 to 1024 for channel 3:

56	13	22	0	18	-16	38	-23	cell = 0 to 7
26	-1	71	-21	50	-20	56	-8	cell = 8 to 15
44	-34	12	-7	30	5	93	28	cell = 16 to 23
43	-22	63	-4	47	-42	46	-67	cell = 24 to 31
63	11	65	-44	18	-6	77	-11	cell = 32 to 39
63	-15	24	-38	28	21	11	-13	cell = 40 to 47
34	-14	70	-20	53	-6	6	10	cell = 48 to 55
47	13	51	-53	39	19	8	-51	cell = 56 to 63
45	-18	61	-28	62	8	45	-66	cell = 64 to 71
22	-15	43	-7	44	-48	63	10	cell = 72 to 79
26	10	37	14	41	-14	38	-4	cell = 80 to 87
66	-28	17	3	45	-20	37	-19	cell = 88 to 95
62	-10	61	8	66	-14	35	-35	cell = 96 to 103
29	-39	7	-2	21	33	32	24	cell = 104 to 111
66	-42	14	35	30	-13	28	-9	cell = 112 to 119
74	-15	34	19	59	-3	25	-18	cell = 120 to 127
29	14	58	10	42	-13	76	-24	cell = 128 to 135
85	5	66	-39	2	-4	49	-23	cell = 136 to 143
60	-3	60	5	51	-5	32	-11	cell = 144 to 151
55	21	36	0	1	-16	45	-13	cell = 152 to 159
44	-25	26	11	63	-4	25	3	cell = 160 to 167
68	1	57	-8	59	-11	82	-57	cell = 168 to 175
11	-18	40	-11	-6	-18	72	-10	cell = 176 to 183
50	-30	49	-21	31	-15	59	5	cell = 184 to 191
-2	-15	57	-54	7	-3	41	-37	cell = 192 to 199
21	-14	39	-45	53	24	59	-12	cell = 200 to 207
58	-39	10	-37	57	-3	67	6	cell = 208 to 215
30	1	46	-4	77	14	25	4	cell = 216 to 223
73	-22	26	-21	24	-14	98	12	cell = 224 to 231
89	-14	45	25	80	-33	35	-50	cell = 232 to 239
44	-18	36	8	41	12	73	-17	cell = 240 to 247
48	-30	33	6	46	-17	29	-39	cell = 248 to 255
-4	-2	28	26	42	23	25	-26	cell = 256 to 263
66	-14	13	-19	20	-13	9	14	cell = 264 to 271
18	25	46	-16	26	-29	92	2	cell = 272 to 279
2	-33	55	1	27	-1	63	-7	cell = 280 to 287
32	-26	49	-33	31	-31	16	-22	cell = 288 to 295
16	-22	39	-29	40	-31	42	-8	cell = 296 to 303
27	18	54	-39	30	-26	48	10	cell = 304 to 311
56	0	66	20	53	21	31	-25	cell = 312 to 319
56	-32	80	-23	-8	27	40	-11	cell = 320 to 327
35	-49	49	-47	32	-2	12	3	cell = 328 to 335
73	47	30	-20	64	4	69	-4	cell = 336 to 343
67	36	95	-6	31	-38	52	-34	cell = 344 to 351
72	-19	24	4	28	15	64	1	cell = 352 to 359
45	-3	49	-14	34	-12	25	-43	cell = 360 to 367
35	16	18	16	49	-9	75	15	cell = 368 to 375
53	-49	76	-10	40	26	62	-26	cell = 376 to 383
21	-2	30	-32	36	36	51	11	cell = 384 to 391
37	-46	74	-19	18	-38	88	5	cell = 392 to 399
47	4	50	-17	34	-3	56	12	cell = 400 to 407
55	10	31	2	59	-8	75	-28	cell = 408 to 415
34	8	36	-26	85	-40	50	11	cell = 416 to 423
29	-9	43	14	62	10	64	-2	cell = 424 to 431
69	-9	26	-28	40	-16	30	-24	cell = 432 to 439
65	-3	45	-12	71	-42	37	-14	cell = 440 to 447
3	1	48	1	-4	13	0	-7	cell = 448 to 455
22	-36	43	-37	62	0	60	-71	cell = 456 to 463
56	3	86	22	39	-16	73	-3	cell = 464 to 471
27	-40	28	18	53	27	74	7	cell = 472 to 479
55	-22	22	-5	43	-28	51	-5	cell = 480 to 487
23	19	5	-2	-2	-26	38	-36	cell = 488 to 495
52	4	-41	-92	-42	-58	15	-70	cell = 496 to 503
105	10	42	9	39	21	56	7	cell = 504 to 511
-56	12	-52	-8	-35	-44	-56	-22	cell = 512 to 519
11	6	-31	15	-16	1	23	-9	cell = 520 to 527
18	-1	-12	-5	-10	-14	6	-14	cell = 528 to 535
-10	-51	-24	-40	-27	22	14	2	cell = 536 to 543
24	-6	-23	29	26	-27	31	22	cell = 544 to 551
-49	-15	5	20	-14	19	-44	35	cell = 552 to 559
-4	-26	-20	-33	-25	-17	6	-24	cell = 560 to 567
-24	-30	19	22	-3	18	-34	-29	cell = 568 to 575
-35	-39	4	-19	-47	6	-28	-86	cell = 576 to 583
24	-15	-26	-28	-26	-23	-37	2	cell = 584 to 591
11	-14	12	-13	-43	-20	-15	-10	cell = 592 to 599
-10	-29	-20	-10	-15	-18	-34	24	cell = 600 to 607
10	-10	-42	-18	-5	-21	9	-17	cell = 608 to 615
24	-50	-36	-5	-26	-40	-3	-52	cell = 616 to 623
-53	-31	-25	-31	-39	-10	-4	-18	cell = 624 to 631
4	-36	-30	0	-11	4	5	6	cell = 632 to 639
15	-27	15	-23	-42	-46	-11	0	cell = 640 to 647
-38	5	-49	-14	1	-22	-32	-25	cell = 648 to 655
2	8	-55	-4	-12	-36	-2	7	cell = 656 to 663
-21	-24	-25	-34	-20	-26	-49	4	cell = 664 to 671
-22	-2	-33	-41	-7	-4	-11	-22	cell = 672 to 679
-40	12	-29	6	-1	-24	-12	-42	cell = 680 to 687
4	-4	5	4	0	-26	14	-15	cell = 688 to 695
-56	-10	-7	-10	30	-31	-25	-38	cell = 696 to 703
17	-40	-4	-34	-31	-29	-43	-26	cell = 704 to 711
-26	2	-17	-30	3	-6	-24	-52	cell = 712 to 719
36	-42	-27	-14	-24	-7	-52	-10	cell = 720 to 727
-15	8	-39	16	-7	-22	-19	-14	cell = 728 to 735
-37	-29	-21	2	-24	0	-57	19	cell = 736 to 743
-8	-42	-10	1	15	-17	-11	-48	cell = 744 to 751
-9	-20	8	-21	-21	-46	-18	13	cell = 752 to 759
-7	14	-27	-2	21	-28	-14	-46	cell = 760 to 767
-29	-41	0	-25	-46	-34	-17	2	cell = 768 to 775
-14	-11	-1	8	-20	-3	-23	-40	cell = 776 to 783
-1	-35	-36	-24	2	-27	-16	-38	cell = 784 to 791
-22	-28	-21	11	-32	-51	-14	21	cell = 792 to 799
12	-16	23	-3	2	-7	20	-31	cell = 800 to 807
15	-3	7	5	-31	-4	-9	-1	cell = 808 to 815
-28	-22	-31	6	-54	-17	-15	-31	cell = 816 to 823
-42	-32	-32	-10	-25	-46	-45	19	cell = 824 to 831
-15	-26	-10	-49	6	2	-12	-45	cell = 832 to 839
-35	-75	14	-54	4	-76	-10	-33	cell = 840 to 847
4	-28	23	-11	-22	3	-23	-14	cell = 848 to 855
-9	-30	-19	-24	25	-23	0	-6	cell = 856 to 863
-47	-2	-19	21	-52	-15	-42	-48	cell = 864 to 871
31	-10	43	-28	-14	14	-30	19	cell = 872 to 879
-41	-18	-13	5	-26	-1	-35	-16	cell = 880 to 887
17	30	-9	27	22	13	-20	-18	cell = 888 to 895
-24	-47	19	-15	-39	-8	-32	11	cell = 896 to 903
-39	-9	-18	-6	-11	-56	-42	-47	cell = 904 to 911
-16	19	-38	-35	-18	23	-66	-13	cell = 912 to 919
-15	-28	-12	-18	-6	-19	-48	-18	cell = 920 to 927
32	3	-15	-24	-42	-15	-26	-59	cell = 928 to 935
1	-32	-24	-24	21	-23	-33	-12	cell = 936 to 943
29	-47	-43	-52	0	-46	5	-36	cell = 944 to 951
11	14	-3	-50	-38	7	-41	0	cell = 952 to 959
-18	-39	12	-25	-13	-33	-26	-52	cell = 960 to 967
-35	-39	-39	-13	-18	-25	-10	-36	cell = 968 to 975
-39	-16	-22	31	-31	-22	5	8	cell = 976 to 983
-8	24	-81	19	11	-47	-16	-11	cell = 984 to 991
-31	-10	-29	-25	-5	-19	-13	-70	cell = 992 to 999
-28	-13	-33	-34	-25	-16	-19	-38	cell = 1000 to 1007
-48	18	-11	0	-23	-3	-46	-30	cell = 1008 to 1015
-6	21	-61	-63	-30	-30	-19	-42	cell = 1016 to 1023
Calibration values from cell 0 to 1024 for channel 4:

23	-4	40	-13	0	-38	39	-21	cell = 0 to 7
60	-10	37	-17	16	-43	49	-10	cell = 8 to 15
59	3	13	-19	73	-3	35	-61	cell = 16 to 23
31	-3	37	-30	48	20	20	-14	cell = 24 to 31
37	-36	46	-14	27	12	84	-32	cell = 32 to 39
44	21	62	1	38	12	47	1	cell = 40 to 47
37	-48	11	31	18	-16	67	-6	cell = 48 to 55
7	-13	56	-36	50	-42	11	-13	cell = 56 to 63
61	-22	20	1	5	1	12	-45	cell = 64 to 71
47	-24	57	-12	53	5	39	-11	cell = 72 to 79
26	-17	48	-10	79	17	20	-19	cell = 80 to 87
57	-5	12	4	49	0	21	12	cell = 88 to 95
78	11	38	-14	50	-13	40	21	cell = 96 to 103
57	-39	29	-34	53	25	31	-18	cell = 104 to 111
77	-15	54	7	49	-10	59	-6	cell = 112 to 119
61	-14	57	-13	56	27	49	8	cell = 120 to 127
48	-8	-3	-1	4	18	33	20	cell = 128 to 135
9	8	54	46	11	-9	34	20	cell = 136 to 143
10	-46	72	0	51	29	24	21	cell = 144 to 151
66	20	89	2	32	-3	68	34	cell = 152 to 159
30	32	60	8	40	-3	40	-36	cell = 160 to 167
58	-19	52	-7	64	-51	74	-9	cell = 168 to 175
20	-3	27	-19	57	-17	50	12	cell = 176 to 183
20	0	42	26	37	14	22	-61	cell = 184 to 191
12	-26	15	-23	31	-5	21	-3	cell = 192 to 199
84	3	9	15	47	-41	77	-6	cell = 200 to 207
45	-6	77	50	24	-10	48	-17	cell = 208 to 215
67	-34	32	-30	32	-20	62	1	cell = 216 to 223
40	3	52	-39	37	-13	14	-12	cell = 224 to 231
29	23	24	-9	78	-30	66	-17	cell = 232 to 239
59	-5	26	1	42	-25	34	-23	cell = 240 to 247
31	-27	45	-6	70	-8	16	-68	cell = 248 to 255
51	-48	26	6	54	2	46	-3	cell = 256 to 263
-9	13	71	-25	48	-13	-9	-25	cell = 264 to 271
10	33	59	-41	70	7	13	15	cell = 272 to 279
31	-22	45	-3	43	0	60	9	cell = 280 to 287
70	36	22	11	57	-22	58	40	cell = 288 to 295
27	13	84	-10	63	-33	38	-10	cell = 296 to 303
51	-37	26	-10	28	2	64	-8	cell = 304 to 311
16	-11	75	-32	32	-25	-4	-33	cell = 312 to 319
55	-24	47	-28	59	-21	42	-21	cell = 320 to 327
85	13	83	-26	29	5	33	-11	cell = 328 to 335
8	-30	32	25	39	-34	6	39	cell = 336 to 343
36	-4	43	-12	64	-9	49	-31	cell = 344 to 351
13	49	57	0	44	21	54	7	cell = 352 to 359
60	-2	33	-16	76	-37	58	-28	cell = 360 to 367
11	31	32	-39	50	20	47	-27	cell = 368 to 375
29	-24	105	-21	11	13	20	23	cell = 376 to 383
44	-41	18	-28	27	-9	74	-2	cell = 384 to 391
75	-12	52	-32	32	-22	60	7	cell = 392 to 399
42	-23	30	11	28	35	5	-18	cell = 400 to 407
56	4	21	16	41	39	63	12	cell = 408 to 415
31	-9	58	33	61	-28	41	-16	cell = 416 to 423
52	-46	34	-25	80	5	67	-39	cell = 424 to 431
61	-45	77	16	41	-25	55	-14	cell = 432 to 439
39	-9	43	17	51	-33	58	18	cell = 440 to 447
58	4	22	-33	47	0	58	-16	cell = 448 to 455
93	-16	51	-16	12	23	47	-31	cell = 456 to 463
24	6	81	-49	41	0	45	-25	cell = 464 to 471
49	-34	-12	10	38	-5	86	-32	cell = 472 to 479
54	-12	47	-33	21	-5	52	23	cell = 480 to 487
41	35	28	-20	74	15	45	16	cell = 488 to 495
42	0	-31	-42	24	-45	-74	-76	cell = 496 to 503
87	-3	76	-12	20	17	21	-38	cell = 504 to 511
17	-18	-34	25	-2	-25	-36	22	cell = 512 to 519
-20	-33	-10	-15	-4	16	-8	-7	cell = 520 to 527
-22	7	-10	10	-2	-12	-33	-16	cell = 528 to 535
-11	-36	-15	-25	-9	18	-4	11	cell = 536 to 543
0	-61	-18	-43	1	-17	-33	-33	cell = 544 to 551
-36	-16	-47	-36	-51	10	-14	15	cell = 552 to 559
-31	-26	-14	8	21	-57	-38	13	cell = 560 to 567
-9	-28	-15	-58	-13	-4	-3	-7	cell = 568 to 575
5	-9	-4	-32	1	-73	-49	13	cell = 576 to 583
-54	-38	-31	-4	-41	-7	-6	-36	cell = 584 to 591
-37	-12	-2	-47	-25	-14	-35	-23	cell = 592 to 599
-19	-34	-9	21	9	-41	-35	0	cell = 600 to 607
-7	-21	0	-32	-6	24	-12	-17	cell = 608 to 615
-54	-47	-5	-21	-23	-35	-10	-22	cell = 616 to 623
-12	-10	16	-34	-41	-14	22	-9	cell = 624 to 631
-5	-21	-43	4	-45	-4	-66	-22	cell = 632 to 639
32	-21	-30	-11	2	-2	-33	-4	cell = 640 to 647
-16	7	-10	-34	-23	-36	23	-28	cell = 648 to 655
-23	6	-9	28	-6	-7	-13	-20	cell = 656 to 663
-48	22	-23	49	7	-21	-18	10	cell = 664 to 671
0	-19	-5	-34	9	-20	-41	30	cell = 672 to 679
35	-16	-12	-42	-20	-31	-11	-14	cell = 680 to 687
12	-43	-20	18	29	-67	-10	-4	cell = 688 to 695
-19	-49	-28	2	-30	-44	-28	-47	cell = 696 to 703
-35	-35	-4	-34	-5	-22	-52	-15	cell = 704 to 711
-17	-30	-44	2	-9	-3	6	-15	cell = 712 to 719
-9	-12	-26	-17	-35	-2	-12	-9	cell = 720 to 727
11	-43	-9	-2	-8	-34	3	20	cell = 728 to 735
-11	-9	7	-31	12	-50	-34	-34	cell = 736 to 743
-29	-43	-31	-8	-31	-6	19	3	cell = 744 to 751
-27	-19	-22	35	3	-19	-2	12	cell = 752 to 759
-21	-12	-5	3	-18	-31	-31	-38	cell = 760 to 767
-41	-77	10	-22	-19	-8	-26	1	cell = 768 to 775
-59	0	7	-37	-3	-47	-18	-33	cell = 776 to 783
-5	33	-36	-4	-19	-10	-7	-41	cell = 784 to 791
-11	9	-12	-43	-20	-57	-31	-9	cell = 792 to 799
-22	-81	-34	-21	9	-36	26	-10	cell = 800 to 807
-14	-9	-27	-56	-20	-42	31	-48	cell = 808 to 815
-49	-24	-17	-67	18	-35	10	-38	cell = 816 to 823
-26	-8	-13	-53	-8	-37	-28	12	cell = 824 to 831
21	-47	-43	-17	-53	-57	-43	-24	cell = 832 to 839
-42	-6	-29	-19	9	-3	-24	6	cell = 840 to 847
18	-24	0	-10	10	-36	-13	18	cell = 848 to 855
7	18	-31	8	-24	39	3	-16	cell = 856 to 863
-26	15	-3	-22	-44	-11	-36	30	cell = 864 to 871
-3	-43	-30	5	-25	-4	-30	3	cell = 872 to 879
-47	-5	3	-10	-30	-12	-9	-11	cell = 880 to 887
-17	-22	7	-19	-32	-35	-7	-54	cell = 888 to 895
0	0	4	5	-20	-69	11	-22	cell = 896 to 903
-28	-46	-8	-10	-15	-15	16	-28	cell = 904 to 911
-32	-33	-23	-49	-9	-50	-58	3	cell = 912 to 919
-17	-1	-47	-46	14	-60	4	-4	cell = 920 to 927
19	4	-43	4	-18	-17	-14	5	cell = 928 to 935
-26	-29	-13	-53	20	-23	-33	-35	cell = 936 to 943
-23	-28	-28	29	-14	-5	-24	29	cell = 944 to 951
-26	6	-1	8	0	11	-28	-77	cell = 952 to 959
-11	-12	-38	7	5	0	29	-19	cell = 960 to 967
-10	-11	-39	-31	-20	-13	-25	-31	cell = 968 to 975
-6	-25	-19	-57	-41	-47	-2	-10	cell = 976 to 983
8	-36	-28	-20	-22	-32	-60	1	cell = 984 to 991
-21	-55	-26	-2	-21	-6	-7	-35	cell = 992 to 999
-27	8	-37	-8	-4	-33	-39	-22	cell = 1000 to 1007
-7	-14	-49	-43	-15	-23	-72	16	cell = 1008 to 1015
0	2	-50	10	-3	-42	-47	-9	cell = 1016 to 1023
Calibration values from cell 0 to 1024 for channel 5:

31	-2	15	-5	40	-6	77	-27	cell = 0 to 7
9	6	61	-16	104	-24	51	-10	cell = 8 to 15
65	-63	45	-42	22	-39	58	-34	cell = 16 to 23
63	-10	65	-33	31	23	15	12	cell = 24 to 31
34	6	28	-77	55	-6	46	-28	cell = 32 to 39
31	0	46	24	118	-4	17	-43	cell = 40 to 47
57	-7	18	8	68	-28	24	-6	cell = 48 to 55
33	-40	25	-51	21	-31	51	3	cell = 56 to 63
43	16	11	6	26	-1	47	-10	cell = 64 to 71
33	-1	48	-32	22	-27	19	-1	cell = 72 to 79
63	16	24	-31	74	10	85	-8	cell = 80 to 87
48	-27	25	-30	46	13	38	-18	cell = 88 to 95
52	22	-12	0	40	20	66	-16	cell = 96 to 103
-5	2	55	6	54	8	45	-5	cell = 104 to 111
35	-12	53	-10	14	-6	85	-7	cell = 112 to 119
-8	1	64	-23	33	-13	82	-25	cell = 120 to 127
38	-13	55	-18	31	-16	53	8	cell = 128 to 135
23	17	56	31	44	-18	52	11	cell = 136 to 143
6	18	40	-25	8	-32	69	-16	cell = 144 to 151
39	25	26	-9	63	-8	5	22	cell = 152 to 159
17	-2	26	38	64	-7	55	-32	cell = 160 to 167
62	33	26	-7	2	-40	35	-9	cell = 168 to 175
33	-19	33	3	21	-26	32	23	cell = 176 to 183
56	-15	36	5	17	21	37	-1	cell = 184 to 191
20	10	53	-11	58	-11	26	-26	cell = 192 to 199
44	-10	23	40	20	6	5	-20	cell = 200 to 207
55	-8	39	-15	33	-6	59	-13	cell = 208 to 215
27	4	47	13	22	-21	27	-2	cell = 216 to 223
40	-24	40	-28	44	-20	90	-14	cell = 224 to 231
45	-38	69	23	37	26	43	-39	cell = 232 to 239
35	26	65	-6	21	5	89	18	cell = 240 to 247
79	29	21	14	36	0	3	4	cell = 248 to 255
67	-5	11	-6	56	11	73	1	cell = 256 to 263
41	-56	80	-14	53	-5	44	-9	cell = 264 to 271
82	-13	46	33	34	-15	35	-14	cell = 272 to 279
54	-20	56	20	66	-10	45	-12	cell = 280 to 287
48	-21	72	-28	53	-25	43	-28	cell = 288 to 295
38	-7	44	-5	27	-3	63	-25	cell = 296 to 303
50	10	36	-4	32	-14	57	-1	cell = 304 to 311
26	-45	48	-55	39	11	56	-38	cell = 312 to 319
47	-8	52	-6	47	30	41	-17	cell = 320 to 327
46	-11	54	-12	92	14	91	-6	cell = 328 to 335
70	0	42	-31	4	-14	60	9	cell = 336 to 343
31	-6	54	-45	15	18	16	-23	cell = 344 to 351
47	-23	91	0	27	26	40	-30	cell = 352 to 359
55	-21	59	-18	27	-28	82	31	cell = 360 to 367
56	-27	55	35	56	45	24	5	cell = 368 to 375
18	-11	75	-6	43	12	66	-16	cell = 376 to 383
37	-24	50	-9	12	31	26	-8	cell = 384 to 391
54	-21	33	-20	59	15	47	7	cell = 392 to 399
20	0	71	-23	36	-22	31	-28	cell = 400 to 407
73	-21	77	-8	34	15	39	-42	cell = 408 to 415
65	-16	74	24	11	7	41	9	cell = 416 to 423
9	-48	58	5	53	42	63	3	cell = 424 to 431
19	-1	83	5	42	12	48	-11	cell = 432 to 439
47	-11	33	6	50	-66	6	0	cell = 440 to 447
37	-25	66	7	43	-16	62	-41	cell = 448 to 455
28	-38	38	-13	38	-25	10	20	cell = 456 to 463
69	32	52	8	51	12	72	-26	cell = 464 to 471
71	12	9	-9	25	2	56	20	cell = 472 to 479
30	9	42	19	48	-16	52	-17	cell = 480 to 487
47	9	47	-27	51	1	16	-2	cell = 488 to 495
55	9	-33	-57	-35	-40	-31	-52	cell = 496 to 503
66	-38	57	-20	12	-9	2	-26	cell = 504 to 511
-3	-28	11	-6	-23	6	-18	-44	cell = 512 to 519
-37	-35	-43	-40	-3	-27	-11	19	cell = 520 to 527
-47	-9	-41	-57	-9	-10	-7	-13	cell = 528 to 535
-26	12	-43	-49	-20	29	0	-36	cell = 536 to 543
-22	-41	-13	-28	4	2	-19	-9	cell = 544 to 551
-15	4	15	5	7	1	-26	-20	cell = 552 to 559
-11	-35	-27	13	-6	-12	-26	4	cell = 560 to 567
-4	17	-21	-26	-25	-21	-21	-31	cell = 568 to 575
3	-22	25	-67	-10	-63	-61	-28	cell = 576 to 583
-1	-12	-22	-45	-6	-15	-32	-6	cell = 584 to 591
-36	15	-44	-13	-37	-42	-23	-12	cell = 592 to 599
-14	-15	3	-20	-17	-30	-52	-4	cell = 600 to 607
-7	-9	-40	-15	3	-19	-7	-35	cell = 608 to 615
3	-15	12	-5	17	-15	-25	13	cell = 616 to 623
-13	-25	-73	-53	-21	-13	20	-16	cell = 624 to 631
12	1	-38	-9	-22	7	-1	-17	cell = 632 to 639
-11	-2	-36	4	6	-5	-17	-18	cell = 640 to 647
-33	-10	-40	0	-6	49	-54	-14	cell = 648 to 655
-44	-36	-28	-10	-29	-12	-2	4	cell = 656 to 663
19	-69	-20	-1	11	21	-35	-39	cell = 664 to 671
8	-45	25	-35	14	-17	-41	-10	cell = 672 to 679
-2	-8	-38	1	-22	-41	-30	-2	cell = 680 to 687
-38	7	-6	-32	-26	17	-62	-6	cell = 688 to 695
-25	18	-9	-19	-3	-11	20	-25	cell = 696 to 703
-11	-31	37	-34	-62	-50	12	-50	cell = 704 to 711
-13	15	-20	-19	-17	-2	-12	-66	cell = 712 to 719
-20	-5	-68	-63	-18	-64	-7	-11	cell = 720 to 727
-10	-35	-4	37	-13	10	-6	-33	cell = 728 to 735
0	-52	-15	24	-6	20	13	-22	cell = 736 to 743
8	-40	-20	-46	-55	-23	4	-13	cell = 744 to 751
-78	13	-38	-3	-31	27	-3	-69	cell = 752 to 759
-20	-14	-44	-41	-30	-35	-28	19	cell = 760 to 767
0	-29	6	-10	-12	9	-1	5	cell = 768 to 775
-62	-26	-28	-18	-15	-2	-60	-76	cell = 776 to 783
2	-51	-29	-53	-9	-29	-63	-5	cell = 784 to 791
-58	-40	-42	-15	-56	-35	-17	-4	cell = 792 to 799
-18	-15	0	14	-36	25	1	-35	cell = 800 to 807
40	-36	-23	-6	-20	-8	-33	-26	cell = 808 to 815
1	-21	-52	7	26	16	-20	-26	cell = 816 to 823
-2	14	17	-19	10	-26	-23	-2	cell = 824 to 831
15	-26	-1	-13	-28	-10	-46	14	cell = 832 to 839
36	-38	19	-31	-17	-17	-31	-6	cell = 840 to 847
18	-27	0	11	-36	-22	0	-16	cell = 848 to 855
-19	-24	-12	15	-34	-25	16	-6	cell = 856 to 863
7	-48	-13	-43	-30	-45	-25	-30	cell = 864 to 871
5	-17	-65	21	14	-3	-10	-15	cell = 872 to 879
-43	-6	32	-50	12	-19	-52	-16	cell = 880 to 887
-4	-5	9	-37	-16	-10	-72	-20	cell = 888 to 895
-6	-55	-11	-11	-15	-15	5	17	cell = 896 to 903
-46	-81	-40	10	-4	-27	-40	-8	cell = 904 to 911
-13	-34	-17	-36	6	-35	-34	-6	cell = 912 to 919
-2	-30	-1	20	-62	-1	-37	-13	cell = 920 to 927
-24	-15	-21	-13	22	-52	-1	-44	cell = 928 to 935
-10	-41	-17	-23	-30	-39	2	-4	cell = 936 to 943
-24	-10	-8	-15	-21	-39	-22	25	cell = 944 to 951
-23	4	-45	9	1	22	-24	-20	cell = 952 to 959
-11	-23	-22	-53	-48	-66	-33	-19	cell = 960 to 967
-31	-43	8	2	-5	-16	-30	-45	cell = 968 to 975
-35	-38	0	-24	-27	-15	-42	-24	cell = 976 to 983
-11	-26	-34	-27	3	-15	-4	-31	cell = 984 to 991
-8	-17	-7	-7	3	-11	-6	-38	cell = 992 to 999
-35	-11	-4	-26	-17	-5	-18	15	cell = 1000 to 1007
-13	-73	-22	-61	-70	-40	-30	-10	cell = 1008 to 1015
24	-23	-49	-9	-41	-32	-60	-36	cell = 1016 to 1023
Calibration values from cell 0 to 1024 for channel 6:

46	3	38	-13	-3	-50	33	27	cell = 0 to 7
11	-36	48	13	27	39	52	-22	cell = 8 to 15
63	-42	13	1	51	-6	13	7	cell = 16 to 23
30	-6	80	-8	25	6	55	-39	cell = 24 to 31
1	-11	43	24	79	-31	32	-14	cell = 32 to 39
9	-13	77	-20	85	48	71	16	cell = 40 to 47
54	-46	48	-51	31	23	32	-23	cell = 48 to 55
16	-31	32	-11	54	-26	46	-30	cell = 56 to 63
60	-6	46	-3	1	-17	32	-11	cell = 64 to 71
63	-19	38	-29	40	6	43	-20	cell = 72 to 79
56	-40	15	-20	91	24	64	-12	cell = 80 to 87
21	-5	35	-19	34	-11	42	21	cell = 88 to 95
33	-29	45	-19	42	-6	56	-28	cell = 96 to 103
30	-5	63	-24	53	-28	60	-29	cell = 104 to 111
47	23	44	-37	50	-11	41	-14	cell = 112 to 119
40	30	12	-37	-2	-22	62	9	cell = 120 to 127
33	-13	69	-23	61	-27	75	-9	cell = 128 to 135
40	-6	65	5	27	18	65	-8	cell = 136 to 143
35	-4	50	37	29	-15	47	-41	cell = 144 to 151
78	-34	34	18	52	-16	67	-37	cell = 152 to 159
68	-35	39	0	23	-7	55	-41	cell = 160 to 167
60	26	31	-4	57	21	51	-16	cell = 168 to 175
5	23	71	-2	33	14	49	-63	cell = 176 to 183
21	22	30	-4	15	17	45	-26	cell = 184 to 191
67	-29	87	-43	30	26	31	-5	cell = 192 to 199
37	-11	66	-21	39	-14	19	-5	cell = 200 to 207
51	-41	47	-59	34	-39	19	1	cell = 208 to 215
51	10	108	13	59	16	87	-8	cell = 216 to 223
7	24	24	5	59	-55	31	-13	cell = 224 to 231
50	-11	12	28	75	-29	38	10	cell = 232 to 239
54	7	28	-26	28	16	46	16	cell = 240 to 247
53	4	40	-9	20	2	57	14	cell = 248 to 255
3	-15	25	-48	29	3	39	-31	cell = 256 to 263
60	-9	67	-8	52	-11	28	-47	cell = 264 to 271
76	29	72	18	29	-12	23	4	cell = 272 to 279
35	0	8	12	45	0	54	-19	cell = 280 to 287
65	-4	53	-35	13	-67	33	-21	cell = 288 to 295
43	24	16	21	81	-15	38	11	cell = 296 to 303
51	-31	73	3	90	-19	36	23	cell = 304 to 311
50	0	66	-7	36	-39	33	-49	cell = 312 to 319
51	-8	28	-14	34	-2	20	-22	cell = 320 to 327
11	-15	71	-7	36	11	50	30	cell = 328 to 335
82	-13	19	-6	24	7	48	13	cell = 336 to 343
63	30	61	-21	75	-2	71	-8	cell = 344 to 351
35	1	51	-12	58	-14	37	-35	cell = 352 to 359
59	-2	27	0	41	-22	45	-8	cell = 360 to 367
19	20	48	-30	56	38	59	5	cell = 368 to 375
67	-24	79	-15	59	-50	18	-15	cell = 376 to 383
70	13	60	9	31	-22	79	11	cell = 384 to 391
55	-37	70	-34	40	-14	27	-5	cell = 392 to 399
55	-17	73	-14	45	-1	66	-5	cell = 400 to 407
27	22	79	20	47	19	81	-29	cell = 408 to 415
51	-6	22	-27	63	5	68	-10	cell = 416 to 423
30	18	59	-11	50	4	5	-2	cell = 424 to 431
3	13	23	-26	66	54	65	-7	cell = 432 to 439
40	-43	50	0	24	-48	28	28	cell = 440 to 447
79	-22	76	-27	54	10	47	14	cell = 448 to 455
60	-47	77	-20	32	12	67	-40	cell = 456 to 463
68	0	48	-32	70	-24	7	0	cell = 464 to 471
20	7	-26	32	33	0	31	6	cell = 472 to 479
74	-25	37	-11	20	2	50	10	cell = 480 to 487
60	-37	64	-57	28	-6	45	-19	cell = 488 to 495
48	-21	-23	-111	-27	-75	-35	-80	cell = 496 to 503
34	-16	24	18	52	-15	55	-34	cell = 504 to 511
-19	-43	-52	-32	-52	-46	-61	1	cell = 512 to 519
-36	1	8	-27	-8	-17	12	14	cell = 520 to 527
-31	-28	-24	-46	-18	-38	-11	-27	cell = 528 to 535
-35	-11	17	7	0	-20	28	-27	cell = 536 to 543
17	8	26	-15	2	-12	3	-72	cell = 544 to 551
8	-45	15	15	-23	-3	-19	-20	cell = 552 to 559
-7	-32	-33	-5	12	-57	-10	-22	cell = 560 to 567
-12	-33	-33	-28	-19	-26	-16	-19	cell = 568 to 575
14	-18	-5	-42	-51	-17	-31	6	cell = 576 to 583
2	16	-36	-31	13	-20	-20	-6	cell = 584 to 591
8	-7	7	-68	-39	24	-10	-4	cell = 592 to 599
-15	-1	-27	-16	-14	36	-14	-41	cell = 600 to 607
-48	-42	-4	-32	-11	-29	-27	-23	cell = 608 to 615
4	-18	-20	-18	5	-11	-27	-26	cell = 616 to 623
-4	-13	-5	-18	-35	-50	-21	-18	cell = 624 to 631
30	-10	-15	-15	-2	-40	-34	20	cell = 632 to 639
-22	-35	-42	-19	-21	-19	-49	-52	cell = 640 to 647
-37	-24	-12	27	-39	-35	-10	-3	cell = 648 to 655
-10	-42	1	-1	4	-42	-6	-22	cell = 656 to 663
-28	-26	-33	3	17	1	-15	-18	cell = 664 to 671
-17	-3	8	-14	-7	-47	-52	-49	cell = 672 to 679
-32	-31	1	-10	-20	-10	-1	-20	cell = 680 to 687
6	4	-6	-38	-27	15	5	-6	cell = 688 to 695
-17	-8	-29	6	-31	-35	-61	-30	cell = 696 to 703
-38	-34	-61	14	1	22	-2	14	cell = 704 to 711
10	-26	-6	-9	-47	-7	0	18	cell = 712 to 719
-20	20	-6	-15	18	-12	-11	-8	cell = 720 to 727
17	24	-47	-16	-19	-34	-4	4	cell = 728 to 735
-64	-15	-53	-28	-19	-44	-22	-40	cell = 736 to 743
0	-34	-10	1	21	-35	-10	-22	cell = 744 to 751
-4	15	-47	6	-33	14	4	8	cell = 752 to 759
36	-4	-34	-24	-48	-20	-39	-19	cell = 760 to 767
-2	-21	-46	-69	-28	-37	-16	5	cell = 768 to 775
7	-33	-22	-17	-24	-37	-15	-43	cell = 776 to 783
-24	-38	-20	-3	0	-16	12	2	cell = 784 to 791
-7	15	-29	-43	-3	-29	-53	-41	cell = 792 to 799
-32	-2	18	-25	-10	-35	-22	8	cell = 800 to 807
-7	13	9	-32	-7	-68	-50	-37	cell = 808 to 815
-49	-37	-32	-24	-8	-54	-48	-12	cell = 816 to 823
3	-14	-6	-30	-19	-13	-21	-31	cell = 824 to 831
-32	12	-6	-8	-8	-35	18	-14	cell = 832 to 839
-4	-17	-3	-40	2	16	19	-32	cell = 840 to 847
5	22	-21	-18	-11	-39	-4	-22	cell = 848 to 855
-18	-12	-13	-3	6	-16	-36	-11	cell = 856 to 863
-11	-42	-61	-2	-34	-39	-49	-20	cell = 864 to 871
-23	-15	0	-22	-45	-5	-27	-38	cell = 872 to 879
-6	-30	-25	-20	13	-59	-24	-26	cell = 880 to 887
24	-20	6	-30	-26	23	-40	-3	cell = 888 to 895
-22	-41	-12	-52	-58	4	-39	-38	cell = 896 to 903
-31	-18	-30	-34	-3	-17	15	-24	cell = 904 to 911
-46	10	-64	-31	28	-22	-42	-8	cell = 912 to 919
-22	-25	-4	20	10	-12	-15	-27	cell = 920 to 927
7	8	-5	-36	-16	0	10	-7	cell = 928 to 935
0	-16	38	-9	7	6	-39	-16	cell = 936 to 943
-27	24	-38	-14	-17	-41	-16	0	cell = 944 to 951
0	-33	-13	-31	18	-12	-16	-9	cell = 952 to 959
-40	-26	-4	6	9	1	-4	-60	cell = 960 to 967
-30	-13	-24	-21	-43	-7	-30	-14	cell = 968 to 975
-41	-29	9	-9	-30	-45	-41	-24	cell = 976 to 983
6	8	-26	-12	-7	-76	39	-28	cell = 984 to 991
-9	-25	16	2	-26	-42	-27	-25	cell = 992 to 999
-13	-33	-30	-62	-41	-46	-22	-26	cell = 1000 to 1007
-21	-40	-43	-29	-42	-27	-39	-23	cell = 1008 to 1015
0	-29	-42	-48	-22	-21	-63	-17	cell = 1016 to 1023
Calibration values from cell 0 to 1024 for channel 7:

43	-1	21	-25	70	3	26	-32	cell = 0 to 7
83	-14	37	-17	31	-53	45	-23	cell = 8 to 15
23	-16	5	-20	42	-28	63	-4	cell = 16 to 23
78	-28	47	-11	44	-18	2	18	cell = 24 to 31
46	-25	43	10	67	-34	54	4	cell = 32 to 39
78	-5	38	-70	48	26	32	6	cell = 40 to 47
86	3	80	-9	70	-12	60	-53	cell = 48 to 55
37	-30	74	11	81	-14	9	-32	cell = 56 to 63
59	0	23	-30	44	-27	25	-2	cell = 64 to 71
32	-36	66	-21	94	-15	26	15	cell = 72 to 79
53	-48	53	-3	80	12	74	-19	cell = 80 to 87
61	-5	63	-13	30	-24	45	-24	cell = 88 to 95
7	-29	38	-35	46	17	41	6	cell = 96 to 103
34	-1	63	-13	23	-6	79	3	cell = 104 to 111
64	8	44	11	42	-8	78	-15	cell = 112 to 119
50	0	4	-27	6	-30	38	-18	cell = 120 to 127
7	2	60	-5	71	6	44	-7	cell = 128 to 135
37	5	45	-37	46	-41	56	-11	cell = 136 to 143
27	6	63	7	38	22	71	25	cell = 144 to 151
31	22	61	10	18	16	96	24	cell = 152 to 159
63	-40	55	-50	74	-17	-1	6	cell = 160 to 167
79	5	56	14	43	-15	16	-10	cell = 168 to 175
61	15	65	-4	34	34	26	-25	cell = 176 to 183
45	1	29	25	46	7	25	14	cell = 184 to 191
47	4	55	-17	23	-33	76	-25	cell = 192 to 199
27	8	92	-1	61	-2	19	1	cell = 200 to 207
30	16	34	6	70	11	54	-11	cell = 208 to 215
26	-63	29	-26	107	2	45	-16	cell = 216 to 223
29	-52	42	-22	58	-18	56	18	cell = 224 to 231
34	-6	26	15	63	23	64	-11	cell = 232 to 239
34	-44	44	-7	50	5	14	-14	cell = 240 to 247
30	-7	20	-62	56	22	61	-17	cell = 248 to 255
39	-18	41	30	21	-11	31	-9	cell = 256 to 263
38	4	47	-14	17	-20	65	-23	cell = 264 to 271
88	26	31	5	51	-24	65	-47	cell = 272 to 279
70	-1	28	16	27	5	12	29	cell = 280 to 287
13	-21	48	28	23	-7	18	-25	cell = 288 to 295
74	21	68	-5	93	-7	62	13	cell = 296 to 303
51	11	46	-18	46	39	41	-27	cell = 304 to 311
17	4	30	-57	38	28	65	-4	cell = 312 to 319
8	34	56	-21	50	8	81	6	cell = 320 to 327
59	-15	49	-7	77	-12	6	10	cell = 328 to 335
66	-24	11	-23	59	-33	25	-1	cell = 336 to 343
29	-14	62	-39	64	6	76	-28	cell = 344 to 351
55	0	79	-19	96	-20	44	-44	cell = 352 to 359
38	35	33	27	46	0	45	-45	cell = 360 to 367
68	-11	29	-2	34	4	19	26	cell = 368 to 375
9	15	16	-6	-11	-1	43	-19	cell = 376 to 383
2	-18	34	-22	68	-27	47	-21	cell = 384 to 391
27	-50	39	-21	40	-33	35	31	cell = 392 to 399
55	-29	40	-5	29	15	45	-1	cell = 400 to 407
35	-16	45	8	62	2	49	-15	cell = 408 to 415
24	-3	55	-41	57	-28	76	-35	cell = 416 to 423
55	10	55	-54	51	-7	71	-13	cell = 424 to 431
47	16	43	3	16	13	14	-29	cell = 432 to 439
36	-4	45	-20	83	-6	38	3	cell = 440 to 447
63	36	14	-35	2	-25	65	-7	cell = 448 to 455
31	-27	27	-15	51	10	-13	1	cell = 456 to 463
29	-3	57	-7	67	13	24	-14	cell = 464 to 471
88	-17	46	0	63	17	54	8	cell = 472 to 479
82	-8	35	-7	67	-43	36	1	cell = 480 to 487
32	-21	38	12	60	-11	22	-19	cell = 488 to 495
19	-48	-1	-44	-14	-76	-64	-62	cell = 496 to 503
48	1	61	-49	49	11	55	-26	cell = 504 to 511
-17	-10	-41	-54	-18	-6	-65	-56	cell = 512 to 519
-24	-15	-21	-35	3	8	-25	-21	cell = 520 to 527
-11	-13	27	-7	-22	-21	-77	-33	cell = 528 to 535
-31	17	-55	-26	2	-7	52	-20	cell = 536 to 543
0	14	-20	-35	-30	-13	-2	-20	cell = 544 to 551
4	-18	-22	7	19	18	-25	-30	cell = 552 to 559
-51	-58	1	17	17	-5	-52	-53	cell = 560 to 567
-33	-32	-43	5	5	-30	-22	-43	cell = 568 to 575
-51	-13	-6	-9	-33	10	33	-28	cell = 576 to 583
3	-21	1	-18	9	-7	-51	-28	cell = 584 to 591
-18	9	-9	10	17	-20	-28	14	cell = 592 to 599
-34	-24	-16	-31	-4	-22	8	-41	cell = 600 to 607
-8	13	-30	-5	7	20	-27	-9	cell = 608 to 615
-14	-14	-31	-42	-3	-39	-31	-24	cell = 616 to 623
8	-4	-41	-12	-14	-18	-11	-13	cell = 624 to 631
2	-23	-24	-26	-19	-56	-20	-63	cell = 632 to 639
-39	-11	-30	8	-32	-34	1	4	cell = 640 to 647
-27	-50	-5	-24	-3	-64	-87	-2	cell = 648 to 655
-5	-8	16	-31	-31	8	-26	-21	cell = 656 to 663
-46	3	9	-46	-7	-1	12	6	cell = 664 to 671
-29	-25	3	-53	-32	0	5	-42	cell = 672 to 679
-32	-36	5	-5	-52	14	-26	-11	cell = 680 to 687
-31	-7	-40	-61	-12	10	28	-64	cell = 688 to 695
26	-17	-7	-37	-8	-59	-8	-23	cell = 696 to 703
13	3	-40	-47	23	-10	-27	-11	cell = 704 to 711
4	0	-43	-38	-23	-33	-29	-43	cell = 712 to 719
-24	-44	-38	-17	-41	10	-11	-27	cell = 720 to 727
-9	-5	-11	-20	-39	-16	31	-46	cell = 728 to 735
-6	-51	-5	-6	-10	19	-36	-24	cell = 736 to 743
43	-63	-33	5	-5	-16	-6	9	cell = 744 to 751
-34	-27	-8	-28	-24	-26	-22	-2	cell = 752 to 759
-31	-34	-17	2	-13	0	-36	-47	cell = 760 to 767
-1	-17	-51	-3	1	-17	-26	22	cell = 768 to 775
-10	-55	-21	-3	-6	10	13	-4	cell = 776 to 783
-27	-30	-42	-20	-3	-12	-16	23	cell = 784 to 791
-5	-41	-14	-23	-14	16	-32	-19	cell = 792 to 799
-52	-21	29	23	-33	-32	-31	-30	cell = 800 to 807
-1	-59	-35	-49	-17	17	-4	-21	cell = 808 to 815
0	-31	3	-27	1	-24	-15	-10	cell = 816 to 823
-3	-17	-10	-17	-35	-30	-36	11	cell = 824 to 831
-43	-36	-38	0	-56	-41	-43	-63	cell = 832 to 839
25	9	-27	-39	-14	24	-27	-24	cell = 840 to 847
-16	-25	-14	-2	-43	-46	10	-1	cell = 848 to 855
19	-6	-33	-37	-48	-71	-2	-12	cell = 856 to 863
-27	-18	-32	15	14	-25	4	-18	cell = 864 to 871
16	-3	-17	-2	3	-37	-17	15	cell = 872 to 879
-54	-2	-13	-10	-11	-45	-67	-40	cell = 880 to 887
-38	-62	6	-25	-36	-15	-9	1	cell = 888 to 895
-54	-19	-18	-11	13	-16	-46	-16	cell = 896 to 903
-29	-51	-19	-17	-31	-27	9	-17	cell = 904 to 911
-43	-38	-21	-15	4	-10	-15	1	cell = 912 to 919
-32	22	-38	16	-33	-30	15	1	cell = 920 to 927
-24	-26	-11	-2	-31	-23	-42	11	cell = 928 to 935
28	-35	-19	-53	-13	-36	-26	-39	cell = 936 to 943
-10	-3	-27	12	-25	-27	-6	-30	cell = 944 to 951
15	22	-26	-41	1	-16	-2	-5	cell = 952 to 959
-63	-21	-22	5	20	-70	-19	-9	cell = 960 to 967
-14	-14	-13	-4	15	-14	-42	-25	cell = 968 to 975
14	-38	-11	-27	-15	0	-3	-30	cell = 976 to 983
-18	-31	-25	-38	3	-20	-33	-30	cell = 984 to 991
-5	-54	5	-23	-27	-7	-47	7	cell = 992 to 999
-6	-44	8	-27	38	-42	-8	15	cell = 1000 to 1007
-28	-50	-31	-27	-15	-15	-37	-54	cell = 1008 to 1015
-7	-34	-33	-83	0	-12	-25	-34	cell = 1016 to 1023
Calibration values from cell 0 to 1024 for channel 8:

-1	-18	90	-10	21	0	74	7	cell = 0 to 7
1	11	60	5	35	7	-5	-11	cell = 8 to 15
50	1	4	-18	51	-13	34	-52	cell = 16 to 23
19	-30	9	15	67	-19	52	-15	cell = 24 to 31
64	12	39	20	57	18	37	-11	cell = 32 to 39
29	10	37	-12	20	-15	52	-2	cell = 40 to 47
26	27	81	11	29	13	62	-24	cell = 48 to 55
44	39	35	-11	47	19	17	-8	cell = 56 to 63
63	-7	13	23	30	5	57	-21	cell = 64 to 71
54	12	92	-36	5	10	61	-26	cell = 72 to 79
32	1	14	-27	74	5	23	33	cell = 80 to 87
33	-13	34	-7	64	-16	48	-12	cell = 88 to 95
14	11	37	6	20	-39	16	-2	cell = 96 to 103
30	-21	54	-28	41	-3	47	19	cell = 104 to 111
48	-18	53	6	70	-8	88	-44	cell = 112 to 119
21	-7	20	21	56	55	55	-8	cell = 120 to 127
23	-2	42	-39	6	12	-12	3	cell = 128 to 135
30	-30	61	-28	24	-29	28	6	cell = 136 to 143
69	-15	8	-6	48	-4	78	-4	cell = 144 to 151
49	1	32	-25	9	49	56	-19	cell = 152 to 159
28	12	20	-6	45	-10	58	35	cell = 160 to 167
48	-34	37	0	52	-34	90	-13	cell = 168 to 175
79	12	43	-28	21	-19	74	15	cell = 176 to 183
42	20	19	-57	35	12	67	-36	cell = 184 to 191
11	31	29	-22	68	-22	38	-3	cell = 192 to 199
55	30	74	-25	55	-38	36	-27	cell = 200 to 207
58	32	17	4	52	6	16	31	cell = 208 to 215
46	20	75	0	11	-22	30	-29	cell = 216 to 223
55	5	72	-28	51	16	43	-50	cell = 224 to 231
33	11	72	-36	74	-4	43	-15	cell = 232 to 239
54	-10	49	23	21	-28	71	2	cell = 240 to 247
21	9	71	49	26	3	42	-5	cell = 248 to 255
45	-27	17	-3	55	36	59	-19	cell = 256 to 263
15	-12	51	19	28	-17	28	-15	cell = 264 to 271
41	-39	61	4	-10	-23	51	-31	cell = 272 to 279
40	1	29	-18	61	-17	77	4	cell = 280 to 287
43	31	56	23	27	0	48	6	cell = 288 to 295
31	13	69	13	26	12	34	29	cell = 296 to 303
46	-24	50	3	44	35	7	-19	cell = 304 to 311
24	-8	41	-25	16	-15	36	-24	cell = 312 to 319
52	15	37	-42	48	36	73	-11	cell = 320 to 327
-9	20	37	-34	81	16	33	-20	cell = 328 to 335
72	-23	48	-21	45	2	39	3	cell = 336 to 343
40	28	24	1	39	-19	56	-2	cell = 344 to 351
29	3	42	-21	7	19	31	-20	cell = 352 to 359
68	-3	67	3	43	-25	37	10	cell = 360 to 367
73	25	48	18	62	0	69	-1	cell = 368 to 375
55	-5	42	-6	44	-6	53	-19	cell = 376 to 383
23	-7	1	-1	19	32	33	-10	cell = 384 to 391
41	-19	0	-25	65	1	58	-6	cell = 392 to 399
17	21	36	11	59	22	-3	-15	cell = 400 to 407
62	1	97	-31	73	-42	65	6	cell = 408 to 415
99	-15	42	-16	57	18	48	38	cell = 416 to 423
50	-10	51	-2	52	-36	72	33	cell = 424 to 431
37	-34	18	16	19	-33	46	-2	cell = 432 to 439
78	-10	64	36	7	-8	51	-4	cell = 440 to 447
10	25	43	-16	38	-10	21	30	cell = 448 to 455
-7	-21	56	-8	59	-21	48	-12	cell = 456 to 463
55	22	47	6	96	-16	71	-9	cell = 464 to 471
22	-17	56	-44	43	-16	43	-15	cell = 472 to 479
30	-38	28	3	25	-7	39	13	cell = 480 to 487
48	-7	76	-21	64	-4	65	28	cell = 488 to 495
46	-58	-51	-63	-56	-85	-30	-85	cell = 496 to 503
65	-26	36	9	20	-40	47	-53	cell = 504 to 511
-70	38	-22	-32	1	-12	-38	-44	cell = 512 to 519
-8	-21	-19	-6	-33	-34	11	-33	cell = 520 to 527
22	-7	-63	-5	7	-9	-6	0	cell = 528 to 535
24	-31	-24	11	-39	-5	-47	-3	cell = 536 to 543
1	-55	-5	-20	-14	-31	2	-11	cell = 544 to 551
-21	-26	-20	-12	-48	-56	-56	-19	cell = 552 to 559
-15	-29	3	-6	2	2	-21	-9	cell = 560 to 567
-41	-17	-20	-24	-6	8	-39	-57	cell = 568 to 575
-3	-8	-40	8	-71	11	9	40	cell = 576 to 583
-7	10	-5	-56	26	-1	-55	34	cell = 584 to 591
-7	9	-15	11	-17	6	4	18	cell = 592 to 599
-42	-23	-14	16	8	-13	42	-59	cell = 600 to 607
-21	-6	-49	-25	-25	-23	24	-39	cell = 608 to 615
-80	-7	-11	-10	-11	-42	-36	5	cell = 616 to 623
23	-22	-5	-16	-21	-7	-37	-12	cell = 624 to 631
-25	-38	-15	-6	-38	-10	-18	25	cell = 632 to 639
-22	-70	-34	15	-21	-36	-17	-40	cell = 640 to 647
-44	-22	0	-34	3	-35	-55	-8	cell = 648 to 655
15	-16	-21	-14	-43	14	-32	-22	cell = 656 to 663
-10	5	-2	-2	-35	-13	-14	-42	cell = 664 to 671
1	-56	8	-5	2	-39	18	-39	cell = 672 to 679
42	12	-18	17	-12	-16	-19	-22	cell = 680 to 687
-58	-34	-15	-28	-35	0	16	35	cell = 688 to 695
-28	-27	-19	-47	2	11	-62	-15	cell = 696 to 703
-23	-7	8	0	-5	11	3	-17	cell = 704 to 711
36	-18	-43	-6	-25	-11	-40	7	cell = 712 to 719
16	-4	-36	-26	-27	-16	-23	-21	cell = 720 to 727
1	-45	-34	-2	-61	-13	-39	-33	cell = 728 to 735
-5	-25	-5	-31	-23	-27	-30	-15	cell = 736 to 743
-38	-41	-30	-37	3	8	-64	4	cell = 744 to 751
-27	-14	-21	-22	-9	-16	-79	-7	cell = 752 to 759
11	13	-8	10	-36	-19	-30	-22	cell = 760 to 767
34	-29	3	-23	17	-25	27	-22	cell = 768 to 775
-20	-41	-33	-22	-4	-35	-45	-11	cell = 776 to 783
-32	-13	-40	-5	29	28	-13	1	cell = 784 to 791
16	-5	-20	-50	-43	-50	-32	-18	cell = 792 to 799
-28	-5	-22	-15	-32	-21	15	-10	cell = 800 to 807
-35	-43	-42	-22	-3	0	4	-12	cell = 808 to 815
-39	-33	-23	10	-24	-26	-8	21	cell = 816 to 823
13	-5	-20	-19	-32	-57	-54	-6	cell = 824 to 831
22	-27	-12	-48	-5	-42	-35	-19	cell = 832 to 839
-29	-4	-24	8	-20	-2	5	-12	cell = 840 to 847
-34	-11	-35	-35	-19	-22	-37	-5	cell = 848 to 855
7	-5	-70	-26	1	-4	-8	-26	cell = 856 to 863
-35	-33	-8	-7	2	-3	-62	28	cell = 864 to 871
-5	-16	-22	-7	-25	13	-29	-4	cell = 872 to 879
-21	31	-48	-29	-20	-56	-13	-22	cell = 880 to 887
-39	-27	-11	-17	-25	-13	-43	-35	cell = 888 to 895
-7	-11	3	7	-24	2	-71	-49	cell = 896 to 903
-13	47	16	-5	-15	-22	-36	-7	cell = 904 to 911
-6	-81	-46	-16	-20	-15	-32	-43	cell = 912 to 919
-19	-39	3	-12	-16	-23	-41	0	cell = 920 to 927
7	-9	-26	-6	-25	0	-24	-26	cell = 928 to 935
-15	-14	-49	-20	-18	-29	-18	-53	cell = 936 to 943
14	-15	-66	-65	-43	-29	-30	-6	cell = 944 to 951
4	-22	-50	-20	-64	-22	-15	-3	cell = 952 to 959
-32	-38	-36	-34	-13	-29	-17	-12	cell = 960 to 967
-41	-19	-28	3	-44	15	-22	-33	cell = 968 to 975
-13	-34	-13	-22	-20	-33	-50	-26	cell = 976 to 983
-22	-47	-12	-80	-1	-43	-53	-7	cell = 984 to 991
-25	-50	-32	-47	-4	-9	-41	9	cell = 992 to 999
15	-26	-7	-21	-32	2	-26	-21	cell = 1000 to 1007
-41	-27	-71	-43	-37	1	33	-8	cell = 1008 to 1015
-5	-46	-34	-25	-27	20	-15	-35	cell = 1016 to 1023
