Calibration values from cell 0 to 1024 for channel 0:

51	2	13	-120	48	23	0	69	cell = 0 to 7
1	5	17	0	0	-22	0	72	cell = 8 to 15
2	20	39	2	12	0	40	6	cell = 16 to 23
0	-100	0	0	0	0	0	0	cell = 24 to 31
0	0	-46	-1	-1	-1	-1	-1	cell = 32 to 39
-1	-1	-1	-1	-1	-1	-1	-1	cell = 40 to 47
-1	-1	-1	-1	-1	-1	-1	-1	cell = 48 to 55
-1	-1	-1	-1	-1	-1	-1	-1	cell = 56 to 63
-1	-1	-1	-1	-1	-1	-1	-1	cell = 64 to 71
-1	-1	-1	-1	-1	-1	-1	-1	cell = 72 to 79
-1	-1	-1	-1	-1	24	-1	-1	cell = 80 to 87
-1	-1	-1	-1	-1	-1	-1	-1	cell = 88 to 95
-1	-1	-1	-1	-1	-1	-1	-1	cell = 96 to 103
-1	-1	-1	-1	-1	-1	-1	-1	cell = 104 to 111
-1	-1	-1	-1	-1	-1	-1	-1	cell = 112 to 119
-1	-1	-1	-1	-1	-1	-1	-1	cell = 120 to 127
-1	-1	-1	-1	-1	-1	-1	-1	cell = 128 to 135
-110	2	17	0	48	26	9	66	cell = 136 to 143
12	6	8	1	42	0	52	121	cell = 144 to 151
16	16	10	-125	34	36	24	5	cell = 152 to 159
0	1	12	-47	88	0	1	16	cell = 160 to 167
0	14	36	0	8	-15	2	-96	cell = 168 to 175
18	-124	34	86	32	18	16	16	cell = 176 to 183
16	0	24	-120	22	-96	0	36	cell = 184 to 191
9	81	2	48	4	4	4	-120	cell = 192 to 199
20	32	34	16	18	76	50	0	cell = 200 to 207
13	9	8	0	4	17	4	-22	cell = 208 to 215
8	32	64	-48	10	-45	34	37	cell = 216 to 223
0	27	1	80	0	5	0	-49	cell = 224 to 231
8	1	36	0	10	5	6	-48	cell = 232 to 239
48	0	0	8	32	9	32	1	cell = 240 to 247
32	2	6	40	-103	100	88	64	cell = 248 to 255
10	-4	53	-18	68	0	50	-34	cell = 256 to 263
19	32	55	-15	39	-10	56	-11	cell = 264 to 271
35	-27	90	11	18	3	29	-39	cell = 272 to 279
69	-10	74	-43	46	-28	34	-13	cell = 280 to 287
28	-21	39	10	69	1	14	-6	cell = 288 to 295
21	22	56	3	57	10	33	-21	cell = 296 to 303
51	9	42	-20	53	-29	38	36	cell = 304 to 311
56	-38	18	-68	88	29	37	-8	cell = 312 to 319
13	-29	83	-9	32	-4	63	36	cell = 320 to 327
57	2	45	-30	48	20	12	9	cell = 328 to 335
10	0	13	24	30	7	18	23	cell = 336 to 343
26	-10	30	-3	20	47	26	-3	cell = 344 to 351
59	-15	17	22	22	-15	31	5	cell = 352 to 359
-11	-9	42	53	44	18	67	-18	cell = 360 to 367
34	-12	53	11	42	-18	46	-17	cell = 368 to 375
31	12	5	-5	46	-11	52	2	cell = 376 to 383
48	3	66	-10	41	-7	70	-16	cell = 384 to 391
68	16	-8	25	36	4	14	-17	cell = 392 to 399
30	25	52	-14	7	-3	49	19	cell = 400 to 407
63	18	61	-14	20	-1	33	4	cell = 408 to 415
50	-5	32	-31	68	9	30	-24	cell = 416 to 423
38	4	74	6	12	14	16	-3	cell = 424 to 431
48	-2	46	-10	45	6	46	-16	cell = 432 to 439
-4	-12	57	1	15	28	31	7	cell = 440 to 447
74	-11	68	-20	66	11	39	6	cell = 448 to 455
36	-14	61	6	36	14	58	-26	cell = 456 to 463
39	29	29	-7	26	17	66	-15	cell = 464 to 471
32	4	41	13	83	5	41	-11	cell = 472 to 479
40	-38	47	1	12	-28	-5	26	cell = 480 to 487
24	-11	39	4	59	-12	18	-29	cell = 488 to 495
13	-3	-9	-91	-6	-89	-48	-57	cell = 496 to 503
37	1	32	-33	4	-26	40	-29	cell = 504 to 511
2	-28	-19	1	-26	-8	-30	14	cell = 512 to 519
25	-22	-28	2	-12	-14	-22	-6	cell = 520 to 527
13	-25	-18	-14	-30	-23	-31	-28	cell = 528 to 535
-40	-17	-8	-42	-2	-47	-24	-61	cell = 536 to 543
-55	3	-57	-12	-15	-37	-9	-3	cell = 544 to 551
-11	20	-50	-38	-16	0	-21	13	cell = 552 to 559
-24	-32	-2	-42	-12	-17	-20	-3	cell = 560 to 567
-11	9	-33	-6	-59	42	-27	-12	cell = 568 to 575
-19	-26	-18	8	-28	-2	-23	-7	cell = 576 to 583
-50	-14	-26	-28	-11	-59	-35	-11	cell = 584 to 591
-8	11	-9	-10	-3	-31	-11	-6	cell = 592 to 599
-30	-49	-44	14	-11	32	-8	-10	cell = 600 to 607
-51	-13	-25	5	-17	1	-29	-21	cell = 608 to 615
0	-12	-19	5	-17	-11	-39	-38	cell = 616 to 623
19	9	6	-7	-43	-55	-27	-28	cell = 624 to 631
-30	23	-19	28	8	-7	-54	-26	cell = 632 to 639
-43	-58	-13	-2	-6	1	-9	-38	cell = 640 to 647
1	-4	-29	6	26	-29	-46	-7	cell = 648 to 655
0	11	-11	-4	-11	-10	-60	8	cell = 656 to 663
-56	-14	-31	-7	-7	-34	-24	-33	cell = 664 to 671
-19	17	-20	26	-24	-46	3	-32	cell = 672 to 679
28	-38	-41	-47	-34	-4	-68	-23	cell = 680 to 687
-43	3	-34	0	-31	6	-11	-40	cell = 688 to 695
-24	-50	-46	-21	-39	-33	15	-9	cell = 696 to 703
-20	-31	-14	-6	36	-19	6	-19	cell = 704 to 711
-17	-34	-2	-30	-8	-33	4	-24	cell = 712 to 719
-69	-14	-9	-10	-11	-13	8	-11	cell = 720 to 727
-15	-41	-19	-47	-31	-22	-24	5	cell = 728 to 735
-4	-10	-11	-21	-19	23	-15	24	cell = 736 to 743
6	-44	-41	-45	15	-13	-45	-13	cell = 744 to 751
10	-47	-26	0	-36	-3	-31	6	cell = 752 to 759
-38	-22	-13	-45	-24	-53	-22	-8	cell = 760 to 767
-57	-14	-22	-20	13	-39	-37	1	cell = 768 to 775
-66	-9	-15	35	63	-1	6	2	cell = 776 to 783
-6	-24	-18	-33	-35	-17	-39	-20	cell = 784 to 791
-38	14	4	-23	-16	-10	-11	-16	cell = 792 to 799
-50	-32	-23	-9	-46	-25	-66	8	cell = 800 to 807
-33	-3	-43	6	-40	-14	-36	-8	cell = 808 to 815
-20	-51	-8	15	0	-20	-33	-47	cell = 816 to 823
-6	-48	-39	-8	-7	-8	0	2	cell = 824 to 831
-52	-22	-45	-68	-30	-30	-16	-22	cell = 832 to 839
-1	-1	-5	-1	-45	-28	-53	-17	cell = 840 to 847
13	-8	15	-4	-42	33	-11	-2	cell = 848 to 855
-6	-35	3	-7	8	-47	-36	-23	cell = 856 to 863
-28	-10	-38	-17	-5	-5	-7	-21	cell = 864 to 871
-18	-11	-12	9	-19	-20	-30	8	cell = 872 to 879
19	-29	-15	4	-53	-22	-12	13	cell = 880 to 887
-25	-10	-18	5	-36	-13	-24	-27	cell = 888 to 895
-23	-28	-68	-11	-43	-18	-41	16	cell = 896 to 903
-15	-27	-9	-18	-2	-5	-60	-3	cell = 904 to 911
-17	15	-6	-33	-60	-13	-43	-19	cell = 912 to 919
-8	-66	17	9	20	-31	-14	-5	cell = 920 to 927
-13	-61	14	-18	-11	-26	-24	-16	cell = 928 to 935
-20	0	0	-54	-25	5	-40	-6	cell = 936 to 943
-12	-2	-17	-16	-29	-29	-37	-19	cell = 944 to 951
-16	-27	-14	-2	47	-34	-8	-33	cell = 952 to 959
-45	-26	-28	-20	-18	-28	-27	-3	cell = 960 to 967
-51	-39	-10	-22	9	0	-49	-46	cell = 968 to 975
-25	19	-33	27	6	21	-51	-15	cell = 976 to 983
28	-17	-41	-18	-34	1	-53	17	cell = 984 to 991
-30	-49	-44	-19	-46	-42	-44	-33	cell = 992 to 999
16	3	-18	-11	-38	-52	-13	-40	cell = 1000 to 1007
-21	5	-20	-23	-56	-34	-12	15	cell = 1008 to 1015
-48	-36	-33	3	-20	-25	-42	14	cell = 1016 to 1023
Calibration values from cell 0 to 1024 for channel 1:

2	49	28	1	74	-25	7	-45	cell = 0 to 7
86	-6	28	-27	24	2	64	14	cell = 8 to 15
16	-26	64	-16	13	36	39	-17	cell = 16 to 23
24	4	31	-45	64	-10	28	-15	cell = 24 to 31
49	-12	17	24	43	43	2	-16	cell = 32 to 39
29	0	70	-38	35	-2	45	-15	cell = 40 to 47
27	-7	45	25	34	5	9	5	cell = 48 to 55
36	25	55	-6	-11	-17	65	-3	cell = 56 to 63
39	3	46	15	24	-2	52	-25	cell = 64 to 71
43	13	42	21	20	-33	28	-5	cell = 72 to 79
28	-16	14	-14	49	-28	76	9	cell = 80 to 87
48	32	70	-33	50	15	52	-16	cell = 88 to 95
4	-15	20	-2	22	9	29	-6	cell = 96 to 103
10	15	35	-18	46	14	76	28	cell = 104 to 111
68	-9	52	3	56	-7	53	5	cell = 112 to 119
25	-35	18	15	30	-20	21	-34	cell = 120 to 127
29	-22	30	-10	31	-4	52	24	cell = 128 to 135
3	-30	42	-29	51	-1	54	-28	cell = 136 to 143
41	22	50	23	53	1	86	19	cell = 144 to 151
15	-41	36	-5	21	-30	30	-7	cell = 152 to 159
50	-7	47	-20	40	-10	31	-3	cell = 160 to 167
36	32	55	1	12	-22	50	8	cell = 168 to 175
43	15	58	-8	93	-35	-26	31	cell = 176 to 183
35	-33	19	-16	14	27	63	-37	cell = 184 to 191
71	-8	50	25	44	30	46	1	cell = 192 to 199
39	-12	55	-20	46	43	43	-8	cell = 200 to 207
71	-12	60	6	13	3	67	22	cell = 208 to 215
20	13	0	7	27	7	37	-10	cell = 216 to 223
24	-14	45	-27	12	-11	56	2	cell = 224 to 231
1	8	70	24	40	3	38	-12	cell = 232 to 239
28	-44	53	20	18	8	33	8	cell = 240 to 247
28	-22	2	-4	21	-8	60	-52	cell = 248 to 255
-6	-24	54	13	35	-12	56	-2	cell = 256 to 263
41	24	26	-34	23	-42	42	-30	cell = 264 to 271
-3	2	-13	14	70	-22	37	-5	cell = 272 to 279
52	13	36	5	26	-36	46	-20	cell = 280 to 287
60	9	52	1	25	18	53	-11	cell = 288 to 295
25	16	49	3	49	11	27	-3	cell = 296 to 303
76	10	17	16	50	-6	41	-33	cell = 304 to 311
56	6	38	6	41	-9	65	22	cell = 312 to 319
60	-26	35	5	39	24	80	-6	cell = 320 to 327
69	17	54	-27	58	0	41	19	cell = 328 to 335
51	-8	40	38	4	41	26	13	cell = 336 to 343
52	2	61	-67	52	-8	20	17	cell = 344 to 351
45	21	45	7	15	16	7	-27	cell = 352 to 359
25	-18	44	-25	38	0	23	-6	cell = 360 to 367
54	11	56	-3	7	-11	24	-50	cell = 368 to 375
61	-24	46	-26	52	-8	28	-13	cell = 376 to 383
42	-5	26	0	35	-55	61	10	cell = 384 to 391
51	-15	100	-19	65	12	26	43	cell = 392 to 399
22	20	57	-11	3	2	1	-27	cell = 400 to 407
46	-24	42	1	54	26	21	4	cell = 408 to 415
43	-9	24	44	36	-7	48	6	cell = 416 to 423
38	-12	87	45	18	-14	68	-25	cell = 424 to 431
28	11	69	13	60	-5	22	-15	cell = 432 to 439
26	-7	5	23	15	15	63	-44	cell = 440 to 447
84	0	16	7	45	31	21	34	cell = 448 to 455
59	-13	33	-9	48	5	32	-37	cell = 456 to 463
44	-8	52	-9	25	11	46	-51	cell = 464 to 471
56	33	56	-24	-13	-28	55	-21	cell = 472 to 479
77	22	39	-12	13	3	70	-13	cell = 480 to 487
26	9	46	-28	56	-9	-3	1	cell = 488 to 495
22	-34	-63	-69	-50	-81	-34	-46	cell = 496 to 503
100	-26	42	-15	38	0	-7	-10	cell = 504 to 511
-39	1	-30	-36	-22	-5	-8	-23	cell = 512 to 519
-37	3	16	38	-43	10	-22	13	cell = 520 to 527
-22	-17	-53	15	-13	-35	-70	19	cell = 528 to 535
-16	-28	-3	-17	-12	-8	-27	16	cell = 536 to 543
-33	-11	-17	-31	-42	-24	-22	-49	cell = 544 to 551
-30	6	-31	22	-52	-9	-24	-5	cell = 552 to 559
-19	-27	-24	2	-42	-23	9	4	cell = 560 to 567
0	-27	-50	-48	-6	-2	5	-42	cell = 568 to 575
-30	12	-63	-19	-11	-10	-20	-18	cell = 576 to 583
-20	-8	-35	-19	-8	31	-25	8	cell = 584 to 591
-40	-2	-6	-22	-19	-22	-13	-9	cell = 592 to 599
-21	-27	1	-49	-35	-50	-21	5	cell = 600 to 607
-34	-14	-36	0	-48	-5	-36	-10	cell = 608 to 615
-25	-39	-45	-20	-19	-42	-26	-3	cell = 616 to 623
-13	-24	28	-13	-71	-1	-2	-24	cell = 624 to 631
-78	-8	-57	-31	-25	-13	-20	-7	cell = 632 to 639
-66	1	-9	2	-23	-9	-9	11	cell = 640 to 647
-38	-18	33	24	-10	-15	6	18	cell = 648 to 655
-25	3	-27	-33	-10	-50	-14	24	cell = 656 to 663
-10	-18	-48	30	-36	-32	13	14	cell = 664 to 671
15	12	27	-15	-22	-51	-21	-27	cell = 672 to 679
-28	-39	-32	33	-15	-27	-22	-4	cell = 680 to 687
-25	30	-30	37	-68	-23	13	-2	cell = 688 to 695
-13	14	-56	-17	-28	-6	-21	-26	cell = 696 to 703
-49	4	-9	-29	-17	-41	-9	0	cell = 704 to 711
-38	-10	-23	-10	12	-36	-12	6	cell = 712 to 719
-7	-12	-22	7	-10	-33	-19	-33	cell = 720 to 727
-18	-21	-24	-20	-53	8	-12	-30	cell = 728 to 735
-23	-71	24	-4	-24	-30	-34	9	cell = 736 to 743
-36	6	-38	14	-26	5	-54	1	cell = 744 to 751
-19	19	-11	-2	-47	-5	-35	-23	cell = 752 to 759
-14	-17	-31	0	25	-17	-27	1	cell = 760 to 767
3	-16	-66	-20	26	-17	-65	-8	cell = 768 to 775
-57	-5	-54	8	-23	-30	-35	-25	cell = 776 to 783
18	-4	-57	-37	3	-15	-54	17	cell = 784 to 791
27	-52	-70	28	-56	-53	3	0	cell = 792 to 799
-25	-16	-42	27	-4	-10	-25	-38	cell = 800 to 807
-13	-8	-51	-15	-68	36	-47	-51	cell = 808 to 815
-42	-48	-53	-13	-20	-3	-37	-29	cell = 816 to 823
-24	-17	-68	40	-35	-19	-27	-21	cell = 824 to 831
-36	7	-37	-40	-28	-7	-14	-42	cell = 832 to 839
-15	-40	-12	-8	-12	10	-27	-39	cell = 840 to 847
2	-18	-24	-27	-8	-33	-33	-32	cell = 848 to 855
17	-25	-46	-25	1	9	-61	-32	cell = 856 to 863
-43	-17	-13	-10	-69	8	6	-69	cell = 864 to 871
23	-15	13	19	-20	-8	3	-10	cell = 872 to 879
-4	-5	-17	-27	13	22	3	-5	cell = 880 to 887
-33	-25	-54	4	-19	-57	-44	12	cell = 888 to 895
0	12	1	-7	-70	2	1	-22	cell = 896 to 903
-31	-19	-37	-4	3	-12	-40	-2	cell = 904 to 911
-45	-3	-16	25	-48	-3	-24	5	cell = 912 to 919
-32	8	-30	-12	-15	13	9	-41	cell = 920 to 927
-31	-3	-19	-7	-37	15	-44	-69	cell = 928 to 935
6	-11	-20	-42	-59	-9	-35	-29	cell = 936 to 943
33	-7	1	-10	15	14	-16	6	cell = 944 to 951
47	-8	-21	-5	-32	-10	-32	-7	cell = 952 to 959
-54	-57	-5	-16	-2	9	-36	-9	cell = 960 to 967
-20	-30	-32	-40	17	53	-28	12	cell = 968 to 975
-30	-2	3	-39	-1	12	-50	10	cell = 976 to 983
-52	-30	-17	19	-9	-55	36	-21	cell = 984 to 991
-55	-14	12	-14	2	-28	9	30	cell = 992 to 999
-12	-53	-37	-25	-17	-18	17	-16	cell = 1000 to 1007
-13	8	-39	12	-21	-23	-14	-11	cell = 1008 to 1015
-27	2	-33	3	-25	-36	16	-24	cell = 1016 to 1023
Calibration values from cell 0 to 1024 for channel 2:

47	-26	33	-2	0	-10	15	9	cell = 0 to 7
57	-12	92	16	36	30	31	-34	cell = 8 to 15
52	44	84	17	28	7	37	-2	cell = 16 to 23
-4	0	66	-38	30	-52	29	20	cell = 24 to 31
16	9	63	-22	18	-35	38	3	cell = 32 to 39
22	-36	40	4	24	-16	19	15	cell = 40 to 47
37	-46	35	29	59	-25	56	-2	cell = 48 to 55
12	7	34	-7	32	7	43	-29	cell = 56 to 63
47	-17	40	-5	53	-41	28	47	cell = 64 to 71
17	46	65	-20	27	-16	103	-17	cell = 72 to 79
42	32	26	1	38	-43	32	35	cell = 80 to 87
56	-27	49	23	32	43	41	-6	cell = 88 to 95
41	33	42	-2	29	-23	16	-37	cell = 96 to 103
55	-21	17	1	42	0	38	-22	cell = 104 to 111
24	2	72	-26	76	17	74	-35	cell = 112 to 119
8	10	45	2	18	7	35	-34	cell = 120 to 127
21	5	69	66	64	-13	22	3	cell = 128 to 135
53	29	74	-35	23	8	57	7	cell = 136 to 143
82	-12	82	-8	60	3	61	-6	cell = 144 to 151
85	-5	55	26	36	20	11	-16	cell = 152 to 159
77	6	49	-14	36	-29	79	-50	cell = 160 to 167
43	16	44	-19	43	14	12	-49	cell = 168 to 175
48	25	62	-10	71	-30	20	-9	cell = 176 to 183
31	-10	21	-25	1	-22	42	-13	cell = 184 to 191
52	14	37	8	6	-32	26	23	cell = 192 to 199
52	3	52	-22	38	29	69	-4	cell = 200 to 207
46	-46	56	39	86	-16	33	-19	cell = 208 to 215
52	-3	10	-10	42	36	18	-7	cell = 216 to 223
42	1	32	12	45	-25	70	-19	cell = 224 to 231
52	-5	35	0	80	7	3	-28	cell = 232 to 239
48	20	83	13	56	-14	80	-6	cell = 240 to 247
66	11	66	-34	44	21	-4	-29	cell = 248 to 255
12	15	64	-5	45	-13	63	2	cell = 256 to 263
25	3	40	41	47	-8	26	17	cell = 264 to 271
41	-24	27	-30	67	19	66	10	cell = 272 to 279
64	-47	9	-46	70	-23	32	-25	cell = 280 to 287
50	0	40	-21	32	-10	36	-21	cell = 288 to 295
48	-28	41	21	32	7	80	27	cell = 296 to 303
48	36	74	-31	50	28	7	24	cell = 304 to 311
37	34	31	-25	58	-45	37	-26	cell = 312 to 319
17	-49	32	9	28	-26	47	-6	cell = 320 to 327
67	7	42	-23	43	-19	25	-16	cell = 328 to 335
25	-13	11	22	78	53	44	14	cell = 336 to 343
30	30	16	-15	56	-21	48	22	cell = 344 to 351
-18	-36	15	-15	35	13	67	-28	cell = 352 to 359
53	-23	48	-16	55	-4	37	5	cell = 360 to 367
22	-29	65	-14	46	27	71	-8	cell = 368 to 375
37	-28	90	17	28	3	2	6	cell = 376 to 383
71	-18	36	-13	19	-23	19	34	cell = 384 to 391
23	0	50	26	60	6	22	-11	cell = 392 to 399
7	2	14	-4	34	6	83	0	cell = 400 to 407
42	-8	62	-4	4	21	57	14	cell = 408 to 415
47	-22	38	-29	86	-31	37	-2	cell = 416 to 423
54	-24	61	14	51	-24	40	-44	cell = 424 to 431
9	-8	-2	-17	27	-5	34	8	cell = 432 to 439
62	-4	56	3	96	28	36	8	cell = 440 to 447
32	1	49	-4	25	-22	23	-4	cell = 448 to 455
33	37	25	-15	58	25	80	-1	cell = 456 to 463
24	17	16	-39	60	9	65	-30	cell = 464 to 471
45	16	47	17	58	22	49	-35	cell = 472 to 479
42	0	75	-5	68	-46	41	15	cell = 480 to 487
58	-3	45	-1	25	26	41	7	cell = 488 to 495
34	17	-26	-60	-39	-70	-22	-56	cell = 496 to 503
35	13	25	29	31	-17	18	9	cell = 504 to 511
-30	-32	-24	31	5	-28	16	-9	cell = 512 to 519
-11	9	-59	-13	-26	-8	-11	-14	cell = 520 to 527
-37	-10	-25	-16	-23	-5	-19	-7	cell = 528 to 535
-26	-14	-10	-15	-37	30	-45	-6	cell = 536 to 543
3	-10	-66	-15	-57	-12	-32	2	cell = 544 to 551
-4	0	2	-1	-11	-17	-71	-20	cell = 552 to 559
-40	6	-30	-17	-37	25	-37	-6	cell = 560 to 567
-26	-53	-29	-34	-15	-22	-3	-17	cell = 568 to 575
10	-15	-44	5	-42	29	-19	-17	cell = 576 to 583
-33	-19	-2	-8	-37	8	-13	-27	cell = 584 to 591
-14	-30	-9	-4	-41	-26	-84	-13	cell = 592 to 599
-18	-32	3	18	4	-7	-69	-62	cell = 600 to 607
-65	-12	-25	-19	-49	-24	21	32	cell = 608 to 615
-52	-54	-52	1	5	-18	-28	-9	cell = 616 to 623
-51	20	-21	-13	-18	4	15	-23	cell = 624 to 631
3	18	7	-26	7	0	-28	20	cell = 632 to 639
-56	1	-2	-52	26	-8	-24	-3	cell = 640 to 647
-11	-10	-45	-19	-61	-16	-5	31	cell = 648 to 655
-31	-33	-38	-19	-31	-26	-11	-2	cell = 656 to 663
-70	-2	-32	-19	18	-21	-36	-18	cell = 664 to 671
-55	-36	-41	-15	-24	0	3	-34	cell = 672 to 679
-15	30	-35	6	-15	8	-41	3	cell = 680 to 687
-15	-47	1	27	-3	3	-33	-7	cell = 688 to 695
-2	21	-15	-15	-5	-40	5	11	cell = 696 to 703
-18	-62	-58	-33	-6	-21	-22	-26	cell = 704 to 711
-14	3	-51	-24	14	-30	-9	-21	cell = 712 to 719
-25	-12	18	27	-9	-46	4	-21	cell = 720 to 727
-31	-12	-18	-27	-16	0	7	-19	cell = 728 to 735
-49	-52	-8	-33	2	-48	-16	-21	cell = 736 to 743
-23	12	-20	-31	0	-1	-56	14	cell = 744 to 751
-45	-22	-34	23	10	-35	-66	-40	cell = 752 to 759
-22	9	0	-35	-38	-57	-14	-20	cell = 760 to 767
-26	-45	-48	-52	-18	-21	-15	-4	cell = 768 to 775
-44	-8	-35	-37	-6	-26	-18	-18	cell = 776 to 783
7	4	-21	-24	-35	-24	8	-15	cell = 784 to 791
16	-65	9	-4	-74	-12	-13	-13	cell = 792 to 799
-14	-50	-45	-11	-43	-36	-25	-25	cell = 800 to 807
-26	17	-9	-21	-51	1	-27	-7	cell = 808 to 815
10	-13	-54	-42	-9	-27	-6	-9	cell = 816 to 823
-32	-25	-51	-41	-38	17	-30	34	cell = 824 to 831
-25	28	-46	-20	-38	-8	-52	15	cell = 832 to 839
-28	3	-51	-6	-27	-32	-22	24	cell = 840 to 847
-20	-17	-15	-9	15	-31	-31	-33	cell = 848 to 855
-6	7	-68	-48	-34	-59	-41	-31	cell = 856 to 863
-15	22	-35	0	-12	-43	-28	-14	cell = 864 to 871
-6	-25	-8	-6	-58	-3	-28	-54	cell = 872 to 879
17	-16	-47	-43	-18	-30	-6	-23	cell = 880 to 887
-58	-74	16	-36	-17	-13	-44	-15	cell = 888 to 895
-73	-10	-38	25	6	-85	34	7	cell = 896 to 903
-37	8	-48	-4	3	-11	-22	-27	cell = 904 to 911
-3	-10	21	-36	-34	-6	-47	-19	cell = 912 to 919
-23	-22	-25	-15	-22	-25	-14	-25	cell = 920 to 927
-24	-27	-43	-4	-34	7	-37	-15	cell = 928 to 935
-33	4	-46	-9	38	-7	-31	11	cell = 936 to 943
-17	19	-41	-24	-11	-29	-4	12	cell = 944 to 951
-46	3	22	13	-46	13	-65	-39	cell = 952 to 959
-20	-34	-22	-1	5	-29	-12	-15	cell = 960 to 967
-16	-11	-13	-17	-21	-37	-26	-26	cell = 968 to 975
-13	-8	-70	-2	1	9	-15	38	cell = 976 to 983
-10	-38	2	-18	-39	-33	-15	-36	cell = 984 to 991
-24	26	-41	-13	23	18	-48	-3	cell = 992 to 999
-35	29	-32	-3	11	-31	6	-18	cell = 1000 to 1007
-30	-9	-38	-46	-1	-24	-73	-14	cell = 1008 to 1015
-38	14	-35	-24	-32	-51	-67	-48	cell = 1016 to 1023
Calibration values from cell 0 to 1024 for channel 3:

14	23	74	-12	46	9	21	0	cell = 0 to 7
32	-18	60	3	48	-31	36	-15	cell = 8 to 15
8	1	39	0	86	-32	54	-9	cell = 16 to 23
29	-2	30	-7	67	-12	23	-41	cell = 24 to 31
42	-9	42	-34	49	-8	58	6	cell = 32 to 39
42	2	64	-12	53	44	46	-34	cell = 40 to 47
58	18	83	-43	-10	-30	21	-16	cell = 48 to 55
51	-4	20	-19	48	17	1	-9	cell = 56 to 63
51	-16	19	-24	70	9	70	-68	cell = 64 to 71
106	18	45	55	15	14	-9	-12	cell = 72 to 79
16	51	63	-4	53	-1	17	-32	cell = 80 to 87
54	-33	77	-30	7	-15	88	-25	cell = 88 to 95
66	-27	60	35	58	5	-14	-21	cell = 96 to 103
87	35	65	19	57	-14	72	0	cell = 104 to 111
33	2	39	-36	32	10	38	22	cell = 112 to 119
67	8	36	-18	17	2	32	15	cell = 120 to 127
29	3	40	-26	62	-28	65	-27	cell = 128 to 135
76	65	30	-1	49	-23	30	-15	cell = 136 to 143
43	-18	66	-35	62	1	18	17	cell = 144 to 151
20	-15	68	-21	60	-8	43	-26	cell = 152 to 159
68	14	77	-47	11	-8	67	5	cell = 160 to 167
54	-9	44	11	43	-15	32	1	cell = 168 to 175
18	-9	21	-30	55	6	29	4	cell = 176 to 183
30	-8	30	-44	23	19	15	-49	cell = 184 to 191
50	-25	20	4	41	-6	15	-27	cell = 192 to 199
38	11	73	-20	45	17	20	2	cell = 200 to 207
35	14	33	-29	0	-5	73	10	cell = 208 to 215
47	20	9	-23	60	4	31	-32	cell = 216 to 223
13	16	51	25	53	13	33	-17	cell = 224 to 231
47	-20	32	-60	75	14	46	-15	cell = 232 to 239
10	-21	41	8	26	-26	49	-10	cell = 240 to 247
34	20	32	-2	27	-55	-10	-44	cell = 248 to 255
67	12	59	-9	29	-34	57	-27	cell = 256 to 263
68	-22	6	-32	1	-20	22	-14	cell = 264 to 271
9	-49	53	30	39	25	38	-11	cell = 272 to 279
43	7	52	20	52	-27	69	23	cell = 280 to 287
19	26	8	32	11	-17	33	-33	cell = 288 to 295
57	-15	27	5	58	-25	53	-18	cell = 296 to 303
54	-9	49	-22	6	-22	28	-7	cell = 304 to 311
80	-17	-4	-33	42	13	35	-39	cell = 312 to 319
46	-19	94	8	46	-24	78	-2	cell = 320 to 327
51	-42	90	14	51	21	60	-35	cell = 328 to 335
53	18	33	-5	53	14	33	-19	cell = 336 to 343
55	-18	21	3	37	-39	30	-12	cell = 344 to 351
42	-41	-6	11	47	-3	17	3	cell = 352 to 359
35	-23	32	-18	46	-7	42	17	cell = 360 to 367
76	-39	56	-6	17	19	16	19	cell = 368 to 375
63	8	34	-11	5	-4	15	8	cell = 376 to 383
14	-15	57	-9	45	-21	47	-4	cell = 384 to 391
73	9	45	1	38	1	50	-7	cell = 392 to 399
74	-28	59	18	28	13	59	10	cell = 400 to 407
36	-22	81	-8	39	-5	46	-21	cell = 408 to 415
52	18	58	8	39	-4	26	8	cell = 416 to 423
36	-21	43	-21	44	-23	62	-3	cell = 424 to 431
18	6	32	-15	59	18	60	-16	cell = 432 to 439
42	12	43	-33	40	-8	19	-7	cell = 440 to 447
38	14	26	-34	36	-5	34	-50	cell = 448 to 455
27	-33	32	11	22	-9	75	-10	cell = 456 to 463
79	-17	42	3	51	46	32	-28	cell = 464 to 471
4	-9	74	22	53	-23	68	-50	cell = 472 to 479
72	17	22	-9	58	-32	19	-45	cell = 480 to 487
39	-6	73	4	59	0	79	1	cell = 488 to 495
79	-31	-16	-87	-51	-112	5	-78	cell = 496 to 503
55	-2	10	-32	-1	-11	61	-11	cell = 504 to 511
-5	-13	-49	29	-25	-12	-21	-31	cell = 512 to 519
2	13	-27	24	-16	21	0	31	cell = 520 to 527
-50	-20	-48	-53	-35	-30	-53	-13	cell = 528 to 535
-41	-27	-37	-50	-40	-40	11	-36	cell = 536 to 543
-21	2	4	-26	-76	-30	-28	-27	cell = 544 to 551
-8	-26	-40	-22	-20	-47	-12	-10	cell = 552 to 559
-52	23	-12	-24	20	-59	-13	-8	cell = 560 to 567
18	-65	-26	7	-24	-17	-64	10	cell = 568 to 575
-46	-19	-11	25	7	16	-38	17	cell = 576 to 583
21	-2	-21	5	-28	-41	-46	-2	cell = 584 to 591
44	13	11	-20	-17	-39	-7	16	cell = 592 to 599
-32	-62	-3	-5	27	-15	-19	-13	cell = 600 to 607
26	-5	-29	-4	-26	-36	-38	32	cell = 608 to 615
-18	4	-24	-24	-4	-4	-8	-79	cell = 616 to 623
-35	-23	-52	-1	-38	7	-33	-19	cell = 624 to 631
6	-23	-39	5	5	-24	-26	-19	cell = 632 to 639
-21	11	-11	-7	-33	-18	-64	14	cell = 640 to 647
32	-15	0	33	16	-32	-68	-6	cell = 648 to 655
36	2	3	-38	-13	-41	-32	-19	cell = 656 to 663
-5	-34	-27	-17	-28	-33	-3	5	cell = 664 to 671
-30	-29	-48	13	-22	36	-17	-33	cell = 672 to 679
-3	-3	14	28	-3	-4	-11	-29	cell = 680 to 687
19	-38	-20	4	-24	6	13	-1	cell = 688 to 695
18	0	-46	-36	-38	6	-39	-25	cell = 696 to 703
-6	-13	-40	-40	-9	-24	-43	-37	cell = 704 to 711
-15	-16	-34	4	46	1	-21	12	cell = 712 to 719
-19	-2	5	-15	-34	1	-34	-5	cell = 720 to 727
-11	-7	-25	-32	-25	-15	-55	-13	cell = 728 to 735
-20	-13	-30	24	-32	-41	-22	17	cell = 736 to 743
-14	-31	-40	-12	0	-5	-26	-21	cell = 744 to 751
-39	-52	-35	40	27	-30	-8	1	cell = 752 to 759
0	-37	-34	-5	-44	-4	-8	-11	cell = 760 to 767
-43	-17	-60	-7	-18	-7	4	-9	cell = 768 to 775
-17	-17	-28	-48	-35	-33	-31	-23	cell = 776 to 783
-20	34	-69	-24	-2	-16	-33	19	cell = 784 to 791
-30	-43	7	8	-23	-8	25	23	cell = 792 to 799
-4	-33	-10	12	-39	-12	-17	-7	cell = 800 to 807
-32	2	-7	-32	-31	-22	-36	-25	cell = 808 to 815
-11	-51	-26	-59	-29	-10	9	-13	cell = 816 to 823
2	-39	-10	-20	-81	-40	-30	-19	cell = 824 to 831
-58	-29	-16	-30	9	12	2	0	cell = 832 to 839
-1	-16	-56	-29	-38	-5	-6	13	cell = 840 to 847
-19	0	-47	-23	-16	-39	-15	7	cell = 848 to 855
-31	-27	-56	-29	-37	18	-35	-24	cell = 856 to 863
9	-24	-23	-51	16	-24	-34	-15	cell = 864 to 871
12	-22	10	-52	24	-48	-6	-13	cell = 872 to 879
-34	-1	10	-10	-10	11	-38	-2	cell = 880 to 887
17	-27	-49	-26	-22	-28	15	3	cell = 888 to 895
30	-17	-24	1	-50	5	-23	-45	cell = 896 to 903
-8	44	22	-26	9	-9	-13	-6	cell = 904 to 911
0	-31	-31	-28	-12	-11	-27	9	cell = 912 to 919
-37	-22	-49	-69	-35	-48	-3	-27	cell = 920 to 927
-19	21	3	21	-27	-18	-26	17	cell = 928 to 935
-34	-26	14	-25	19	-11	-20	-9	cell = 936 to 943
-12	5	-42	11	9	8	-23	36	cell = 944 to 951
-15	-1	-61	2	6	7	-65	-13	cell = 952 to 959
-25	-22	-24	12	-22	-18	-48	-28	cell = 960 to 967
-34	-9	57	-6	-46	19	-11	-11	cell = 968 to 975
-8	40	-19	-29	2	0	-56	-42	cell = 976 to 983
-32	-41	19	-35	-49	-23	-18	-39	cell = 984 to 991
-24	-34	-43	13	-20	7	-12	18	cell = 992 to 999
-38	-19	36	-8	0	-11	-51	-52	cell = 1000 to 1007
-62	-4	-15	-89	-27	-31	-9	-29	cell = 1008 to 1015
-35	-21	-57	-14	-33	-23	-16	-4	cell = 1016 to 1023
Calibration values from cell 0 to 1024 for channel 4:

60	-37	43	12	6	22	33	9	cell = 0 to 7
57	-5	72	-4	22	-18	82	11	cell = 8 to 15
72	-59	17	-11	30	14	71	-40	cell = 16 to 23
33	-13	6	-23	44	-3	45	24	cell = 24 to 31
51	-4	44	42	5	-32	58	3	cell = 32 to 39
54	-15	17	-2	20	-6	28	2	cell = 40 to 47
49	11	62	-18	58	-27	43	-25	cell = 48 to 55
54	-10	42	-13	18	-19	19	-17	cell = 56 to 63
56	50	45	-24	84	32	40	-53	cell = 64 to 71
67	-8	7	-11	60	-6	88	-9	cell = 72 to 79
47	-31	75	27	24	-35	30	12	cell = 80 to 87
35	-31	62	-7	27	-20	3	-24	cell = 88 to 95
58	-23	-28	-14	12	19	28	-66	cell = 96 to 103
19	-4	44	15	79	-26	53	10	cell = 104 to 111
23	10	70	-23	42	41	42	-23	cell = 112 to 119
64	2	56	-1	24	-23	55	-25	cell = 120 to 127
76	-18	33	-50	-5	-8	22	-27	cell = 128 to 135
32	27	53	-40	31	-24	62	22	cell = 136 to 143
31	13	52	6	18	-38	47	-10	cell = 144 to 151
59	3	20	-24	40	-12	8	42	cell = 152 to 159
24	-8	34	0	70	8	24	11	cell = 160 to 167
29	0	57	19	4	34	56	-16	cell = 168 to 175
33	-33	13	-15	78	7	29	1	cell = 176 to 183
14	38	54	16	13	-29	17	-10	cell = 184 to 191
65	0	49	-10	11	-25	37	-7	cell = 192 to 199
57	-9	61	-28	46	8	33	12	cell = 200 to 207
-12	-30	84	-2	46	-62	34	31	cell = 208 to 215
45	6	28	12	63	-6	19	3	cell = 216 to 223
26	-15	64	-19	40	2	-15	-3	cell = 224 to 231
50	13	42	-2	30	27	64	-15	cell = 232 to 239
40	19	60	4	44	-31	68	0	cell = 240 to 247
38	-31	-1	5	69	16	36	-36	cell = 248 to 255
-4	-38	58	-16	27	-39	92	-17	cell = 256 to 263
43	-44	54	-21	60	18	46	-3	cell = 264 to 271
73	-12	45	-17	27	17	11	-8	cell = 272 to 279
19	-30	35	-2	57	-8	34	21	cell = 280 to 287
30	25	25	13	30	-27	88	-9	cell = 288 to 295
-3	-25	28	48	26	9	35	-2	cell = 296 to 303
68	-26	32	-35	33	6	43	-10	cell = 304 to 311
29	20	43	-3	55	-6	20	1	cell = 312 to 319
41	-14	34	-29	22	0	25	9	cell = 320 to 327
31	1	3	-41	62	52	45	12	cell = 328 to 335
46	-12	53	-2	82	-58	52	14	cell = 336 to 343
67	-26	61	-25	38	3	21	18	cell = 344 to 351
25	19	1	-12	48	-15	49	-17	cell = 352 to 359
87	-27	29	4	49	37	77	-49	cell = 360 to 367
3	-28	54	-13	9	4	62	-42	cell = 368 to 375
52	4	40	21	27	-27	18	-36	cell = 376 to 383
49	7	33	19	60	-36	64	7	cell = 384 to 391
68	-1	16	13	50	29	10	0	cell = 392 to 399
44	14	29	14	-1	38	43	14	cell = 400 to 407
61	-16	34	-13	22	0	15	-18	cell = 408 to 415
30	17	36	-38	-8	-15	47	-30	cell = 416 to 423
32	-3	34	-34	4	-33	61	-26	cell = 424 to 431
58	1	41	-3	27	27	75	-3	cell = 432 to 439
45	-6	49	-24	49	11	2	-40	cell = 440 to 447
48	-15	65	27	69	-22	35	-14	cell = 448 to 455
30	-46	58	-20	43	4	66	44	cell = 456 to 463
9	-20	57	-12	33	24	54	16	cell = 464 to 471
-8	-8	41	-2	47	20	71	-12	cell = 472 to 479
-3	3	61	1	43	-12	43	-2	cell = 480 to 487
69	-30	8	-15	20	-60	-4	-25	cell = 488 to 495
30	-1	-38	-105	-3	-58	7	-95	cell = 496 to 503
31	4	42	13	42	-10	36	-2	cell = 504 to 511
-19	-29	-8	-3	-48	-31	-29	23	cell = 512 to 519
14	5	-43	8	-39	-26	-10	28	cell = 520 to 527
-27	-30	-64	-19	-7	-28	-18	-8	cell = 528 to 535
-31	-22	-42	-9	-45	-9	-40	-5	cell = 536 to 543
19	-14	-3	-9	6	-4	-14	-14	cell = 544 to 551
-57	-46	6	8	-11	-4	-46	-14	cell = 552 to 559
-26	-47	-42	-34	7	-17	4	-31	cell = 560 to 567
-36	-10	-27	6	-6	18	-46	-38	cell = 568 to 575
-7	-28	-40	-61	-24	-41	-46	12	cell = 576 to 583
-7	-52	-41	-42	13	19	-13	-46	cell = 584 to 591
17	-9	-4	24	4	-21	-46	-2	cell = 592 to 599
-16	-38	-23	-3	-30	1	-24	-11	cell = 600 to 607
-29	5	6	-4	-34	-9	-48	-48	cell = 608 to 615
-22	11	-5	0	-27	-12	3	-5	cell = 616 to 623
1	-20	-24	13	-56	0	-21	-50	cell = 624 to 631
-32	-45	-5	-17	-38	-21	-47	38	cell = 632 to 639
2	-10	-18	-30	-4	-10	21	-13	cell = 640 to 647
7	4	1	1	14	-30	0	20	cell = 648 to 655
-9	-28	-35	-15	24	11	13	0	cell = 656 to 663
-32	15	-18	-26	-16	-36	-45	6	cell = 664 to 671
-29	-25	-35	-13	28	11	-55	-35	cell = 672 to 679
4	71	-15	-37	-21	-23	-45	6	cell = 680 to 687
-28	-39	-9	-11	-45	-13	20	12	cell = 688 to 695
0	-11	-22	-17	-6	-26	-25	-10	cell = 696 to 703
-46	1	-53	-4	-28	-18	-7	5	cell = 704 to 711
-65	-26	4	3	-35	-26	-9	-40	cell = 712 to 719
9	-25	1	-4	-42	-43	14	0	cell = 720 to 727
-22	-9	-29	-35	-16	-38	-23	-31	cell = 728 to 735
-21	-2	21	12	-34	-33	-18	-45	cell = 736 to 743
-8	-20	-28	-6	8	-20	12	-15	cell = 744 to 751
-13	4	-5	-8	8	-6	-1	16	cell = 752 to 759
-35	3	-24	3	-12	-11	-32	-40	cell = 760 to 767
-36	14	-24	-7	2	-29	-27	-35	cell = 768 to 775
-43	-9	-11	15	-50	-14	-4	-1	cell = 776 to 783
3	11	-23	-30	-27	-7	-31	-6	cell = 784 to 791
-9	0	-9	-10	49	-29	-48	-55	cell = 792 to 799
-40	-70	-30	-6	-12	-10	-3	-22	cell = 800 to 807
-33	-19	-4	-8	-30	12	-44	-40	cell = 808 to 815
-20	-27	-50	-2	-19	-23	-2	34	cell = 816 to 823
-15	-8	-49	-22	-12	-18	-10	-27	cell = 824 to 831
-16	-10	-38	-4	-6	-15	-40	-56	cell = 832 to 839
-15	14	-51	-22	-26	-25	-76	-11	cell = 840 to 847
-29	-33	20	-38	16	1	-15	33	cell = 848 to 855
3	-15	-17	6	-59	-3	-15	2	cell = 856 to 863
-22	-52	-52	0	-32	-13	-6	-8	cell = 864 to 871
29	-5	-24	-23	-34	31	-35	-33	cell = 872 to 879
1	-27	-15	-3	-50	-37	-30	6	cell = 880 to 887
5	0	-29	25	-15	23	-9	-18	cell = 888 to 895
-44	-57	-1	-22	-12	-37	-5	-25	cell = 896 to 903
-25	-6	-29	-5	-45	-25	-58	4	cell = 904 to 911
-46	2	-4	-2	-48	24	-26	7	cell = 912 to 919
-30	-9	-52	-4	-31	1	-25	-2	cell = 920 to 927
9	9	-38	-8	28	-67	-8	5	cell = 928 to 935
6	7	-15	-20	-6	-18	-2	1	cell = 936 to 943
0	6	-7	-40	-11	18	0	13	cell = 944 to 951
-4	-8	-22	-18	-2	-5	-15	-15	cell = 952 to 959
-17	-18	1	-29	-12	2	0	-36	cell = 960 to 967
-4	-12	-21	-35	-12	-24	-15	-44	cell = 968 to 975
-16	8	-33	5	-2	-15	-20	-15	cell = 976 to 983
17	1	-31	-6	-18	-10	-72	6	cell = 984 to 991
-66	-34	14	-21	2	-48	-22	-64	cell = 992 to 999
-31	-3	-22	6	-28	-3	-37	-13	cell = 1000 to 1007
-19	24	-27	-2	-29	7	-32	-17	cell = 1008 to 1015
-8	-2	-30	-29	-38	-32	-14	-58	cell = 1016 to 1023
Calibration values from cell 0 to 1024 for channel 5:

70	3	72	-13	40	-10	59	-23	cell = 0 to 7
45	23	54	-29	64	9	59	-28	cell = 8 to 15
30	-3	51	2	10	-22	23	-8	cell = 16 to 23
49	-17	67	-3	18	21	32	-22	cell = 24 to 31
40	-11	14	0	63	-12	35	-5	cell = 32 to 39
88	-28	15	-29	37	37	4	0	cell = 40 to 47
38	-15	54	-19	67	-13	55	-52	cell = 48 to 55
28	-45	61	-5	35	-21	22	-13	cell = 56 to 63
62	-14	66	-31	47	14	35	24	cell = 64 to 71
10	35	64	10	32	-3	88	-3	cell = 72 to 79
35	-19	42	15	-7	-17	6	-9	cell = 80 to 87
34	-30	23	-26	65	-9	41	-31	cell = 88 to 95
9	23	59	-32	-6	-22	8	-36	cell = 96 to 103
34	22	32	13	28	3	31	14	cell = 104 to 111
81	-19	46	-9	42	24	31	-15	cell = 112 to 119
-5	21	90	-48	21	-16	40	-21	cell = 120 to 127
33	-43	56	17	56	0	76	11	cell = 128 to 135
100	31	64	-4	59	-31	41	15	cell = 136 to 143
46	6	54	23	38	53	39	-25	cell = 144 to 151
54	-8	48	6	23	32	36	-10	cell = 152 to 159
23	4	40	-9	63	17	60	-49	cell = 160 to 167
17	-20	73	-26	47	-11	22	-17	cell = 168 to 175
29	23	56	-2	4	-12	61	-4	cell = 176 to 183
48	-17	41	-3	52	-4	37	-9	cell = 184 to 191
5	-28	35	-8	33	12	25	27	cell = 192 to 199
24	-36	62	-18	25	10	76	-18	cell = 200 to 207
44	-36	68	-25	38	-8	40	-56	cell = 208 to 215
22	-9	8	-10	31	-32	39	-27	cell = 216 to 223
42	7	45	-7	14	37	62	-30	cell = 224 to 231
28	6	21	-2	54	12	21	-7	cell = 232 to 239
27	23	55	-17	79	24	36	-14	cell = 240 to 247
21	14	23	5	39	-35	53	20	cell = 248 to 255
8	-35	25	-43	60	10	51	-23	cell = 256 to 263
33	18	39	48	50	-3	60	28	cell = 264 to 271
38	6	63	8	33	35	49	-5	cell = 272 to 279
12	-12	53	-22	31	3	44	-8	cell = 280 to 287
-9	28	49	17	19	-1	78	-6	cell = 288 to 295
48	15	43	-21	13	29	56	-1	cell = 296 to 303
15	7	52	-4	75	-17	52	-3	cell = 304 to 311
61	9	29	13	51	-36	44	12	cell = 312 to 319
23	13	68	-32	35	-6	48	18	cell = 320 to 327
62	-9	38	-40	28	-5	74	-27	cell = 328 to 335
-14	-7	38	25	24	43	58	-1	cell = 336 to 343
30	-38	32	22	22	35	21	-22	cell = 344 to 351
25	-18	39	-21	4	25	39	1	cell = 352 to 359
28	-24	25	15	51	-2	41	-18	cell = 360 to 367
52	-30	60	-22	55	-29	66	8	cell = 368 to 375
38	-15	50	-18	11	28	76	-13	cell = 376 to 383
29	-16	86	-50	38	-21	43	-1	cell = 384 to 391
12	-61	61	-43	40	36	66	6	cell = 392 to 399
65	-20	68	-66	27	-8	58	-41	cell = 400 to 407
9	-1	50	-15	52	37	24	15	cell = 408 to 415
-3	13	42	-9	23	13	45	-45	cell = 416 to 423
58	-17	86	-4	76	-13	0	-26	cell = 424 to 431
19	-21	53	1	30	-9	46	-20	cell = 432 to 439
43	-3	49	-28	33	-4	55	-10	cell = 440 to 447
37	-43	29	15	40	3	-5	-19	cell = 448 to 455
40	29	58	-16	41	31	9	45	cell = 456 to 463
50	8	39	-3	74	-49	53	-29	cell = 464 to 471
32	-50	43	-16	52	-33	66	-12	cell = 472 to 479
34	10	66	10	52	-43	39	-10	cell = 480 to 487
44	5	1	-38	17	7	47	-10	cell = 488 to 495
30	-29	-15	-80	-24	-67	-50	-81	cell = 496 to 503
72	-28	30	9	29	-15	56	-25	cell = 504 to 511
-1	-25	-30	25	-14	4	5	-45	cell = 512 to 519
-22	-16	-52	-16	-38	15	-25	-4	cell = 520 to 527
-32	-8	-3	12	-37	1	-29	14	cell = 528 to 535
-6	-41	-37	-9	-53	-25	-12	3	cell = 536 to 543
14	-50	-58	-14	6	-44	-18	-42	cell = 544 to 551
-33	-34	-15	-3	-21	-26	-21	-12	cell = 552 to 559
-31	3	-11	8	16	5	-31	-2	cell = 560 to 567
-18	-15	-26	-15	-24	-8	-30	-52	cell = 568 to 575
35	-27	-2	-24	-34	-8	-8	-36	cell = 576 to 583
-17	-20	-47	-20	-5	-15	-28	5	cell = 584 to 591
-40	29	-33	-25	9	-12	-3	-11	cell = 592 to 599
35	-13	11	-20	-26	-7	-25	-39	cell = 600 to 607
-18	11	-23	0	13	-26	23	-43	cell = 608 to 615
-31	-6	-18	8	27	-2	-34	-10	cell = 616 to 623
-31	-24	-32	-42	37	-17	-38	-10	cell = 624 to 631
-53	-65	-10	8	3	-43	-10	1	cell = 632 to 639
-54	-18	1	27	0	5	-16	1	cell = 640 to 647
-30	-38	-57	14	-11	-41	-32	-18	cell = 648 to 655
-18	10	33	-26	-24	-27	-16	-18	cell = 656 to 663
-34	0	-32	43	-6	-7	-15	-8	cell = 664 to 671
-36	-69	2	-36	-19	-12	-7	-5	cell = 672 to 679
-9	25	-28	-23	5	-17	-6	-1	cell = 680 to 687
-39	-39	-18	-28	-13	-25	-15	12	cell = 688 to 695
-8	-35	-1	-6	-16	-24	-42	-25	cell = 696 to 703
-11	-8	36	9	-29	-15	-26	-29	cell = 704 to 711
25	-38	6	-11	-26	-28	22	-37	cell = 712 to 719
-34	-26	-65	-43	-1	-18	-49	-11	cell = 720 to 727
17	-18	-18	7	-14	-39	-5	-7	cell = 728 to 735
14	-11	-24	-20	-27	-27	-57	-11	cell = 736 to 743
-47	-45	-13	-11	-3	-7	-17	-18	cell = 744 to 751
-31	-41	-15	-7	22	-2	-6	0	cell = 752 to 759
-16	-8	42	-10	-11	-86	-37	-55	cell = 760 to 767
-51	-22	-35	-32	19	-11	-54	-20	cell = 768 to 775
-2	-54	-14	18	10	-39	19	-37	cell = 776 to 783
-28	-7	-2	-22	-15	10	-18	-19	cell = 784 to 791
-45	-17	-7	-34	-54	-21	-19	-6	cell = 792 to 799
-41	-36	-34	-42	4	6	-5	-1	cell = 800 to 807
-5	-30	-3	-54	-33	-31	-38	-13	cell = 808 to 815
-19	-38	11	-20	-13	-10	-64	-12	cell = 816 to 823
-20	-16	-40	-1	-12	34	-47	-19	cell = 824 to 831
-28	-5	-34	6	14	-30	-17	20	cell = 832 to 839
-13	-35	-43	-11	27	-3	-19	-25	cell = 840 to 847
-42	-44	-28	11	1	1	-19	-6	cell = 848 to 855
-27	0	-46	-2	-41	-55	-27	-27	cell = 856 to 863
-61	-35	-23	-58	-41	20	-24	4	cell = 864 to 871
-11	-35	37	-33	9	-2	-22	28	cell = 872 to 879
1	-40	63	11	-21	-22	-20	-24	cell = 880 to 887
-9	-34	-5	-29	-18	-6	-34	-17	cell = 888 to 895
-38	-4	-22	30	-29	-53	-56	-7	cell = 896 to 903
-23	-44	-40	-43	1	-1	-76	-18	cell = 904 to 911
-12	22	9	-18	-11	-22	-4	-37	cell = 912 to 919
-18	16	-25	-13	-41	-17	7	-13	cell = 920 to 927
-27	-28	-41	3	24	-69	-12	7	cell = 928 to 935
1	-43	-16	-30	-11	0	-5	-42	cell = 936 to 943
-15	0	-6	-17	-36	-22	-17	-8	cell = 944 to 951
-30	-20	-4	25	-18	12	-55	-27	cell = 952 to 959
-54	-23	-57	12	-12	6	33	33	cell = 960 to 967
-3	-2	-29	6	26	22	5	-28	cell = 968 to 975
8	-28	-23	18	24	-29	-28	4	cell = 976 to 983
5	-33	-19	-20	-33	-38	-28	-21	cell = 984 to 991
-28	-11	-4	8	-72	-3	-12	-38	cell = 992 to 999
-6	-2	-42	25	-40	8	-11	-17	cell = 1000 to 1007
0	-2	-54	0	-37	-27	-4	-58	cell = 1008 to 1015
-22	-26	-63	-8	-1	-4	-21	-26	cell = 1016 to 1023
Calibration values from cell 0 to 1024 for channel 6:

83	-6	42	-35	29	-13	29	-26	cell = 0 to 7
53	-4	33	9	47	-55	36	-3	cell = 8 to 15
35	0	24	-2	67	26	51	-42	cell = 16 to 23
19	-8	44	38	10	61	40	-24	cell = 24 to 31
22	3	40	0	16	0	48	-3	cell = 32 to 39
38	-9	42	34	30	-26	55	21	cell = 40 to 47
-8	13	39	-23	-4	10	19	-18	cell = 48 to 55
49	5	49	-17	40	0	-3	-32	cell = 56 to 63
6	12	55	-30	24	-34	2	8	cell = 64 to 71
37	2	29	-18	-2	-32	55	-11	cell = 72 to 79
62	-14	13	-3	26	9	17	0	cell = 80 to 87
47	0	51	-16	69	-24	2	6	cell = 88 to 95
5	11	20	-4	82	-36	19	-52	cell = 96 to 103
29	2	67	9	38	36	37	-18	cell = 104 to 111
30	31	50	-23	88	21	40	-16	cell = 112 to 119
15	-54	29	-14	15	36	61	-9	cell = 120 to 127
74	-35	53	47	34	6	61	20	cell = 128 to 135
64	-10	45	-5	61	6	46	-2	cell = 136 to 143
60	-1	54	-17	36	-23	-14	5	cell = 144 to 151
83	0	80	20	45	-23	41	6	cell = 152 to 159
17	-7	10	2	73	-29	42	-22	cell = 160 to 167
48	1	47	-13	57	-10	65	-6	cell = 168 to 175
26	14	66	-29	60	-17	53	-17	cell = 176 to 183
68	-12	42	-14	26	23	64	6	cell = 184 to 191
67	32	49	2	28	-10	65	-30	cell = 192 to 199
42	3	81	3	44	-15	55	13	cell = 200 to 207
67	-18	54	0	45	2	64	-65	cell = 208 to 215
59	-27	72	2	37	-11	69	-12	cell = 216 to 223
53	-12	36	-29	45	0	28	-18	cell = 224 to 231
42	25	30	7	25	11	91	-18	cell = 232 to 239
64	-26	47	-15	17	-24	35	-18	cell = 240 to 247
52	-14	57	-32	59	15	-1	20	cell = 248 to 255
66	1	61	4	32	-51	79	-35	cell = 256 to 263
53	2	6	-63	50	21	58	-23	cell = 264 to 271
60	-40	76	3	22	3	53	2	cell = 272 to 279
73	20	27	-3	59	21	22	-35	cell = 280 to 287
34	16	39	-4	15	13	33	-15	cell = 288 to 295
56	-61	38	-29	62	7	51	9	cell = 296 to 303
38	-38	56	-11	23	-16	72	12	cell = 304 to 311
46	-3	35	-18	3	-15	36	-48	cell = 312 to 319
79	-35	27	-7	37	-6	79	20	cell = 320 to 327
36	13	39	-39	57	-51	50	-11	cell = 328 to 335
81	19	35	-19	81	-3	49	-31	cell = 336 to 343
44	-2	60	8	43	-25	69	-16	cell = 344 to 351
33	-8	36	-23	73	16	34	11	cell = 352 to 359
22	0	46	-18	24	6	30	8	cell = 360 to 367
45	-24	39	-36	36	-3	66	15	cell = 368 to 375
20	10	3	-5	35	-9	29	-12	cell = 376 to 383
21	15	19	-22	75	-38	55	-13	cell = 384 to 391
73	-48	58	-30	47	-37	80	19	cell = 392 to 399
21	-14	68	13	53	-18	67	6	cell = 400 to 407
28	27	8	-45	29	32	46	-37	cell = 408 to 415
11	-25	66	20	57	33	60	-17	cell = 416 to 423
63	14	39	-22	16	-33	52	20	cell = 424 to 431
19	-10	45	-40	45	-26	34	-10	cell = 432 to 439
26	-5	80	-5	27	-11	37	-31	cell = 440 to 447
23	50	24	0	63	4	9	-1	cell = 448 to 455
46	34	41	-60	93	28	29	7	cell = 456 to 463
14	0	26	31	43	-2	51	16	cell = 464 to 471
4	6	23	-2	7	-6	20	6	cell = 472 to 479
31	1	27	-46	32	-2	58	-9	cell = 480 to 487
21	0	78	-24	43	-40	112	-6	cell = 488 to 495
20	22	-9	-77	-31	-59	-36	-74	cell = 496 to 503
52	33	37	15	44	-34	30	-22	cell = 504 to 511
-18	-9	-23	-26	-46	-39	-13	-11	cell = 512 to 519
15	-20	-39	-31	-59	-17	23	-13	cell = 520 to 527
-6	-23	-10	3	-13	-10	8	-56	cell = 528 to 535
3	14	-55	-37	-34	-19	-62	-30	cell = 536 to 543
-2	-20	-48	10	27	-24	-49	-9	cell = 544 to 551
-36	-58	-29	29	-1	-15	-34	-8	cell = 552 to 559
17	-15	-2	-33	-9	-36	2	-10	cell = 560 to 567
15	-8	-8	13	-1	-33	-33	8	cell = 568 to 575
-25	2	-39	-16	-38	-28	0	-4	cell = 576 to 583
-49	-25	-51	-21	-36	-77	13	-6	cell = 584 to 591
-31	6	-19	15	-19	38	-55	-15	cell = 592 to 599
16	-11	13	-57	-3	-20	-30	-8	cell = 600 to 607
25	-35	-15	-28	12	9	-33	-6	cell = 608 to 615
4	-30	-15	1	-7	-33	-17	-22	cell = 616 to 623
-38	-7	-7	-13	-31	-4	-23	-38	cell = 624 to 631
-15	34	-25	-35	-31	9	-12	-18	cell = 632 to 639
-2	-39	-40	-14	-53	7	-21	-32	cell = 640 to 647
-5	-7	-48	-8	3	-70	3	36	cell = 648 to 655
-25	-8	-56	-3	-20	-48	-2	8	cell = 656 to 663
-4	-11	-35	-24	8	-77	-42	-20	cell = 664 to 671
-20	-28	-7	-11	-21	11	-7	-1	cell = 672 to 679
6	1	-8	-37	-35	29	-51	-5	cell = 680 to 687
-31	-7	-8	5	15	-31	8	-2	cell = 688 to 695
2	-38	-5	-26	-13	11	-41	15	cell = 696 to 703
-22	-32	4	0	6	13	-29	-14	cell = 704 to 711
-12	0	-56	10	-29	-11	-12	11	cell = 712 to 719
-38	-37	-30	-3	28	-25	-28	-50	cell = 720 to 727
-42	-61	-22	15	-23	-32	-29	-25	cell = 728 to 735
-16	-31	30	-24	26	-26	14	-39	cell = 736 to 743
-35	-26	-2	-24	8	-9	-35	-11	cell = 744 to 751
-10	-22	-53	-12	13	-14	-20	28	cell = 752 to 759
-28	6	-10	-28	-4	-30	-17	-10	cell = 760 to 767
-30	-42	-32	-10	-23	-42	-56	-17	cell = 768 to 775
-17	-18	-32	4	-7	-24	-60	-23	cell = 776 to 783
-25	-56	-40	19	-30	-26	-37	-10	cell = 784 to 791
-4	-11	-31	-35	13	-47	-16	-25	cell = 792 to 799
-14	-67	0	-8	6	11	-56	-17	cell = 800 to 807
-30	-58	-5	0	29	-26	-39	-10	cell = 808 to 815
-27	-36	-22	-38	-60	-37	-13	6	cell = 816 to 823
-28	-21	11	0	-14	-24	-71	-10	cell = 824 to 831
9	-11	3	-57	-33	-4	-21	-40	cell = 832 to 839
5	18	19	-23	-31	1	-36	-5	cell = 840 to 847
-31	-39	-17	-24	-27	-35	-38	29	cell = 848 to 855
37	-22	-10	4	-22	-64	-19	-30	cell = 856 to 863
-45	10	-3	23	0	-34	19	-17	cell = 864 to 871
0	-15	-8	-52	-16	15	-54	-40	cell = 872 to 879
-35	-28	-21	-29	19	-2	-6	19	cell = 880 to 887
-45	-27	-77	-37	8	-40	-47	3	cell = 888 to 895
-15	-29	-43	-23	-15	-11	-19	24	cell = 896 to 903
21	-52	-2	-10	7	-25	33	19	cell = 904 to 911
-26	-29	-58	-27	4	4	-60	-5	cell = 912 to 919
-36	34	19	7	-7	1	-31	2	cell = 920 to 927
-42	-13	-68	-24	-10	-45	-22	-4	cell = 928 to 935
-4	6	-20	-47	-32	-47	-23	12	cell = 936 to 943
-9	2	-32	34	-13	-51	0	-4	cell = 944 to 951
-36	-18	-21	-12	-22	-16	1	-11	cell = 952 to 959
-32	1	-28	4	-14	22	-7	2	cell = 960 to 967
-28	0	-1	-19	-39	-55	-35	-25	cell = 968 to 975
17	1	7	-2	4	-5	-28	10	cell = 976 to 983
-2	-22	-86	-17	-33	-40	-32	-31	cell = 984 to 991
-9	-9	-41	-5	-42	13	-15	-29	cell = 992 to 999
-26	-4	-9	-4	-20	-26	-17	-17	cell = 1000 to 1007
-77	-13	7	4	-10	-56	-49	-14	cell = 1008 to 1015
-49	-33	-17	-39	-4	4	-10	-13	cell = 1016 to 1023
Calibration values from cell 0 to 1024 for channel 7:

57	-4	21	-40	38	-25	52	-38	cell = 0 to 7
43	-39	33	36	18	4	1	-6	cell = 8 to 15
61	-18	42	-6	13	8	25	16	cell = 16 to 23
34	17	50	2	66	-19	55	-40	cell = 24 to 31
63	33	43	10	39	14	66	5	cell = 32 to 39
70	-9	35	-9	46	4	22	2	cell = 40 to 47
63	15	49	22	35	20	33	-14	cell = 48 to 55
25	-24	65	-17	36	-38	31	-2	cell = 56 to 63
57	30	75	-27	41	-27	27	8	cell = 64 to 71
43	-12	45	-13	55	-18	9	-15	cell = 72 to 79
86	-11	32	-5	34	-43	27	-19	cell = 80 to 87
43	-3	55	7	-11	-37	66	7	cell = 88 to 95
37	2	58	-36	45	2	103	-32	cell = 96 to 103
65	-23	83	-33	56	17	18	12	cell = 104 to 111
16	-31	39	-6	2	-11	24	-23	cell = 112 to 119
57	-27	23	-18	38	-37	57	-44	cell = 120 to 127
36	-20	55	-16	35	-15	53	-35	cell = 128 to 135
20	9	40	-19	37	-8	8	-5	cell = 136 to 143
19	-4	16	-20	46	0	24	11	cell = 144 to 151
63	-13	65	-10	37	32	47	-26	cell = 152 to 159
66	-44	27	-12	32	-18	24	14	cell = 160 to 167
18	-22	26	10	74	-21	30	5	cell = 168 to 175
43	0	94	-2	54	7	82	-20	cell = 176 to 183
50	-14	38	10	62	-10	60	32	cell = 184 to 191
26	-25	69	21	34	-27	49	-4	cell = 192 to 199
56	-28	74	-29	69	8	54	5	cell = 200 to 207
37	8	37	27	49	-15	12	-15	cell = 208 to 215
86	3	23	-18	15	-3	78	-5	cell = 216 to 223
17	-9	46	21	36	-37	88	-21	cell = 224 to 231
68	30	58	-35	23	-13	31	-30	cell = 232 to 239
16	-27	38	11	23	13	35	-23	cell = 240 to 247
31	-29	37	-12	61	12	36	-54	cell = 248 to 255
-25	-1	28	28	3	-8	35	16	cell = 256 to 263
69	0	95	-14	48	5	46	-21	cell = 264 to 271
19	-2	8	14	60	13	64	3	cell = 272 to 279
35	-29	17	28	16	-21	30	14	cell = 280 to 287
54	36	37	7	41	-21	80	-34	cell = 288 to 295
51	-10	57	11	24	10	-2	0	cell = 296 to 303
46	-13	1	22	85	-14	29	11	cell = 304 to 311
26	1	48	-23	0	-34	74	-11	cell = 312 to 319
48	-3	47	-42	47	31	31	-40	cell = 320 to 327
28	-7	10	-18	39	-2	44	11	cell = 328 to 335
63	-15	12	-7	33	-8	37	-21	cell = 336 to 343
50	-18	46	-38	69	31	47	-15	cell = 344 to 351
-2	-36	58	-10	43	43	7	-19	cell = 352 to 359
10	-5	33	-14	51	-15	23	-8	cell = 360 to 367
-9	17	46	39	-4	10	55	5	cell = 368 to 375
46	2	48	-12	52	-5	45	-39	cell = 376 to 383
11	40	44	-32	26	-6	80	-7	cell = 384 to 391
30	-3	52	-23	93	-31	28	-20	cell = 392 to 399
50	-6	20	-17	43	-5	0	5	cell = 400 to 407
24	-44	29	-15	67	15	29	-35	cell = 408 to 415
46	17	46	7	27	-31	34	-14	cell = 416 to 423
4	4	30	-20	49	-9	44	4	cell = 424 to 431
16	3	36	6	60	-54	37	0	cell = 432 to 439
19	7	22	7	-2	13	22	-65	cell = 440 to 447
34	-1	45	-23	51	17	41	-48	cell = 448 to 455
55	23	43	13	48	-11	47	-6	cell = 456 to 463
58	-13	5	12	62	-2	55	11	cell = 464 to 471
43	-72	23	1	11	-40	51	23	cell = 472 to 479
22	1	5	7	65	-11	22	-9	cell = 480 to 487
13	5	79	-32	45	-41	10	-22	cell = 488 to 495
20	18	-36	-106	-30	-89	-18	-110	cell = 496 to 503
52	-26	-8	-8	41	-25	33	-17	cell = 504 to 511
-23	-24	-17	-7	4	-49	-7	-32	cell = 512 to 519
-7	-33	-12	3	15	-23	-40	-46	cell = 520 to 527
-5	-53	-35	16	-16	-21	-29	0	cell = 528 to 535
-13	-9	13	-11	-56	-25	-39	-24	cell = 536 to 543
-56	-4	-9	6	-10	-22	-3	-2	cell = 544 to 551
-38	-27	0	-12	-2	-30	-19	38	cell = 552 to 559
-10	-37	-18	0	-52	-35	-27	9	cell = 560 to 567
8	-22	-42	-25	-14	-7	-36	12	cell = 568 to 575
-16	-37	-38	-7	-24	-14	27	-19	cell = 576 to 583
2	-30	-4	58	-40	-19	-34	-12	cell = 584 to 591
26	-26	-28	-29	-1	18	22	6	cell = 592 to 599
5	-38	9	6	11	-23	-11	-18	cell = 600 to 607
-7	-21	-34	27	-18	-32	18	-43	cell = 608 to 615
-15	3	-58	-41	0	-22	5	43	cell = 616 to 623
-38	9	-19	1	-19	-20	-27	-8	cell = 624 to 631
15	14	-16	6	-44	27	-33	-17	cell = 632 to 639
9	-27	-31	-7	-39	-53	7	-39	cell = 640 to 647
4	-15	-8	0	-30	-15	8	-13	cell = 648 to 655
-3	8	-31	-8	4	5	-16	4	cell = 656 to 663
-10	16	-24	9	0	-49	-37	-2	cell = 664 to 671
29	-59	19	-23	-10	-36	-44	-14	cell = 672 to 679
-25	-49	-20	-26	-20	4	-4	22	cell = 680 to 687
-14	-28	15	-10	5	-16	8	-35	cell = 688 to 695
-33	-6	-40	-18	7	-8	-20	-7	cell = 696 to 703
-7	-17	-28	-21	-13	-5	-30	-3	cell = 704 to 711
-21	17	-55	-25	-30	-19	-14	7	cell = 712 to 719
11	6	-40	-44	10	-39	-57	-6	cell = 720 to 727
-13	-8	-19	-3	-41	2	-10	-32	cell = 728 to 735
-11	-32	-12	7	-6	11	-19	-21	cell = 736 to 743
-7	-27	-18	-20	-28	-31	-1	3	cell = 744 to 751
-4	-32	-3	-29	-38	4	-11	2	cell = 752 to 759
2	-8	-31	10	-33	-19	-30	-14	cell = 760 to 767
-32	-7	-57	-28	-42	-23	-9	-20	cell = 768 to 775
-46	-4	5	-25	-25	-7	-47	-5	cell = 776 to 783
-57	-13	-41	17	-5	-27	1	-8	cell = 784 to 791
-20	-41	25	28	-24	-25	-15	-43	cell = 792 to 799
-14	32	-4	11	28	7	-21	-20	cell = 800 to 807
-15	-20	2	-29	-23	-28	-66	9	cell = 808 to 815
5	-32	-33	-35	10	-10	-7	-15	cell = 816 to 823
26	12	31	-29	-40	-47	-46	-31	cell = 824 to 831
-36	-21	-39	11	-35	17	43	14	cell = 832 to 839
-46	-11	34	26	-63	-34	-2	-8	cell = 840 to 847
5	-9	-2	9	-36	8	-31	-34	cell = 848 to 855
-18	-6	-7	-2	-30	-36	-39	-19	cell = 856 to 863
6	-5	-54	3	-37	-12	-37	29	cell = 864 to 871
-36	-3	-41	37	-38	-29	2	23	cell = 872 to 879
-2	-47	-27	-2	9	17	-9	-19	cell = 880 to 887
-43	-17	-30	1	-41	-25	2	10	cell = 888 to 895
-37	-48	-4	-53	3	18	-48	-29	cell = 896 to 903
-53	-3	-32	-21	26	-13	-26	-13	cell = 904 to 911
-46	-36	16	-21	6	11	-24	20	cell = 912 to 919
-31	-22	-73	-33	-37	-13	-74	-15	cell = 920 to 927
35	-16	-60	-59	27	-17	14	-38	cell = 928 to 935
-54	-28	18	-26	4	4	-43	-54	cell = 936 to 943
-16	-16	-25	-21	-21	18	-34	-3	cell = 944 to 951
-3	-31	-18	-18	-17	-12	1	-43	cell = 952 to 959
-20	-9	-57	-28	11	0	-17	-55	cell = 960 to 967
-38	-26	23	-12	-40	-51	20	-9	cell = 968 to 975
-32	2	-44	18	-36	10	-35	5	cell = 976 to 983
-12	-1	1	3	-27	0	-30	-54	cell = 984 to 991
4	33	12	-14	-8	46	12	5	cell = 992 to 999
-37	-25	-7	-23	-33	-17	-46	6	cell = 1000 to 1007
-24	-43	11	-4	-51	3	-28	-17	cell = 1008 to 1015
-3	-10	-52	-19	-46	-57	-13	-36	cell = 1016 to 1023
Calibration values from cell 0 to 1024 for channel 8:

37	37	30	-13	71	9	56	-33	cell = 0 to 7
56	-9	34	5	54	46	58	6	cell = 8 to 15
87	-12	87	14	31	3	58	8	cell = 16 to 23
66	8	39	15	35	-6	38	-27	cell = 24 to 31
32	-4	37	-23	56	17	6	-30	cell = 32 to 39
40	10	33	-28	46	-21	14	-9	cell = 40 to 47
75	8	38	20	30	16	65	-14	cell = 48 to 55
61	-33	14	21	46	10	11	-48	cell = 56 to 63
41	0	35	-12	39	18	94	22	cell = 64 to 71
17	-7	51	17	18	34	98	-13	cell = 72 to 79
52	19	35	-5	29	-28	-9	-15	cell = 80 to 87
24	15	54	7	80	-20	89	-6	cell = 88 to 95
30	-31	41	-4	49	-43	22	-11	cell = 96 to 103
44	4	34	-39	35	37	23	-51	cell = 104 to 111
8	-12	38	-10	65	-5	32	-26	cell = 112 to 119
45	22	56	-18	43	-13	69	17	cell = 120 to 127
20	-11	38	6	-1	20	38	-26	cell = 128 to 135
40	-20	58	29	65	27	54	-23	cell = 136 to 143
20	7	66	9	71	-16	53	-9	cell = 144 to 151
7	-7	31	-32	1	-30	33	25	cell = 152 to 159
28	17	34	-4	16	-15	64	21	cell = 160 to 167
5	-17	48	27	40	-23	38	-4	cell = 168 to 175
46	17	13	-2	49	2	50	-5	cell = 176 to 183
52	13	18	-9	50	-27	31	-6	cell = 184 to 191
45	-33	5	40	52	-18	64	-18	cell = 192 to 199
40	-10	49	0	72	-3	51	19	cell = 200 to 207
22	13	48	0	13	46	38	-33	cell = 208 to 215
56	2	34	-6	21	-12	59	-9	cell = 216 to 223
30	-8	39	10	21	37	12	-14	cell = 224 to 231
23	24	42	34	44	2	26	-4	cell = 232 to 239
23	-9	54	27	8	18	14	-55	cell = 240 to 247
59	6	36	20	15	1	53	14	cell = 248 to 255
18	-21	-10	-9	26	-20	34	44	cell = 256 to 263
45	-10	56	-34	41	-32	26	-26	cell = 264 to 271
68	-20	65	2	47	-12	49	26	cell = 272 to 279
22	24	37	-23	29	19	24	-25	cell = 280 to 287
47	-21	38	-43	34	45	49	11	cell = 288 to 295
71	-16	58	7	14	-7	54	-13	cell = 296 to 303
48	-20	65	-13	54	-45	103	-45	cell = 304 to 311
24	-44	21	-39	-2	1	66	-28	cell = 312 to 319
15	-29	47	3	27	-12	72	7	cell = 320 to 327
-9	1	13	0	71	30	28	-5	cell = 328 to 335
52	49	62	-44	54	-29	68	-14	cell = 336 to 343
44	-13	48	16	-20	-6	46	-2	cell = 344 to 351
9	-19	21	33	41	28	68	10	cell = 352 to 359
56	-2	69	-1	48	27	48	29	cell = 360 to 367
6	15	59	4	34	17	91	-22	cell = 368 to 375
28	1	50	-23	22	3	52	-37	cell = 376 to 383
65	-4	32	-28	-8	-18	55	36	cell = 384 to 391
82	-23	49	-18	57	-14	14	15	cell = 392 to 399
64	15	31	-63	56	41	61	-21	cell = 400 to 407
76	-1	63	0	-11	-24	22	9	cell = 408 to 415
1	-2	13	12	51	-5	13	32	cell = 416 to 423
61	40	90	-48	21	-44	45	16	cell = 424 to 431
4	-9	0	-17	56	24	101	18	cell = 432 to 439
101	43	74	-31	25	-20	6	-35	cell = 440 to 447
52	-13	42	-4	58	-16	37	10	cell = 448 to 455
10	4	93	-47	20	21	57	-22	cell = 456 to 463
10	0	52	-28	81	-9	13	24	cell = 464 to 471
40	-11	70	15	70	-13	28	0	cell = 472 to 479
12	14	52	22	-12	0	31	-42	cell = 480 to 487
29	-6	89	-37	50	-31	60	-29	cell = 488 to 495
51	-3	19	-92	-68	-56	-46	-88	cell = 496 to 503
48	1	50	50	55	-6	32	-12	cell = 504 to 511
-40	-5	-42	-4	-25	-65	-12	-16	cell = 512 to 519
3	-38	0	-35	-30	-34	-36	-12	cell = 520 to 527
-22	0	13	12	-24	-42	-43	15	cell = 528 to 535
7	-28	-15	-8	15	-35	-6	43	cell = 536 to 543
-50	-38	-15	30	-41	-56	-34	-12	cell = 544 to 551
29	-7	25	-42	12	-42	-31	-23	cell = 552 to 559
14	-21	-2	-39	-7	3	-52	-26	cell = 560 to 567
-17	-13	-23	-5	15	-29	-23	5	cell = 568 to 575
-39	-18	-43	-19	-12	-34	-5	-6	cell = 576 to 583
-48	-31	-11	11	-42	-48	21	-46	cell = 584 to 591
-3	-44	-32	9	-39	-21	0	-25	cell = 592 to 599
-21	12	-38	-34	-7	-22	1	-31	cell = 600 to 607
0	-4	-29	43	-5	9	-66	-9	cell = 608 to 615
-36	-36	-23	0	-61	21	-8	17	cell = 616 to 623
-50	-8	-28	22	35	22	-5	-40	cell = 624 to 631
-13	-14	-9	-37	5	5	-61	-5	cell = 632 to 639
-48	-12	-48	-13	-9	-51	-27	17	cell = 640 to 647
-33	-25	9	11	-71	25	-27	14	cell = 648 to 655
-26	-35	-29	0	-5	-21	-12	-31	cell = 656 to 663
-28	-24	-12	-17	-15	-6	-21	-17	cell = 664 to 671
-27	0	-35	-18	22	2	-35	16	cell = 672 to 679
-36	27	-36	1	-20	-23	-11	-35	cell = 680 to 687
-33	-19	-21	-7	10	-23	-40	-8	cell = 688 to 695
-11	-37	-23	14	-20	1	-23	19	cell = 696 to 703
-29	-60	-55	-3	0	-12	-35	-17	cell = 704 to 711
16	21	-26	17	-10	14	-38	-20	cell = 712 to 719
-46	-16	-23	-20	-21	-10	-37	15	cell = 720 to 727
-24	-44	-64	17	27	-3	-57	-27	cell = 728 to 735
-44	-37	-2	-32	4	-34	-16	-17	cell = 736 to 743
-14	-9	-69	-11	-4	-48	-61	37	cell = 744 to 751
-25	-75	-50	35	-11	-7	-4	-23	cell = 752 to 759
-9	1	-23	-23	-36	-33	-75	-18	cell = 760 to 767
-56	-69	-69	10	9	-2	-38	-50	cell = 768 to 775
-20	-14	-46	-32	-46	-11	-57	-14	cell = 776 to 783
-27	-33	-31	-1	-6	11	22	11	cell = 784 to 791
-14	-43	-50	-48	-15	-21	-61	-21	cell = 792 to 799
-15	22	-32	-5	15	17	18	18	cell = 800 to 807
-39	-13	-21	-8	7	-29	-55	0	cell = 808 to 815
-25	14	-35	0	-9	-17	-20	27	cell = 816 to 823
-42	-24	-15	-28	-12	6	-10	-16	cell = 824 to 831
2	-50	-20	-48	-15	-61	-30	-36	cell = 832 to 839
-24	-24	-29	-10	-8	-3	28	-16	cell = 840 to 847
39	-5	-57	11	-37	-41	-16	-8	cell = 848 to 855
-38	-19	-25	-10	-11	-16	-10	-26	cell = 856 to 863
-47	-33	-28	32	-53	-24	-47	-23	cell = 864 to 871
8	-31	-15	25	-46	-53	16	-20	cell = 872 to 879
-23	-34	-6	-18	-18	-14	5	-21	cell = 880 to 887
-40	-40	-13	32	-31	-2	-56	-30	cell = 888 to 895
-26	-74	-3	29	14	-22	-44	-34	cell = 896 to 903
-32	-58	5	14	29	-19	-10	-12	cell = 904 to 911
-11	-29	-31	8	-3	12	-16	-32	cell = 912 to 919
-31	-23	-1	-5	-3	10	8	-6	cell = 920 to 927
-29	-68	-26	-1	-14	20	-16	24	cell = 928 to 935
-10	-50	-26	16	-48	-93	-29	-6	cell = 936 to 943
5	-15	8	-42	-40	-15	-29	-78	cell = 944 to 951
-43	-21	-29	-64	3	-30	-44	-26	cell = 952 to 959
16	-17	-42	-22	-23	-43	-5	-26	cell = 960 to 967
17	-25	4	-22	-33	-6	24	-42	cell = 968 to 975
-23	13	-3	-18	-45	-31	-14	-30	cell = 976 to 983
-28	-3	-15	21	-44	-21	-16	26	cell = 984 to 991
-8	-36	0	-32	-59	-11	-49	-40	cell = 992 to 999
-38	-7	-32	-4	-42	-17	-38	4	cell = 1000 to 1007
-6	-22	-30	-43	7	-56	-37	-29	cell = 1008 to 1015
26	20	-37	-44	11	-23	9	-29	cell = 1016 to 1023
