Calibration values (ps) from cell 0 to 1024 :

00000.000	00001.012	00002.025	00003.028	00004.020	00005.012	00006.042	00007.084	cell = 0 to 7
00008.121	00009.151	00010.163	00011.183	00012.196	00013.191	00014.167	00015.139	cell = 8 to 15
00016.142	00017.154	00018.162	00019.162	00020.155	00021.152	00022.162	00023.189	cell = 16 to 23
00024.216	00025.231	00026.243	00027.241	00028.209	00029.170	00030.147	00031.138	cell = 24 to 31
00032.141	00033.154	00034.199	00035.224	00036.247	00037.268	00038.279	00039.287	cell = 32 to 39
00040.319	00041.334	00042.337	00043.322	00044.307	00045.280	00046.259	00047.257	cell = 40 to 47
00048.294	00049.335	00050.369	00051.393	00052.399	00053.396	00054.395	00055.422	cell = 48 to 55
00056.452	00057.491	00058.522	00059.533	00060.537	00061.533	00062.520	00063.513	cell = 56 to 63
00064.516	00065.526	00066.529	00067.531	00068.536	00069.525	00070.516	00071.527	cell = 64 to 71
00072.552	00073.553	00074.540	00075.531	00076.543	00077.534	00078.511	00079.516	cell = 72 to 79
00080.528	00081.551	00082.548	00083.545	00084.558	00085.581	00086.600	00087.615	cell = 80 to 87
00088.659	00089.707	00090.741	00091.768	00092.803	00093.840	00094.852	00095.842	cell = 88 to 95
00096.834	00097.842	00098.849	00099.843	00100.835	00101.857	00102.882	00103.886	cell = 96 to 103
00104.876	00105.862	00106.849	00107.835	00108.827	00109.827	00110.829	00111.821	cell = 104 to 111
00112.813	00113.822	00114.821	00115.831	00116.841	00117.847	00118.848	00119.853	cell = 112 to 119
00120.849	00121.845	00122.873	00123.909	00124.939	00125.971	00126.997	00127.997	cell = 120 to 127
00128.983	00129.962	00130.946	00131.926	00132.880	00133.836	00134.830	00135.823	cell = 128 to 135
00136.809	00137.809	00138.833	00139.888	00140.933	00141.964	00142.971	00143.966	cell = 136 to 143
00144.948	00145.917	00146.891	00147.884	00148.892	00149.908	00150.909	00151.917	cell = 144 to 151
00152.933	00153.943	00154.944	00155.959	00156.985	00157.968	00158.934	00159.893	cell = 152 to 159
00160.851	00161.818	00162.807	00163.817	00164.858	00165.889	00166.890	00167.857	cell = 160 to 167
00168.808	00169.757	00170.746	00171.751	00172.749	00173.766	00174.795	00175.812	cell = 168 to 175
00176.833	00177.861	00178.878	00179.884	00180.887	00181.881	00182.853	00183.800	cell = 176 to 183
00184.740	00185.716	00186.722	00187.769	00188.817	00189.849	00190.872	00191.908	cell = 184 to 191
00192.940	00193.939	00194.922	00195.905	00196.895	00197.896	00198.890	00199.892	cell = 192 to 199
00200.918	00201.934	00202.942	00203.964	00204.997	00206.012	00207.032	00208.060	cell = 200 to 207
00209.104	00210.127	00211.110	00212.084	00213.077	00214.087	00215.091	00216.082	cell = 208 to 215
00217.068	00218.073	00219.079	00220.065	00221.057	00222.078	00223.119	00224.148	cell = 216 to 223
00225.167	00226.173	00227.154	00228.124	00229.099	00230.095	00231.106	00232.108	cell = 224 to 231
00233.102	00234.096	00235.100	00236.109	00237.101	00238.083	00239.085	00240.114	cell = 232 to 239
00241.105	00242.090	00243.074	00244.070	00245.058	00246.049	00247.039	00248.032	cell = 240 to 247
00249.017	00249.992	00250.969	00251.965	00252.974	00253.998	00255.020	00256.024	cell = 248 to 255
00257.043	00258.054	00259.046	00260.032	00261.012	00262.001	00262.988	00263.988	cell = 256 to 263
00264.986	00265.976	00266.968	00267.956	00268.956	00269.954	00270.962	00271.956	cell = 264 to 271
00272.928	00273.896	00274.875	00275.894	00276.905	00277.914	00278.934	00279.952	cell = 272 to 279
00280.969	00281.980	00282.977	00283.964	00284.950	00285.946	00286.956	00287.964	cell = 280 to 287
00288.967	00289.970	00290.977	00291.985	00292.999	00294.002	00294.994	00295.977	cell = 288 to 295
00296.975	00297.972	00298.970	00299.985	00301.008	00302.024	00303.053	00304.078	cell = 296 to 303
00305.082	00306.096	00307.120	00308.148	00309.161	00310.178	00311.202	00312.229	cell = 304 to 311
00313.239	00314.242	00315.247	00316.248	00317.250	00318.249	00319.236	00320.224	cell = 312 to 319
00321.221	00322.223	00323.231	00324.241	00325.224	00326.195	00327.166	00328.144	cell = 320 to 327
00329.142	00330.135	00331.126	00332.128	00333.141	00334.161	00335.184	00336.212	cell = 328 to 335
00337.224	00338.222	00339.211	00340.191	00341.161	00342.141	00343.141	00344.163	cell = 336 to 343
00345.218	00346.256	00347.265	00348.257	00349.252	00350.257	00351.259	00352.255	cell = 344 to 351
00353.249	00354.233	00355.198	00356.168	00357.152	00358.158	00359.168	00360.190	cell = 352 to 359
00361.220	00362.223	00363.204	00364.179	00365.173	00366.210	00367.263	00368.301	cell = 360 to 367
00369.305	00370.278	00371.253	00372.229	00373.196	00374.180	00375.181	00376.174	cell = 368 to 375
00377.158	00378.150	00379.147	00380.127	00381.114	00382.115	00383.106	00384.080	cell = 376 to 383
00385.033	00385.977	00386.931	00387.893	00388.871	00389.871	00390.860	00391.851	cell = 384 to 391
00392.881	00393.905	00394.924	00395.941	00396.968	00397.982	00398.987	00399.989	cell = 392 to 399
00400.985	00401.991	00403.028	00404.063	00405.083	00406.085	00407.075	00408.072	cell = 400 to 407
00409.084	00410.115	00411.142	00412.140	00413.128	00414.131	00415.152	00416.167	cell = 408 to 415
00417.182	00418.199	00419.205	00420.197	00421.170	00422.132	00423.092	00424.067	cell = 416 to 423
00425.056	00426.061	00427.080	00428.109	00429.125	00430.127	00431.115	00432.125	cell = 424 to 431
00433.115	00434.089	00435.063	00436.044	00437.025	00438.009	00439.008	00440.028	cell = 432 to 439
00441.029	00442.036	00443.043	00444.049	00445.054	00446.048	00447.031	00448.011	cell = 440 to 447
00448.981	00449.960	00450.957	00451.952	00452.948	00453.934	00454.898	00455.859	cell = 448 to 455
00456.826	00457.799	00458.773	00459.739	00460.729	00461.732	00462.736	00463.744	cell = 456 to 463
00464.753	00465.758	00466.761	00467.754	00468.754	00469.751	00470.744	00471.726	cell = 464 to 471
00472.714	00473.719	00474.727	00475.737	00476.746	00477.735	00478.719	00479.721	cell = 472 to 479
00480.733	00481.752	00482.768	00483.769	00484.764	00485.742	00486.701	00487.666	cell = 480 to 487
00488.634	00489.609	00490.602	00491.609	00492.616	00493.640	00494.673	00495.672	cell = 488 to 495
00496.664	00497.668	00498.675	00499.668	00500.651	00501.625	00502.585	00503.550	cell = 496 to 503
00504.521	00505.521	00506.543	00507.571	00508.578	00509.558	00510.522	00511.480	cell = 504 to 511
00512.444	00513.376	00514.313	00515.290	00516.283	00517.259	00518.234	00519.183	cell = 512 to 519
00520.136	00521.081	00522.050	00523.044	00524.040	00525.027	00526.002	00526.964	cell = 520 to 527
00527.931	00528.916	00529.930	00530.939	00531.940	00532.951	00533.964	00534.963	cell = 528 to 535
00535.962	00536.974	00537.979	00538.991	00539.985	00540.974	00541.962	00542.940	cell = 536 to 543
00543.913	00544.885	00545.859	00546.862	00547.881	00548.890	00549.905	00550.900	cell = 544 to 551
00551.900	00552.898	00553.913	00554.922	00555.916	00556.908	00557.906	00558.911	cell = 552 to 559
00559.926	00560.930	00561.950	00562.974	00564.000	00565.029	00566.035	00567.025	cell = 560 to 567
00568.000	00568.971	00569.940	00570.933	00571.936	00572.927	00573.914	00574.905	cell = 568 to 575
00575.914	00576.924	00577.931	00578.930	00579.934	00580.944	00581.940	00582.931	cell = 576 to 583
00583.913	00584.901	00585.907	00586.917	00587.928	00588.938	00589.933	00590.911	cell = 584 to 591
00591.886	00592.874	00593.855	00594.829	00595.795	00596.774	00597.762	00598.738	cell = 592 to 599
00599.698	00600.671	00601.676	00602.691	00603.704	00604.697	00605.672	00606.640	cell = 600 to 607
00607.612	00608.603	00609.606	00610.615	00611.610	00612.605	00613.606	00614.607	cell = 608 to 615
00615.607	00616.595	00617.594	00618.615	00619.641	00620.655	00621.667	00622.665	cell = 616 to 623
00623.656	00624.670	00625.697	00626.701	00627.680	00628.648	00629.615	00630.576	cell = 624 to 631
00631.549	00632.531	00633.523	00634.526	00635.541	00636.557	00637.553	00638.543	cell = 632 to 639
00639.533	00640.499	00641.455	00642.422	00643.431	00644.415	00645.399	00646.402	cell = 640 to 647
00647.402	00648.379	00649.363	00650.370	00651.398	00652.409	00653.409	00654.406	cell = 648 to 655
00655.390	00656.372	00657.358	00658.351	00659.342	00660.362	00661.364	00662.330	cell = 656 to 663
00663.295	00664.281	00665.273	00666.268	00667.298	00668.350	00669.379	00670.395	cell = 664 to 671
00671.421	00672.439	00673.443	00674.442	00675.445	00676.434	00677.398	00678.363	cell = 672 to 679
00679.335	00680.305	00681.291	00682.298	00683.280	00684.258	00685.237	00686.206	cell = 680 to 687
00687.188	00688.166	00689.170	00690.155	00691.131	00692.114	00693.117	00694.122	cell = 688 to 695
00695.123	00696.121	00697.139	00698.153	00699.154	00700.143	00701.128	00702.134	cell = 696 to 703
00703.166	00704.211	00705.238	00706.246	00707.231	00708.197	00709.146	00710.121	cell = 704 to 711
00711.090	00712.059	00713.040	00714.030	00715.023	00716.037	00717.065	00718.106	cell = 712 to 719
00719.173	00720.242	00721.294	00722.307	00723.301	00724.287	00725.292	00726.318	cell = 720 to 727
00727.329	00728.347	00729.360	00730.385	00731.401	00732.409	00733.422	00734.439	cell = 728 to 735
00735.465	00736.488	00737.488	00738.469	00739.430	00740.405	00741.401	00742.417	cell = 736 to 743
00743.432	00744.423	00745.400	00746.395	00747.413	00748.441	00749.449	00750.459	cell = 744 to 751
00751.487	00752.515	00753.540	00754.541	00755.518	00756.502	00757.515	00758.545	cell = 752 to 759
00759.570	00760.593	00761.595	00762.585	00763.585	00764.605	00765.616	00766.612	cell = 760 to 767
00767.602	00768.612	00769.623	00770.621	00771.603	00772.565	00773.523	00774.517	cell = 768 to 775
00775.525	00776.527	00777.520	00778.510	00779.493	00780.469	00781.458	00782.471	cell = 776 to 783
00783.472	00784.467	00785.478	00786.509	00787.528	00788.535	00789.568	00790.605	cell = 784 to 791
00791.641	00792.665	00793.660	00794.639	00795.616	00796.593	00797.575	00798.556	cell = 792 to 799
00799.548	00800.550	00801.550	00802.548	00803.561	00804.566	00805.546	00806.513	cell = 800 to 807
00807.500	00808.484	00809.451	00810.440	00811.439	00812.472	00813.521	00814.567	cell = 808 to 815
00815.606	00816.629	00817.642	00818.662	00819.672	00820.677	00821.683	00822.684	cell = 816 to 823
00823.714	00824.774	00825.840	00826.868	00827.895	00828.921	00829.932	00830.929	cell = 824 to 831
00831.905	00832.867	00833.825	00834.787	00835.760	00836.749	00837.753	00838.772	cell = 832 to 839
00839.792	00840.822	00841.828	00842.817	00843.788	00844.749	00845.712	00846.707	cell = 840 to 847
00847.694	00848.680	00849.691	00850.701	00851.720	00852.750	00853.790	00854.841	cell = 848 to 855
00855.881	00856.889	00857.881	00858.870	00859.870	00860.869	00861.873	00862.878	cell = 856 to 863
00863.874	00864.869	00865.873	00866.877	00867.875	00868.858	00869.849	00870.861	cell = 864 to 871
00871.877	00872.884	00873.888	00874.899	00875.921	00876.959	00877.979	00878.976	cell = 872 to 879
00879.969	00880.965	00881.974	00882.996	00884.000	00884.983	00885.966	00886.953	cell = 880 to 887
00887.959	00888.962	00889.942	00890.919	00891.906	00892.898	00893.892	00894.883	cell = 888 to 895
00895.880	00896.876	00897.861	00898.856	00899.848	00900.831	00901.802	00902.776	cell = 896 to 903
00903.763	00904.778	00905.789	00906.791	00907.789	00908.808	00909.833	00910.851	cell = 904 to 911
00911.849	00912.851	00913.853	00914.832	00915.797	00916.777	00917.777	00918.773	cell = 912 to 919
00919.759	00920.736	00921.734	00922.736	00923.739	00924.740	00925.759	00926.769	cell = 920 to 927
00927.776	00928.782	00929.778	00930.772	00931.761	00932.741	00933.717	00934.706	cell = 928 to 935
00935.721	00936.730	00937.730	00938.733	00939.747	00940.779	00941.802	00942.828	cell = 936 to 943
00943.859	00944.860	00945.849	00946.854	00947.846	00948.830	00949.822	00950.817	cell = 944 to 951
00951.811	00952.809	00953.808	00954.797	00955.774	00956.760	00957.769	00958.799	cell = 952 to 959
00959.807	00960.802	00961.783	00962.763	00963.753	00964.749	00965.737	00966.727	cell = 960 to 967
00967.738	00968.750	00969.765	00970.782	00971.805	00972.814	00973.827	00974.867	cell = 968 to 975
00975.913	00976.934	00977.934	00978.937	00979.951	00980.957	00981.940	00982.917	cell = 976 to 983
00983.883	00984.855	00985.840	00986.829	00987.816	00988.791	00989.774	00990.776	cell = 984 to 991
00991.804	00992.833	00993.854	00994.844	00995.836	00996.841	00997.852	00998.846	cell = 992 to 999
00999.831	01000.828	01001.858	01002.899	01003.940	01004.978	01006.005	01007.029	cell = 1000 to 1007
01008.063	01009.101	01010.106	01011.088	01012.066	01013.044	01014.035	01015.037	cell = 1008 to 1015
01016.018	01017.003	01018.001	01019.029	01020.046	01021.028	01022.008	01022.998	cell = 1016 to 1023
