Calibration values (ps) from cell 0 to 1024 :

00000.000	00000.386	00000.772	00001.159	00001.546	00001.933	00002.321	00002.710	cell = 0 to 7
00003.100	00003.490	00003.881	00004.273	00004.666	00005.061	00005.456	00005.851	cell = 8 to 15
00006.245	00006.639	00007.033	00007.428	00007.823	00008.218	00008.612	00009.005	cell = 16 to 23
00009.398	00009.791	00010.185	00010.579	00010.972	00011.364	00011.756	00012.148	cell = 24 to 31
00012.541	00012.935	00013.328	00013.721	00014.114	00014.509	00014.904	00015.300	cell = 32 to 39
00015.696	00016.091	00016.487	00016.884	00017.281	00017.678	00018.074	00018.472	cell = 40 to 47
00018.871	00019.269	00019.668	00020.068	00020.467	00020.866	00021.265	00021.663	cell = 48 to 55
00022.062	00022.460	00022.858	00023.256	00023.653	00024.050	00024.446	00024.840	cell = 56 to 63
00025.235	00025.629	00026.025	00026.420	00026.816	00027.212	00027.609	00028.006	cell = 64 to 71
00028.405	00028.804	00029.203	00029.601	00029.999	00030.397	00030.795	00031.193	cell = 72 to 79
00031.592	00031.990	00032.388	00032.786	00033.183	00033.580	00033.977	00034.372	cell = 80 to 87
00034.768	00035.164	00035.560	00035.957	00036.353	00036.748	00037.144	00037.539	cell = 88 to 95
00037.936	00038.332	00038.729	00039.126	00039.524	00039.922	00040.321	00040.719	cell = 96 to 103
00041.119	00041.517	00041.916	00042.314	00042.712	00043.109	00043.508	00043.905	cell = 104 to 111
00044.304	00044.703	00045.102	00045.499	00045.896	00046.291	00046.688	00047.082	cell = 112 to 119
00047.477	00047.870	00048.263	00048.655	00049.047	00049.439	00049.830	00050.221	cell = 120 to 127
00050.611	00051.003	00051.395	00051.787	00052.179	00052.571	00052.964	00053.358	cell = 128 to 135
00053.753	00054.148	00054.543	00054.939	00055.336	00055.734	00056.132	00056.530	cell = 136 to 143
00056.930	00057.329	00057.728	00058.125	00058.523	00058.920	00059.316	00059.712	cell = 144 to 151
00060.107	00060.501	00060.897	00061.292	00061.689	00062.086	00062.484	00062.881	cell = 152 to 159
00063.279	00063.677	00064.076	00064.474	00064.873	00065.273	00065.673	00066.074	cell = 160 to 167
00066.474	00066.875	00067.276	00067.677	00068.078	00068.480	00068.881	00069.283	cell = 168 to 175
00069.686	00070.087	00070.488	00070.886	00071.285	00071.684	00072.084	00072.484	cell = 176 to 183
00072.883	00073.282	00073.681	00074.081	00074.480	00074.880	00075.278	00075.677	cell = 184 to 191
00076.075	00076.474	00076.873	00077.273	00077.672	00078.072	00078.472	00078.874	cell = 192 to 199
00079.276	00079.679	00080.082	00080.485	00080.887	00081.288	00081.689	00082.089	cell = 200 to 207
00082.489	00082.889	00083.289	00083.689	00084.088	00084.487	00084.886	00085.285	cell = 208 to 215
00085.684	00086.083	00086.483	00086.881	00087.281	00087.680	00088.078	00088.477	cell = 216 to 223
00088.875	00089.275	00089.677	00090.079	00090.483	00090.888	00091.292	00091.695	cell = 224 to 231
00092.098	00092.502	00092.905	00093.309	00093.712	00094.115	00094.518	00094.922	cell = 232 to 239
00095.326	00095.730	00096.133	00096.536	00096.937	00097.340	00097.742	00098.145	cell = 240 to 247
00098.547	00098.948	00099.349	00099.750	00100.151	00100.551	00100.951	00101.352	cell = 248 to 255
00101.753	00102.154	00102.555	00102.956	00103.356	00103.758	00104.159	00104.559	cell = 256 to 263
00104.959	00105.360	00105.760	00106.161	00106.562	00106.963	00107.365	00107.767	cell = 264 to 271
00108.170	00108.573	00108.976	00109.378	00109.780	00110.182	00110.584	00110.988	cell = 272 to 279
00111.392	00111.797	00112.202	00112.607	00113.012	00113.417	00113.822	00114.226	cell = 280 to 287
00114.629	00115.032	00115.435	00115.838	00116.243	00116.648	00117.052	00117.456	cell = 288 to 295
00117.859	00118.263	00118.666	00119.070	00119.474	00119.878	00120.282	00120.687	cell = 296 to 303
00121.092	00121.497	00121.901	00122.306	00122.710	00123.115	00123.519	00123.924	cell = 304 to 311
00124.329	00124.735	00125.139	00125.545	00125.950	00126.355	00126.759	00127.164	cell = 312 to 319
00127.568	00127.971	00128.374	00128.777	00129.180	00129.584	00129.987	00130.390	cell = 320 to 327
00130.794	00131.197	00131.600	00132.004	00132.408	00132.813	00133.218	00133.623	cell = 328 to 335
00134.030	00134.436	00134.844	00135.252	00135.659	00136.065	00136.472	00136.880	cell = 336 to 343
00137.289	00137.697	00138.105	00138.512	00138.919	00139.326	00139.734	00140.142	cell = 344 to 351
00140.550	00140.958	00141.365	00141.774	00142.182	00142.591	00142.999	00143.407	cell = 352 to 359
00143.814	00144.221	00144.629	00145.038	00145.447	00145.856	00146.266	00146.677	cell = 360 to 367
00147.088	00147.500	00147.912	00148.324	00148.736	00149.147	00149.558	00149.968	cell = 368 to 375
00150.377	00150.785	00151.193	00151.600	00152.007	00152.414	00152.820	00153.226	cell = 376 to 383
00153.630	00154.034	00154.438	00154.842	00155.245	00155.649	00156.053	00156.455	cell = 384 to 391
00156.858	00157.260	00157.664	00158.068	00158.472	00158.878	00159.283	00159.688	cell = 392 to 399
00160.093	00160.499	00160.906	00161.312	00161.720	00162.127	00162.536	00162.946	cell = 400 to 407
00163.356	00163.767	00164.177	00164.588	00164.998	00165.409	00165.820	00166.230	cell = 408 to 415
00166.639	00167.048	00167.455	00167.863	00168.271	00168.679	00169.085	00169.492	cell = 416 to 423
00169.897	00170.303	00170.709	00171.115	00171.521	00171.926	00172.332	00172.737	cell = 424 to 431
00173.142	00173.549	00173.956	00174.364	00174.771	00175.178	00175.584	00175.990	cell = 432 to 439
00176.396	00176.802	00177.208	00177.614	00178.021	00178.427	00178.833	00179.239	cell = 440 to 447
00179.645	00180.050	00180.455	00180.861	00181.269	00181.676	00182.083	00182.491	cell = 448 to 455
00182.900	00183.308	00183.716	00184.124	00184.532	00184.940	00185.347	00185.754	cell = 456 to 463
00186.161	00186.568	00186.975	00187.381	00187.788	00188.194	00188.600	00189.008	cell = 464 to 471
00189.416	00189.826	00190.236	00190.646	00191.055	00191.465	00191.874	00192.284	cell = 472 to 479
00192.694	00193.104	00193.513	00193.922	00194.331	00194.741	00195.152	00195.563	cell = 480 to 487
00195.974	00196.386	00196.798	00197.210	00197.621	00198.033	00198.446	00198.859	cell = 488 to 495
00199.271	00199.684	00200.096	00200.506	00200.913	00201.320	00201.725	00202.129	cell = 496 to 503
00202.530	00202.930	00203.330	00203.730	00204.129	00204.527	00204.924	00205.322	cell = 504 to 511
00205.719	00206.116	00206.513	00206.911	00207.310	00207.710	00208.110	00208.511	cell = 512 to 519
00208.912	00209.314	00209.716	00210.119	00210.522	00210.927	00211.331	00211.736	cell = 520 to 527
00212.140	00212.544	00212.948	00213.353	00213.758	00214.163	00214.567	00214.972	cell = 528 to 535
00215.376	00215.780	00216.183	00216.586	00216.989	00217.392	00217.795	00218.196	cell = 536 to 543
00218.598	00219.000	00219.402	00219.804	00220.207	00220.611	00221.016	00221.420	cell = 544 to 551
00221.826	00222.232	00222.639	00223.045	00223.452	00223.859	00224.266	00224.675	cell = 552 to 559
00225.084	00225.494	00225.905	00226.315	00226.725	00227.136	00227.545	00227.954	cell = 560 to 567
00228.362	00228.770	00229.176	00229.582	00229.987	00230.393	00230.798	00231.204	cell = 568 to 575
00231.611	00232.019	00232.426	00232.832	00233.238	00233.644	00234.051	00234.459	cell = 576 to 583
00234.867	00235.275	00235.684	00236.092	00236.500	00236.908	00237.315	00237.722	cell = 584 to 591
00238.129	00238.535	00238.939	00239.342	00239.745	00240.148	00240.550	00240.953	cell = 592 to 599
00241.356	00241.760	00242.164	00242.568	00242.973	00243.378	00243.784	00244.190	cell = 600 to 607
00244.596	00245.001	00245.405	00245.809	00246.214	00246.619	00247.024	00247.430	cell = 608 to 615
00247.837	00248.244	00248.651	00249.058	00249.465	00249.872	00250.279	00250.686	cell = 616 to 623
00251.092	00251.498	00251.903	00252.309	00252.714	00253.120	00253.525	00253.930	cell = 624 to 631
00254.333	00254.736	00255.139	00255.541	00255.944	00256.348	00256.751	00257.156	cell = 632 to 639
00257.560	00257.964	00258.367	00258.773	00259.179	00259.586	00259.991	00260.397	cell = 640 to 647
00260.803	00261.208	00261.613	00262.018	00262.423	00262.828	00263.232	00263.636	cell = 648 to 655
00264.041	00264.446	00264.851	00265.258	00265.664	00266.069	00266.473	00266.876	cell = 656 to 663
00267.277	00267.679	00268.080	00268.482	00268.884	00269.285	00269.685	00270.084	cell = 664 to 671
00270.483	00270.882	00271.280	00271.679	00272.078	00272.477	00272.876	00273.275	cell = 672 to 679
00273.674	00274.074	00274.473	00274.871	00275.271	00275.670	00276.069	00276.469	cell = 680 to 687
00276.868	00277.268	00277.668	00278.069	00278.470	00278.870	00279.271	00279.673	cell = 688 to 695
00280.075	00280.477	00280.879	00281.281	00281.683	00282.084	00282.486	00282.887	cell = 696 to 703
00283.287	00283.687	00284.086	00284.485	00284.884	00285.282	00285.680	00286.079	cell = 704 to 711
00286.478	00286.878	00287.278	00287.679	00288.078	00288.476	00288.873	00289.270	cell = 712 to 719
00289.669	00290.067	00290.466	00290.863	00291.261	00291.657	00292.054	00292.451	cell = 720 to 727
00292.849	00293.245	00293.641	00294.037	00294.434	00294.831	00295.227	00295.623	cell = 728 to 735
00296.018	00296.413	00296.809	00297.204	00297.600	00297.996	00298.392	00298.789	cell = 736 to 743
00299.186	00299.582	00299.978	00300.375	00300.772	00301.168	00301.566	00301.964	cell = 744 to 751
00302.362	00302.760	00303.159	00303.556	00303.954	00304.351	00304.747	00305.142	cell = 752 to 759
00305.537	00305.932	00306.326	00306.719	00307.114	00307.508	00307.902	00308.298	cell = 760 to 767
00308.695	00309.091	00309.487	00309.883	00310.280	00310.677	00311.075	00311.472	cell = 768 to 775
00311.870	00312.267	00312.664	00313.061	00313.459	00313.857	00314.255	00314.652	cell = 776 to 783
00315.050	00315.448	00315.847	00316.246	00316.645	00317.043	00317.441	00317.837	cell = 784 to 791
00318.233	00318.628	00319.024	00319.418	00319.814	00320.209	00320.606	00321.001	cell = 792 to 799
00321.396	00321.790	00322.183	00322.575	00322.968	00323.362	00323.757	00324.152	cell = 800 to 807
00324.548	00324.944	00325.342	00325.740	00326.140	00326.538	00326.937	00327.335	cell = 808 to 815
00327.734	00328.132	00328.530	00328.928	00329.328	00329.726	00330.125	00330.523	cell = 816 to 823
00330.921	00331.318	00331.714	00332.111	00332.507	00332.903	00333.299	00333.695	cell = 824 to 831
00334.093	00334.490	00334.888	00335.285	00335.681	00336.076	00336.471	00336.866	cell = 832 to 839
00337.263	00337.660	00338.058	00338.456	00338.855	00339.252	00339.649	00340.045	cell = 840 to 847
00340.441	00340.836	00341.231	00341.627	00342.025	00342.422	00342.818	00343.214	cell = 848 to 855
00343.610	00344.006	00344.403	00344.799	00345.194	00345.588	00345.982	00346.375	cell = 856 to 863
00346.770	00347.164	00347.559	00347.954	00348.349	00348.743	00349.138	00349.533	cell = 864 to 871
00349.928	00350.323	00350.718	00351.115	00351.513	00351.911	00352.310	00352.707	cell = 872 to 879
00353.106	00353.503	00353.899	00354.294	00354.690	00355.086	00355.483	00355.879	cell = 880 to 887
00356.276	00356.672	00357.067	00357.461	00357.854	00358.247	00358.640	00359.033	cell = 888 to 895
00359.425	00359.817	00360.210	00360.603	00360.997	00361.390	00361.783	00362.176	cell = 896 to 903
00362.571	00362.964	00363.357	00363.749	00364.141	00364.533	00364.926	00365.319	cell = 904 to 911
00365.713	00366.107	00366.502	00366.896	00367.292	00367.686	00368.080	00368.474	cell = 912 to 919
00368.868	00369.263	00369.657	00370.052	00370.447	00370.841	00371.234	00371.628	cell = 920 to 927
00372.022	00372.416	00372.808	00373.201	00373.593	00373.986	00374.378	00374.770	cell = 928 to 935
00375.162	00375.553	00375.944	00376.335	00376.725	00377.116	00377.506	00377.896	cell = 936 to 943
00378.286	00378.676	00379.065	00379.456	00379.847	00380.237	00380.626	00381.014	cell = 944 to 951
00381.402	00381.789	00382.176	00382.564	00382.953	00383.343	00383.733	00384.123	cell = 952 to 959
00384.514	00384.905	00385.297	00385.688	00386.080	00386.472	00386.865	00387.257	cell = 960 to 967
00387.648	00388.040	00388.431	00388.823	00389.214	00389.605	00389.996	00390.387	cell = 968 to 975
00390.777	00391.167	00391.557	00391.947	00392.337	00392.727	00393.116	00393.506	cell = 976 to 983
00393.896	00394.287	00394.676	00395.065	00395.455	00395.846	00396.237	00396.629	cell = 984 to 991
00397.021	00397.414	00397.807	00398.201	00398.596	00398.991	00399.386	00399.782	cell = 992 to 999
00400.178	00400.576	00400.975	00401.375	00401.775	00402.173	00402.571	00402.968	cell = 1000 to 1007
00403.365	00403.762	00404.158	00404.551	00404.942	00405.333	00405.724	00406.113	cell = 1008 to 1015
00406.501	00406.889	00407.278	00407.667	00408.054	00408.441	00408.828	00409.214	cell = 1016 to 1023
