Calibration values from cell 0 to 1024 for channel 0:

31	-19	42	-25	24	-8	61	-2	cell = 0 to 7
71	19	57	-33	52	-12	44	-8	cell = 8 to 15
60	10	8	-22	9	-15	-11	-49	cell = 16 to 23
61	11	1	24	25	-28	7	-58	cell = 24 to 31
51	-2	45	19	49	-5	5	-24	cell = 32 to 39
78	-29	27	2	40	-49	46	-49	cell = 40 to 47
16	-41	27	-11	65	19	68	-27	cell = 48 to 55
13	-53	50	5	24	-30	28	-14	cell = 56 to 63
13	-26	60	2	33	7	69	5	cell = 64 to 71
46	-36	52	34	30	5	36	-5	cell = 72 to 79
47	-21	42	-18	10	-5	27	11	cell = 80 to 87
32	-30	18	-13	23	-20	16	-49	cell = 88 to 95
43	18	40	10	62	-19	75	-19	cell = 96 to 103
27	-1	2	11	42	43	32	-27	cell = 104 to 111
31	12	64	-26	54	-3	63	17	cell = 112 to 119
57	-34	5	6	30	-33	20	-56	cell = 120 to 127
68	-13	73	-29	66	-7	54	15	cell = 128 to 135
22	-14	34	-11	118	-15	62	-8	cell = 136 to 143
21	0	108	-2	21	-7	40	-13	cell = 144 to 151
48	-49	55	25	50	-50	-3	-1	cell = 152 to 159
30	2	25	11	25	9	33	-6	cell = 160 to 167
18	-14	31	-31	11	-4	13	-6	cell = 168 to 175
30	13	39	0	17	-12	36	-5	cell = 176 to 183
44	-31	57	-20	47	40	52	-34	cell = 184 to 191
41	-32	44	-20	44	-28	32	-14	cell = 192 to 199
48	-2	69	26	62	10	58	14	cell = 200 to 207
23	-46	35	-10	61	33	57	4	cell = 208 to 215
56	13	78	0	82	-2	34	-22	cell = 216 to 223
25	37	62	-8	46	1	30	-12	cell = 224 to 231
47	-18	14	-25	-5	-24	28	-41	cell = 232 to 239
5	21	30	-8	34	-15	46	-8	cell = 240 to 247
14	19	42	-33	14	-5	36	-47	cell = 248 to 255
32	-8	32	-15	49	-3	45	-9	cell = 256 to 263
1	-7	17	-8	52	-1	29	1	cell = 264 to 271
11	-38	35	-37	67	21	68	-6	cell = 272 to 279
1	-17	73	29	4	-25	16	2	cell = 280 to 287
52	16	88	19	12	-12	73	-11	cell = 288 to 295
42	3	48	-17	53	-5	18	37	cell = 296 to 303
24	-9	54	-6	79	-4	64	-9	cell = 304 to 311
73	30	74	-24	39	6	55	-14	cell = 312 to 319
45	0	24	29	40	-10	32	-22	cell = 320 to 327
26	-33	55	6	62	-19	20	-28	cell = 328 to 335
33	-33	46	-51	7	-13	70	-4	cell = 336 to 343
34	11	10	-25	33	-2	56	-44	cell = 344 to 351
21	-3	28	-9	19	-19	54	-8	cell = 352 to 359
58	43	50	-30	82	1	33	20	cell = 360 to 367
22	-8	66	-9	83	-26	37	-6	cell = 368 to 375
20	-13	46	42	97	-28	30	-23	cell = 376 to 383
46	-15	21	-21	56	27	12	-20	cell = 384 to 391
37	-6	27	0	85	-24	43	29	cell = 392 to 399
37	21	56	-9	38	20	59	-3	cell = 400 to 407
48	-45	74	-5	45	-7	67	2	cell = 408 to 415
56	-3	50	1	62	0	35	-8	cell = 416 to 423
20	20	18	18	23	-35	-4	-26	cell = 424 to 431
50	-27	37	-11	40	-5	1	-15	cell = 432 to 439
-5	-17	76	26	53	-3	43	-21	cell = 440 to 447
53	0	0	-2	64	-1	58	-5	cell = 448 to 455
97	-22	-4	5	46	-10	52	31	cell = 456 to 463
30	-6	71	8	47	-15	11	27	cell = 464 to 471
69	20	28	-9	37	22	40	-39	cell = 472 to 479
43	8	51	0	101	1	56	-4	cell = 480 to 487
38	4	14	-15	54	27	67	13	cell = 488 to 495
36	-13	-13	-57	-18	-84	6	-73	cell = 496 to 503
70	-28	37	-22	38	-35	24	-37	cell = 504 to 511
-3	8	-3	-18	-53	-14	29	6	cell = 512 to 519
-31	-49	17	-27	-27	-13	-24	-10	cell = 520 to 527
-3	4	-25	0	-25	0	-21	-19	cell = 528 to 535
-28	-9	-19	7	-47	-50	-14	-22	cell = 536 to 543
-15	-32	-20	-25	-17	-1	-16	-17	cell = 544 to 551
-43	10	-11	-26	7	-25	-29	-65	cell = 552 to 559
-49	2	4	-2	-32	-18	-14	54	cell = 560 to 567
17	-16	-29	-40	-41	-61	-22	-18	cell = 568 to 575
-39	-32	-6	-12	-18	-41	-33	30	cell = 576 to 583
-21	-20	-45	7	-31	-32	12	-10	cell = 584 to 591
1	-39	12	-4	-18	-6	-12	-15	cell = 592 to 599
6	-45	-5	8	-2	-23	-68	-10	cell = 600 to 607
-24	3	-38	7	-42	-53	5	-8	cell = 608 to 615
-22	-44	8	-2	-4	-12	-13	-6	cell = 616 to 623
-32	-21	-26	-30	5	-2	-22	-21	cell = 624 to 631
-21	11	-43	-8	-5	-16	20	25	cell = 632 to 639
-13	-3	-33	4	-30	-32	-38	-31	cell = 640 to 647
-3	31	-14	40	-3	11	-14	-16	cell = 648 to 655
-9	-43	-64	-2	7	-10	-34	-11	cell = 656 to 663
-51	-6	-37	-42	-36	-20	-11	-35	cell = 664 to 671
-37	-11	8	-45	-10	-16	-32	-19	cell = 672 to 679
21	9	-33	28	-36	-8	-20	-13	cell = 680 to 687
-62	5	-5	-11	-7	-29	-6	-5	cell = 688 to 695
4	-16	-36	-15	-18	-13	1	-43	cell = 696 to 703
1	-8	29	-19	-34	17	-25	-35	cell = 704 to 711
31	-7	-57	-50	-42	32	-44	6	cell = 712 to 719
-38	-19	-42	20	3	-56	-46	-31	cell = 720 to 727
-21	18	-48	-37	-23	1	-21	-14	cell = 728 to 735
-32	3	9	22	-19	-12	-47	24	cell = 736 to 743
-19	-9	-58	-17	-18	-34	-15	-18	cell = 744 to 751
-32	3	-2	-38	-26	16	0	7	cell = 752 to 759
-20	-46	-24	-9	-30	-47	-14	-60	cell = 760 to 767
-20	-9	-28	-57	-9	-33	-26	-15	cell = 768 to 775
-17	-16	-28	-16	-17	15	-31	20	cell = 776 to 783
-41	-30	-33	-24	-7	2	-24	26	cell = 784 to 791
-2	-39	-65	-2	-14	-12	-17	-30	cell = 792 to 799
23	-5	-7	10	-16	-12	-4	9	cell = 800 to 807
-15	-7	-32	3	-33	-56	-62	-6	cell = 808 to 815
-7	-5	-38	-30	-21	-28	-17	35	cell = 816 to 823
-18	-37	-18	26	-45	13	-44	-41	cell = 824 to 831
29	-24	-25	-5	1	2	-12	2	cell = 832 to 839
2	-30	12	6	-24	13	0	10	cell = 840 to 847
-43	3	-12	8	-43	-28	-16	28	cell = 848 to 855
15	-2	-18	29	-36	-28	-49	-4	cell = 856 to 863
-8	-2	-19	-12	-26	17	-12	0	cell = 864 to 871
-13	-36	-26	18	-10	-18	-46	-6	cell = 872 to 879
5	2	-37	-25	-66	-16	-13	-30	cell = 880 to 887
-47	-24	-40	9	-42	-30	-24	-2	cell = 888 to 895
-36	0	-69	-12	21	-29	-34	-9	cell = 896 to 903
7	-13	23	41	29	42	-7	3	cell = 904 to 911
-36	-3	-36	-5	24	-20	8	-4	cell = 912 to 919
-4	-19	-5	-7	-25	-2	-25	-24	cell = 920 to 927
-43	-15	-17	-35	17	7	-26	-3	cell = 928 to 935
-30	-11	-29	-10	-5	-32	-15	-6	cell = 936 to 943
-12	-23	-52	-9	-34	-45	-19	-10	cell = 944 to 951
-31	-1	-30	-17	-28	-37	-24	19	cell = 952 to 959
-16	-6	-4	-20	1	-5	-51	-7	cell = 960 to 967
-31	-19	-30	-14	-18	12	12	-15	cell = 968 to 975
-7	-10	3	-8	-24	-58	-8	-31	cell = 976 to 983
-19	-29	10	-28	-47	-14	-56	-19	cell = 984 to 991
-17	-22	21	16	-36	-30	-28	-3	cell = 992 to 999
-31	-29	-13	-31	-14	-18	-5	-3	cell = 1000 to 1007
-19	-8	-57	-60	-8	-15	-56	-18	cell = 1008 to 1015
-33	-14	-3	-9	-33	-21	-47	8	cell = 1016 to 1023
Calibration values from cell 0 to 1024 for channel 1:

73	-40	14	-35	33	34	29	29	cell = 0 to 7
37	-7	33	-32	26	-4	22	-27	cell = 8 to 15
45	-33	16	7	55	-25	28	-32	cell = 16 to 23
33	15	41	10	27	-42	28	-52	cell = 24 to 31
62	6	24	-18	31	-33	9	15	cell = 32 to 39
75	30	79	-21	26	-22	39	-11	cell = 40 to 47
52	-30	57	2	62	43	30	13	cell = 48 to 55
59	-26	66	-18	79	6	8	-3	cell = 56 to 63
41	-3	44	-16	38	15	45	7	cell = 64 to 71
33	-3	60	-13	47	-32	57	13	cell = 72 to 79
90	-33	21	1	62	-2	38	-29	cell = 80 to 87
6	0	82	-15	43	45	59	-12	cell = 88 to 95
54	-67	-16	-20	21	-4	71	-46	cell = 96 to 103
28	-14	60	2	54	-6	28	27	cell = 104 to 111
57	18	18	-32	51	27	79	-19	cell = 112 to 119
12	-39	40	16	39	-45	20	-23	cell = 120 to 127
30	9	64	14	47	4	50	-3	cell = 128 to 135
36	13	36	-19	26	-13	40	15	cell = 136 to 143
34	5	43	-48	31	-10	49	6	cell = 144 to 151
0	23	61	14	15	9	71	-6	cell = 152 to 159
36	-23	58	-4	58	-8	37	47	cell = 160 to 167
47	-3	53	-6	52	-10	61	25	cell = 168 to 175
59	26	53	-10	23	-29	44	6	cell = 176 to 183
62	-42	74	-14	44	33	39	-41	cell = 184 to 191
57	-30	32	35	7	-36	51	-10	cell = 192 to 199
10	21	21	8	41	-42	76	-2	cell = 200 to 207
53	6	57	-22	31	-22	18	0	cell = 208 to 215
69	-17	52	-1	37	-6	39	8	cell = 216 to 223
35	-10	71	5	56	1	79	-13	cell = 224 to 231
47	-11	53	-13	40	28	64	0	cell = 232 to 239
7	-20	22	-58	56	19	73	29	cell = 240 to 247
74	15	-7	-19	29	-18	68	-23	cell = 248 to 255
38	-20	38	-12	30	25	27	-20	cell = 256 to 263
46	-34	24	-19	47	7	87	9	cell = 264 to 271
22	-15	39	3	52	-18	64	-56	cell = 272 to 279
47	11	56	28	43	-21	76	-39	cell = 280 to 287
46	3	23	-22	101	-9	6	-26	cell = 288 to 295
43	6	9	36	36	-7	65	29	cell = 296 to 303
12	14	26	-10	37	31	56	31	cell = 304 to 311
45	-4	4	-32	55	7	43	-32	cell = 312 to 319
29	-42	49	14	47	31	17	-9	cell = 320 to 327
55	-12	53	17	35	-5	-28	-21	cell = 328 to 335
43	-7	54	30	47	14	50	18	cell = 336 to 343
53	11	61	-11	22	-6	40	5	cell = 344 to 351
23	11	30	-44	27	14	37	15	cell = 352 to 359
31	-32	28	-26	29	0	48	-12	cell = 360 to 367
64	-2	39	20	0	-11	55	-41	cell = 368 to 375
70	23	69	15	40	38	2	9	cell = 376 to 383
36	9	48	0	57	-9	27	-46	cell = 384 to 391
35	-16	20	-10	67	-13	49	48	cell = 392 to 399
51	-13	39	35	39	-30	42	-21	cell = 400 to 407
44	12	55	-7	83	-36	42	12	cell = 408 to 415
75	-10	63	-11	66	2	37	3	cell = 416 to 423
50	-1	37	12	49	34	50	2	cell = 424 to 431
57	-5	47	-7	53	24	9	-15	cell = 432 to 439
54	0	54	-13	35	-11	30	-11	cell = 440 to 447
42	26	32	-4	31	29	30	-19	cell = 448 to 455
29	12	70	-39	25	6	45	-23	cell = 456 to 463
35	-19	71	-25	93	-30	43	-13	cell = 464 to 471
41	0	38	33	54	3	35	-30	cell = 472 to 479
33	-25	38	7	61	-33	32	-12	cell = 480 to 487
73	-26	44	0	63	-15	59	6	cell = 488 to 495
51	-14	-27	-90	-74	-63	-77	-81	cell = 496 to 503
68	5	38	3	47	8	19	-16	cell = 504 to 511
25	-16	-31	-39	-30	-26	-18	-37	cell = 512 to 519
-38	-30	-32	0	45	-37	-2	1	cell = 520 to 527
-38	-43	-29	-27	-13	-25	0	-2	cell = 528 to 535
-16	-38	-35	-11	-35	6	-22	-20	cell = 536 to 543
-8	-13	-19	-28	-45	-12	2	-15	cell = 544 to 551
3	-31	-10	5	-19	-31	-26	6	cell = 552 to 559
9	1	-51	23	-7	-7	-66	9	cell = 560 to 567
19	-22	-35	28	7	-17	10	16	cell = 568 to 575
-16	17	-15	-9	-7	-30	-10	-14	cell = 576 to 583
8	-46	5	7	-40	-9	-41	-3	cell = 584 to 591
0	-33	-32	-14	-9	-26	-39	7	cell = 592 to 599
-16	-7	-67	3	-45	-6	-38	-39	cell = 600 to 607
-19	-9	1	-38	-20	-49	-46	5	cell = 608 to 615
-29	19	4	-31	-5	0	-7	-5	cell = 616 to 623
-46	-33	-4	19	0	-20	-29	-28	cell = 624 to 631
-31	21	-8	-42	-18	4	-32	-15	cell = 632 to 639
-43	-11	0	-43	-32	-47	-32	-16	cell = 640 to 647
-21	7	37	-8	10	-6	-31	2	cell = 648 to 655
1	-54	13	-12	-14	-22	-19	-23	cell = 656 to 663
-44	-40	-38	-33	-27	-30	-18	-47	cell = 664 to 671
-37	-39	-23	33	-20	-26	-10	-4	cell = 672 to 679
14	-11	-53	14	15	-43	-21	-25	cell = 680 to 687
-8	-26	-31	-1	17	-39	-33	-33	cell = 688 to 695
-50	-49	-48	-17	-19	-37	-49	-22	cell = 696 to 703
-15	-56	-27	0	-31	-33	-25	-18	cell = 704 to 711
0	1	-10	-51	-40	10	-43	-27	cell = 712 to 719
2	-10	-18	-15	-14	-28	32	-43	cell = 720 to 727
-20	-11	-35	10	-66	6	-35	-10	cell = 728 to 735
-50	-15	-10	-43	-4	11	-15	-14	cell = 736 to 743
-14	-30	-33	-6	-12	5	-41	9	cell = 744 to 751
-1	-33	-54	-32	-23	14	19	-6	cell = 752 to 759
-47	1	-56	-11	-17	-41	-2	8	cell = 760 to 767
-36	-32	-5	2	27	0	-7	-21	cell = 768 to 775
-33	-33	-27	-22	-12	-3	-30	-32	cell = 776 to 783
-17	19	9	2	23	-3	9	6	cell = 784 to 791
-41	-32	-22	-34	-61	-27	-19	-4	cell = 792 to 799
-23	-8	-25	6	-23	-16	19	6	cell = 800 to 807
-5	1	-9	18	-35	-13	-43	17	cell = 808 to 815
-43	-26	8	-16	10	-44	0	12	cell = 816 to 823
6	-20	-36	-42	-35	-17	-37	-37	cell = 824 to 831
-39	-10	-54	-27	21	-30	-35	5	cell = 832 to 839
-31	-33	3	-23	-42	-50	-4	-5	cell = 840 to 847
-30	-27	6	-19	-9	24	-26	34	cell = 848 to 855
-28	-24	-12	3	-28	-22	-26	-43	cell = 856 to 863
11	-31	-51	-6	-33	7	-42	59	cell = 864 to 871
-28	-23	-11	-6	-10	-2	-5	2	cell = 872 to 879
-40	25	3	18	4	-22	-39	-6	cell = 880 to 887
-12	-25	-38	-27	-2	-16	-19	-15	cell = 888 to 895
-12	-10	-21	-32	-34	8	5	-22	cell = 896 to 903
-28	8	-57	12	-52	-25	-12	-13	cell = 904 to 911
-53	-42	-2	11	-53	-40	-20	-29	cell = 912 to 919
7	-14	-19	-34	-29	26	-25	-37	cell = 920 to 927
-10	-12	-13	-32	9	-25	-38	4	cell = 928 to 935
-40	-64	-18	0	-58	-12	-49	-38	cell = 936 to 943
-7	6	-2	-4	-23	-33	-26	1	cell = 944 to 951
-32	-32	-9	-10	-41	9	-23	-3	cell = 952 to 959
30	-1	0	-38	-34	-50	-28	-19	cell = 960 to 967
-6	-37	-3	-15	-50	-39	0	-37	cell = 968 to 975
-40	15	-28	-8	15	-14	-25	15	cell = 976 to 983
-40	0	-2	-28	-26	-65	-44	-42	cell = 984 to 991
-42	-29	14	-19	-45	3	9	-20	cell = 992 to 999
-30	-11	-64	-40	-32	-29	-36	3	cell = 1000 to 1007
20	2	-57	-54	-32	-38	-63	-60	cell = 1008 to 1015
-16	-37	-21	-34	-31	-29	-21	-38	cell = 1016 to 1023
Calibration values from cell 0 to 1024 for channel 2:

50	-27	53	3	49	-23	13	30	cell = 0 to 7
19	21	48	-34	56	10	56	19	cell = 8 to 15
35	-44	41	-43	45	4	54	-4	cell = 16 to 23
33	-57	20	-2	33	-22	-35	-35	cell = 24 to 31
81	9	55	1	16	-15	48	20	cell = 32 to 39
46	39	33	29	46	-25	36	-27	cell = 40 to 47
45	46	48	4	6	16	78	17	cell = 48 to 55
-15	16	24	-1	-6	-59	3	-9	cell = 56 to 63
65	-12	44	7	29	4	63	-10	cell = 64 to 71
55	-29	37	-1	7	0	82	-35	cell = 72 to 79
20	-27	70	-9	48	2	7	18	cell = 80 to 87
36	22	44	-23	35	-7	33	-12	cell = 88 to 95
28	14	25	-26	23	-21	13	-7	cell = 96 to 103
43	13	43	11	81	10	21	-9	cell = 104 to 111
42	-20	6	-2	42	-2	30	-12	cell = 112 to 119
30	7	29	11	34	9	21	-14	cell = 120 to 127
54	25	19	7	33	-19	33	-15	cell = 128 to 135
58	8	48	13	33	7	23	12	cell = 136 to 143
9	-15	57	23	49	-15	74	-3	cell = 144 to 151
35	-2	28	22	15	12	43	10	cell = 152 to 159
7	-6	35	-14	39	20	48	-3	cell = 160 to 167
36	-26	70	-16	13	-23	51	-27	cell = 168 to 175
39	-5	34	-5	66	4	97	13	cell = 176 to 183
66	-20	49	-41	49	-10	44	-41	cell = 184 to 191
33	10	30	-21	71	19	65	18	cell = 192 to 199
13	3	8	-3	77	-29	24	12	cell = 200 to 207
36	-39	39	-42	25	21	17	-5	cell = 208 to 215
37	-8	54	8	47	-22	53	-28	cell = 216 to 223
32	7	45	-22	88	17	25	-14	cell = 224 to 231
18	9	17	-28	69	-19	72	-11	cell = 232 to 239
40	-25	17	30	37	8	43	-10	cell = 240 to 247
36	-7	54	-3	55	-7	63	-5	cell = 248 to 255
33	-18	4	-14	41	-11	70	-30	cell = 256 to 263
51	13	83	-16	57	2	32	-17	cell = 264 to 271
26	10	16	-17	19	-3	36	9	cell = 272 to 279
31	37	55	-21	24	3	-3	-24	cell = 280 to 287
44	10	31	23	47	-3	33	6	cell = 288 to 295
18	-26	53	2	35	30	28	-16	cell = 296 to 303
48	11	35	16	49	-11	63	-5	cell = 304 to 311
58	-35	7	-12	28	-3	32	-25	cell = 312 to 319
14	9	73	-24	78	-6	55	20	cell = 320 to 327
28	11	58	-20	44	-18	5	2	cell = 328 to 335
52	20	46	-24	72	14	50	8	cell = 336 to 343
78	-27	16	-17	65	-4	11	-21	cell = 344 to 351
28	20	56	-37	60	-32	53	18	cell = 352 to 359
54	5	47	5	61	-16	12	-20	cell = 360 to 367
82	24	58	-26	61	6	63	12	cell = 368 to 375
5	8	24	-12	31	-7	11	17	cell = 376 to 383
54	20	65	22	54	-4	32	2	cell = 384 to 391
72	16	41	0	4	-18	52	9	cell = 392 to 399
63	-30	50	-13	9	-11	85	5	cell = 400 to 407
30	-10	77	1	18	14	35	-26	cell = 408 to 415
18	3	17	19	11	-53	39	8	cell = 416 to 423
55	2	31	-17	79	3	14	11	cell = 424 to 431
37	-43	68	8	75	-13	45	15	cell = 432 to 439
36	4	2	-23	61	-32	59	-15	cell = 440 to 447
71	-20	63	-47	38	2	33	-8	cell = 448 to 455
12	36	93	21	80	-18	61	-25	cell = 456 to 463
35	-5	30	18	58	6	40	40	cell = 464 to 471
55	35	79	-17	40	-28	46	-10	cell = 472 to 479
35	-9	10	7	2	-23	16	6	cell = 480 to 487
41	14	50	-36	42	-21	42	-57	cell = 488 to 495
-12	17	-22	-68	3	-94	-48	-97	cell = 496 to 503
49	2	48	-7	39	-27	26	-25	cell = 504 to 511
-10	5	-41	-6	3	7	-50	0	cell = 512 to 519
4	-27	-12	-10	-45	-27	-61	3	cell = 520 to 527
-9	-16	-52	-28	10	-18	-43	-2	cell = 528 to 535
-12	-9	-34	-9	-18	-34	-12	-31	cell = 536 to 543
-17	11	-54	-19	-3	-16	-20	3	cell = 544 to 551
14	-10	-31	-49	-48	-34	-23	-30	cell = 552 to 559
12	-5	-2	7	4	-3	0	-7	cell = 560 to 567
35	10	-46	-16	-31	-12	5	-17	cell = 568 to 575
2	6	-34	-52	-45	-20	-25	4	cell = 576 to 583
35	-1	-45	15	-12	27	-36	-5	cell = 584 to 591
-11	-5	-19	17	-22	15	-1	5	cell = 592 to 599
-7	-19	-11	-8	-13	-18	-37	6	cell = 600 to 607
-22	-14	13	-23	-26	-58	20	-24	cell = 608 to 615
-8	39	-8	10	-42	-44	14	-28	cell = 616 to 623
-19	-25	-7	-30	21	-42	-39	-43	cell = 624 to 631
-22	2	-19	-26	-10	-26	4	-49	cell = 632 to 639
-28	-28	-17	-8	-42	-29	-35	-12	cell = 640 to 647
-35	7	-2	-9	9	-34	-27	-5	cell = 648 to 655
-23	-10	-16	1	-27	-29	-43	3	cell = 656 to 663
-59	-23	-11	-9	0	-5	-18	-13	cell = 664 to 671
-7	18	-23	-52	-11	0	-30	1	cell = 672 to 679
-23	3	-15	-60	-10	-44	-30	-3	cell = 680 to 687
-23	-2	-1	-8	-21	17	-50	3	cell = 688 to 695
-7	1	-18	25	-15	-44	-2	-10	cell = 696 to 703
-55	10	4	1	-40	-5	-18	-5	cell = 704 to 711
-8	-24	17	-5	-21	-10	-26	22	cell = 712 to 719
-27	-16	-37	-26	-12	-15	-25	-11	cell = 720 to 727
0	8	2	-45	-41	-27	-29	-57	cell = 728 to 735
-34	-2	-28	-30	-28	33	-24	-14	cell = 736 to 743
-14	2	-17	-1	-20	-21	-5	-48	cell = 744 to 751
-25	19	-32	-2	-17	-9	-1	-8	cell = 752 to 759
-33	-9	-33	-3	-5	-27	-16	-33	cell = 760 to 767
-8	-28	-2	-44	-19	-19	-8	-28	cell = 768 to 775
-35	4	-26	-12	5	-42	-25	-21	cell = 776 to 783
-7	-26	-12	-18	-11	-15	-58	-29	cell = 784 to 791
-3	-18	-24	-38	1	-42	-15	8	cell = 792 to 799
-35	-30	-40	-28	-35	-51	28	-24	cell = 800 to 807
-3	-21	0	-18	-12	-22	-7	19	cell = 808 to 815
-13	-29	15	-54	-52	9	4	6	cell = 816 to 823
-29	-41	-42	2	-21	22	-54	14	cell = 824 to 831
-15	-47	-38	0	-15	-5	-56	-25	cell = 832 to 839
-15	20	-33	0	-28	0	-31	1	cell = 840 to 847
-15	-19	-22	-45	-18	-19	25	-29	cell = 848 to 855
-7	-41	-30	2	-44	-12	-25	-5	cell = 856 to 863
-17	9	8	-16	-7	-24	-40	-2	cell = 864 to 871
-44	-47	-10	-10	-23	-14	3	-35	cell = 872 to 879
-23	-51	-4	15	7	2	-4	-24	cell = 880 to 887
0	-21	-33	-22	-15	-20	-33	18	cell = 888 to 895
-61	-41	-22	-15	8	16	-25	-35	cell = 896 to 903
-9	-86	-8	33	-2	50	-9	6	cell = 904 to 911
10	-43	-21	17	-66	21	-35	-12	cell = 912 to 919
-37	-15	-48	-25	-44	-9	-30	-30	cell = 920 to 927
-58	-24	-29	-33	-12	-42	-6	-29	cell = 928 to 935
-38	-21	-18	-5	10	-68	-53	-49	cell = 936 to 943
-47	-63	-41	-43	-43	-50	-40	-6	cell = 944 to 951
-2	-5	-40	-22	-35	-4	-10	-3	cell = 952 to 959
-27	-21	-5	6	-22	13	-11	-24	cell = 960 to 967
10	9	-11	-23	26	-4	-4	0	cell = 968 to 975
3	-31	-39	-50	-22	10	-32	-17	cell = 976 to 983
-29	-35	-9	-4	-62	-70	-62	-32	cell = 984 to 991
-24	-29	-35	-13	-16	-5	6	5	cell = 992 to 999
-6	-33	-48	4	-38	17	-7	-30	cell = 1000 to 1007
-31	-17	-35	-31	-28	-26	-19	-27	cell = 1008 to 1015
15	-8	25	10	-12	-29	-23	-19	cell = 1016 to 1023
Calibration values from cell 0 to 1024 for channel 3:

20	10	67	-13	61	14	59	5	cell = 0 to 7
12	-17	76	-2	39	-35	32	6	cell = 8 to 15
88	17	82	-3	0	14	49	-36	cell = 16 to 23
46	-6	16	-37	17	-46	61	-20	cell = 24 to 31
31	8	59	15	34	-8	52	-7	cell = 32 to 39
47	-11	64	-13	20	-4	76	1	cell = 40 to 47
15	6	29	5	52	-12	49	-6	cell = 48 to 55
38	-24	43	-11	-2	0	40	39	cell = 56 to 63
40	-2	41	-20	61	-59	21	-19	cell = 64 to 71
58	5	66	-21	26	18	50	-29	cell = 72 to 79
72	-20	49	11	107	-23	82	-21	cell = 80 to 87
53	28	49	-3	53	-22	23	20	cell = 88 to 95
30	-37	8	-9	10	-20	-7	-28	cell = 96 to 103
4	15	29	-19	12	-14	42	32	cell = 104 to 111
49	27	47	-30	15	3	51	0	cell = 112 to 119
74	6	61	-22	22	-2	1	-30	cell = 120 to 127
46	-2	28	3	16	3	61	-30	cell = 128 to 135
48	-41	-8	-11	3	-20	70	-5	cell = 136 to 143
51	51	76	-27	54	-13	47	6	cell = 144 to 151
76	21	40	-4	48	-39	42	-30	cell = 152 to 159
79	2	48	-53	50	19	40	5	cell = 160 to 167
35	29	18	-8	88	-29	53	21	cell = 168 to 175
59	20	29	-26	12	32	61	-31	cell = 176 to 183
48	-36	12	-18	51	-27	33	19	cell = 184 to 191
51	15	44	19	6	-7	56	-12	cell = 192 to 199
41	10	49	18	48	-9	89	-27	cell = 200 to 207
46	-29	43	-52	37	-22	83	-31	cell = 208 to 215
32	-20	52	-18	32	-13	36	-8	cell = 216 to 223
27	-9	34	-43	102	0	83	-6	cell = 224 to 231
86	7	39	-19	52	-2	56	17	cell = 232 to 239
12	-3	74	3	42	-15	32	14	cell = 240 to 247
41	15	4	19	32	-17	76	-40	cell = 248 to 255
42	-22	43	7	18	2	63	20	cell = 256 to 263
10	-2	49	11	44	-6	27	-30	cell = 264 to 271
45	-19	40	-22	91	23	84	-33	cell = 272 to 279
37	-32	24	-41	40	-50	26	-39	cell = 280 to 287
49	-15	65	-12	37	0	37	-27	cell = 288 to 295
41	20	64	2	18	54	53	29	cell = 296 to 303
43	6	0	-17	78	16	36	-20	cell = 304 to 311
60	-27	28	7	68	20	46	-4	cell = 312 to 319
50	-27	43	-20	35	-15	54	9	cell = 320 to 327
25	32	48	8	65	-2	17	-14	cell = 328 to 335
55	16	32	-22	60	12	79	3	cell = 336 to 343
62	-28	44	5	79	-16	61	-26	cell = 344 to 351
29	26	64	-1	75	20	48	3	cell = 352 to 359
39	-31	29	-30	1	-3	97	48	cell = 360 to 367
86	-40	54	9	51	-34	42	-19	cell = 368 to 375
37	-18	38	-14	27	12	39	-18	cell = 376 to 383
27	-14	42	-21	70	-12	45	-20	cell = 384 to 391
47	10	68	-4	41	40	27	10	cell = 392 to 399
19	13	16	-8	43	-7	50	-48	cell = 400 to 407
33	-43	20	-64	18	18	35	0	cell = 408 to 415
23	-23	60	-13	26	-21	32	-22	cell = 416 to 423
26	2	54	49	45	9	51	34	cell = 424 to 431
26	-22	44	-9	31	-23	42	-9	cell = 432 to 439
31	-7	81	-25	56	2	39	-48	cell = 440 to 447
18	-13	55	12	11	-7	50	-7	cell = 448 to 455
22	-2	63	-2	21	-43	6	-32	cell = 456 to 463
29	3	60	43	56	14	79	-31	cell = 464 to 471
52	-35	16	-15	72	-44	51	1	cell = 472 to 479
40	53	33	-30	27	16	41	-22	cell = 480 to 487
0	22	9	-40	37	-35	41	-19	cell = 488 to 495
46	1	-31	-51	-32	-107	-20	-87	cell = 496 to 503
33	23	61	-35	72	-17	55	-39	cell = 504 to 511
-17	-14	-43	-59	-5	14	-32	-11	cell = 512 to 519
-5	-43	-23	-17	-26	-18	33	-21	cell = 520 to 527
-29	-18	5	-41	-1	6	3	-30	cell = 528 to 535
-65	-6	-26	-11	-21	-10	-7	-20	cell = 536 to 543
-40	-33	-36	0	-16	-24	3	-20	cell = 544 to 551
-12	-86	-29	3	-43	2	-59	-36	cell = 552 to 559
-3	-18	-25	4	-32	-21	-9	0	cell = 560 to 567
-29	-48	-57	8	-10	-29	-24	-13	cell = 568 to 575
-24	35	-39	-12	-13	-23	7	-24	cell = 576 to 583
-14	-8	-17	-13	-41	1	-34	-25	cell = 584 to 591
-35	6	3	3	-23	-10	-22	-14	cell = 592 to 599
1	16	-19	-11	-24	-53	2	-14	cell = 600 to 607
-15	-14	5	-29	-9	-39	-44	-19	cell = 608 to 615
-22	-42	-23	-11	-44	-14	-39	-33	cell = 616 to 623
-11	-25	-36	-31	-31	-10	-12	-42	cell = 624 to 631
32	-9	-5	-2	-55	-18	-28	-17	cell = 632 to 639
-23	10	-44	-27	55	-33	-17	-39	cell = 640 to 647
-22	-16	17	-14	6	-21	0	13	cell = 648 to 655
-65	9	0	-13	18	30	-19	-2	cell = 656 to 663
-60	-40	-5	-5	-11	-24	-30	9	cell = 664 to 671
-27	-1	-38	-34	13	-41	5	8	cell = 672 to 679
-7	-5	25	-8	-10	-23	14	-4	cell = 680 to 687
10	-14	-12	-16	-2	-35	-23	-9	cell = 688 to 695
-30	-23	-28	-20	-38	-11	-20	-61	cell = 696 to 703
-56	-3	-38	-14	-14	-28	-24	36	cell = 704 to 711
-27	-28	-23	-22	-44	-8	-6	-21	cell = 712 to 719
10	17	-7	-7	3	10	-37	-2	cell = 720 to 727
-13	-12	-20	14	-25	39	-6	31	cell = 728 to 735
-12	-56	-1	18	38	-34	-12	-52	cell = 736 to 743
18	-16	29	-15	-49	8	-47	5	cell = 744 to 751
-28	0	-37	-28	13	-2	-38	-9	cell = 752 to 759
-15	-50	-24	-9	-7	4	-36	-14	cell = 760 to 767
-18	-1	-18	6	-11	8	-39	4	cell = 768 to 775
-27	24	-11	10	0	21	17	1	cell = 776 to 783
-47	-21	2	2	5	13	-36	-24	cell = 784 to 791
-13	-7	-7	-24	-25	-35	-7	-72	cell = 792 to 799
5	-13	14	11	-24	12	-7	15	cell = 800 to 807
-36	-18	-18	-13	-2	-65	-26	-5	cell = 808 to 815
-11	-12	-22	-33	19	-8	4	0	cell = 816 to 823
-10	31	-37	-30	-28	-37	6	-13	cell = 824 to 831
11	-2	-28	-6	-20	15	-5	-26	cell = 832 to 839
-23	-35	-27	30	-60	-2	-18	15	cell = 840 to 847
5	-8	-17	-42	-18	-58	4	-4	cell = 848 to 855
0	-54	-24	-28	-29	-43	-8	-19	cell = 856 to 863
-34	-3	-12	2	-6	-53	-37	-23	cell = 864 to 871
-29	-16	-15	15	-20	-14	-32	-29	cell = 872 to 879
-12	-44	17	-4	5	-57	0	16	cell = 880 to 887
-18	-11	-36	-51	-27	-22	7	-32	cell = 888 to 895
-76	-34	-27	-54	-44	-3	-28	-17	cell = 896 to 903
-67	-23	-3	1	-65	4	-40	-40	cell = 904 to 911
-11	15	-45	-30	-4	-29	-53	-24	cell = 912 to 919
-33	-29	-15	-29	21	-34	10	-5	cell = 920 to 927
-35	-35	-42	-32	26	3	-21	1	cell = 928 to 935
-68	-6	-29	-11	5	12	-27	-34	cell = 936 to 943
-35	-12	3	-7	1	-35	-24	-30	cell = 944 to 951
-47	-3	-19	-19	-4	-17	-31	7	cell = 952 to 959
-63	-23	-37	6	-2	-38	-36	-23	cell = 960 to 967
-15	-46	-31	-46	-53	30	-76	6	cell = 968 to 975
-27	-34	-63	12	-33	-1	-30	5	cell = 976 to 983
-37	-2	-32	-29	0	-27	-43	-4	cell = 984 to 991
-2	-24	-32	4	-36	-22	-39	7	cell = 992 to 999
-40	-47	-51	-2	-20	-37	-58	-12	cell = 1000 to 1007
0	17	-15	-15	-30	-39	-23	-27	cell = 1008 to 1015
-28	-17	-71	25	-19	16	-32	-12	cell = 1016 to 1023
Calibration values from cell 0 to 1024 for channel 4:

58	-7	80	-44	41	-25	37	-3	cell = 0 to 7
2	-50	17	10	43	24	46	-35	cell = 8 to 15
67	11	73	-30	16	31	46	-6	cell = 16 to 23
-8	-31	62	-19	61	14	30	-6	cell = 24 to 31
30	-12	67	-12	44	-36	91	-3	cell = 32 to 39
29	8	18	-45	22	-2	63	-26	cell = 40 to 47
50	48	74	-22	11	-20	34	43	cell = 48 to 55
50	2	22	7	1	-9	-3	-22	cell = 56 to 63
54	8	49	12	53	7	49	27	cell = 64 to 71
31	23	36	2	63	17	24	-39	cell = 72 to 79
22	-4	49	2	45	-24	16	-10	cell = 80 to 87
29	-17	41	-1	16	-10	39	4	cell = 88 to 95
55	-7	51	-12	30	2	33	-23	cell = 96 to 103
73	37	31	16	56	-29	59	-2	cell = 104 to 111
61	-28	75	10	22	15	11	-15	cell = 112 to 119
57	28	22	19	54	4	42	-27	cell = 120 to 127
-1	17	57	-36	-2	-21	34	14	cell = 128 to 135
75	4	56	-14	45	37	55	-5	cell = 136 to 143
52	10	62	46	72	-15	16	10	cell = 144 to 151
37	-14	74	-28	30	7	40	39	cell = 152 to 159
11	13	57	-36	51	-19	21	-11	cell = 160 to 167
50	15	30	7	56	-2	31	-11	cell = 168 to 175
45	-20	47	9	34	-25	21	1	cell = 176 to 183
70	-21	59	-48	50	-41	19	-40	cell = 184 to 191
81	14	33	-9	59	2	47	-17	cell = 192 to 199
81	17	14	-33	17	15	13	-18	cell = 200 to 207
29	28	72	12	37	19	36	9	cell = 208 to 215
30	-13	38	19	32	-8	37	-58	cell = 216 to 223
39	-6	50	-44	-5	21	59	14	cell = 224 to 231
-5	-15	35	-17	22	24	68	7	cell = 232 to 239
58	-52	15	2	27	38	68	-22	cell = 240 to 247
73	-1	0	-31	9	7	40	-22	cell = 248 to 255
52	14	55	-13	17	25	40	-22	cell = 256 to 263
31	4	39	10	47	-11	66	42	cell = 264 to 271
16	-20	29	-19	61	-9	51	14	cell = 272 to 279
-17	-7	3	-24	80	-22	10	-35	cell = 280 to 287
71	16	42	17	5	14	66	21	cell = 288 to 295
27	0	54	-12	57	-7	69	1	cell = 296 to 303
32	-11	23	-12	44	-30	26	17	cell = 304 to 311
40	18	39	2	7	-38	31	-34	cell = 312 to 319
63	16	35	-10	13	-9	30	13	cell = 320 to 327
33	-37	32	38	19	-16	66	36	cell = 328 to 335
32	41	34	-53	29	41	29	-1	cell = 336 to 343
69	-1	13	-3	53	18	33	-26	cell = 344 to 351
52	-16	28	-28	13	7	34	10	cell = 352 to 359
22	6	25	6	52	-8	35	43	cell = 360 to 367
45	-20	30	-48	45	-3	50	5	cell = 368 to 375
47	23	19	-10	73	-18	40	-2	cell = 376 to 383
43	30	53	-20	51	3	39	-6	cell = 384 to 391
48	13	46	4	27	21	81	8	cell = 392 to 399
73	1	50	-16	51	-30	48	-43	cell = 400 to 407
62	-2	59	-42	24	19	3	-10	cell = 408 to 415
55	-24	49	13	73	3	25	-27	cell = 416 to 423
48	-11	30	35	21	-33	45	15	cell = 424 to 431
26	5	46	-2	16	-30	34	18	cell = 432 to 439
6	-4	53	-9	29	-16	50	-7	cell = 440 to 447
59	-37	20	-4	62	-48	75	-5	cell = 448 to 455
9	-33	10	-9	38	6	34	-13	cell = 456 to 463
63	-24	47	2	65	20	14	6	cell = 464 to 471
28	31	46	-24	67	-5	39	24	cell = 472 to 479
63	37	43	-53	19	-17	22	-11	cell = 480 to 487
55	0	64	7	33	20	34	-20	cell = 488 to 495
45	2	-4	-65	-13	-43	-24	-50	cell = 496 to 503
57	4	7	-32	44	-46	5	-28	cell = 504 to 511
-20	-34	-41	12	-59	23	-59	-25	cell = 512 to 519
14	-21	-41	4	-18	16	10	-9	cell = 520 to 527
-33	-34	-40	1	-52	6	-3	-19	cell = 528 to 535
-20	-4	-53	-42	13	-20	-12	-25	cell = 536 to 543
-47	-30	3	-19	-24	-37	-33	-54	cell = 544 to 551
-3	-17	-37	33	-34	-39	-41	4	cell = 552 to 559
10	4	-10	-7	0	11	-72	-22	cell = 560 to 567
-25	-14	9	-20	9	-31	11	-6	cell = 568 to 575
0	-15	-13	-3	-4	-8	-41	-2	cell = 576 to 583
13	-28	-39	3	0	-3	-19	-28	cell = 584 to 591
-34	4	37	-29	-9	-32	30	-13	cell = 592 to 599
-28	-15	-56	40	15	9	-66	1	cell = 600 to 607
-31	-16	-26	1	-11	-34	-20	-1	cell = 608 to 615
3	-24	37	-16	-7	-4	-15	-13	cell = 616 to 623
-11	-11	-28	-25	-33	-40	5	-43	cell = 624 to 631
6	-34	5	-1	-48	0	-36	-7	cell = 632 to 639
-7	-42	4	16	-24	9	-14	-47	cell = 640 to 647
1	-50	15	-2	-36	-25	-43	-14	cell = 648 to 655
-3	-16	-8	4	14	-3	-31	8	cell = 656 to 663
4	-6	-59	-16	-14	-28	-16	-21	cell = 664 to 671
8	-50	-31	-6	-7	-6	-21	-9	cell = 672 to 679
1	-25	4	-17	-17	-41	-12	-3	cell = 680 to 687
-9	9	2	41	2	-28	6	12	cell = 688 to 695
-9	3	-3	-12	-60	-32	0	-3	cell = 696 to 703
-22	-41	-14	9	9	-49	-25	-27	cell = 704 to 711
-32	-54	-18	-11	1	-17	-32	-10	cell = 712 to 719
-17	4	-15	-20	8	-16	-42	-9	cell = 720 to 727
-11	13	-46	13	-46	-6	-44	-22	cell = 728 to 735
-33	-4	-43	-7	-20	-14	-5	17	cell = 736 to 743
-7	-19	-3	-26	-53	-26	-50	-5	cell = 744 to 751
6	-20	-1	-25	-25	-3	-49	8	cell = 752 to 759
-17	-60	-26	-12	-24	-7	-49	26	cell = 760 to 767
-33	-20	-33	7	-34	-34	-13	-29	cell = 768 to 775
0	16	-22	16	-46	-24	-28	-30	cell = 776 to 783
-37	22	-32	-34	-33	31	-23	-25	cell = 784 to 791
-40	-9	-47	23	-42	17	-30	31	cell = 792 to 799
-44	-47	12	-26	-13	-5	-28	-16	cell = 800 to 807
-9	-33	-30	0	-40	-2	-31	-29	cell = 808 to 815
-36	-8	-4	-20	-20	-31	-26	11	cell = 816 to 823
-16	-59	-42	5	0	0	-30	-52	cell = 824 to 831
5	-68	-6	42	-8	11	-38	-6	cell = 832 to 839
-30	14	-28	11	5	-4	-43	-16	cell = 840 to 847
-13	-26	-14	-29	-15	-28	26	14	cell = 848 to 855
-38	17	-5	-23	-22	-17	-28	-5	cell = 856 to 863
-52	-56	-9	-37	-41	-30	-18	19	cell = 864 to 871
40	-11	-27	-29	1	-8	-62	3	cell = 872 to 879
-44	9	-38	-44	2	7	-40	-22	cell = 880 to 887
-35	-20	-15	-25	-14	-67	-33	-22	cell = 888 to 895
-34	1	3	-47	-46	-55	-60	-2	cell = 896 to 903
-16	-17	-22	-26	-27	-6	-36	4	cell = 904 to 911
-24	14	-11	-89	-15	-40	-2	-27	cell = 912 to 919
-32	-52	-12	-10	-4	3	-3	4	cell = 920 to 927
-67	-17	-29	22	-47	-33	-63	-64	cell = 928 to 935
-1	-32	-13	3	1	-24	-42	-26	cell = 936 to 943
-12	-8	-32	17	-32	-36	-21	-20	cell = 944 to 951
-18	-14	-42	25	3	-27	-71	-35	cell = 952 to 959
-73	-27	-14	-28	-31	-11	-48	19	cell = 960 to 967
0	-4	-12	7	-13	-47	-27	-9	cell = 968 to 975
0	22	-33	1	-6	-3	-34	-26	cell = 976 to 983
-46	-18	-20	1	-41	-32	-58	-30	cell = 984 to 991
-20	-10	-9	2	5	-40	-11	-4	cell = 992 to 999
-12	-41	-47	2	-18	3	18	30	cell = 1000 to 1007
5	9	-12	0	2	-25	-40	-31	cell = 1008 to 1015
-9	10	-68	-23	-52	-25	-34	-22	cell = 1016 to 1023
Calibration values from cell 0 to 1024 for channel 5:

20	15	43	-28	17	47	54	-12	cell = 0 to 7
99	-32	47	-17	48	4	26	-27	cell = 8 to 15
64	18	25	-29	74	23	23	10	cell = 16 to 23
69	-6	46	-19	2	-39	-9	-18	cell = 24 to 31
41	15	11	-61	36	2	32	16	cell = 32 to 39
15	-15	64	-27	50	7	63	-4	cell = 40 to 47
27	21	49	-9	46	-25	65	-27	cell = 48 to 55
0	-9	60	-21	-13	4	53	5	cell = 56 to 63
7	17	47	-8	30	5	59	-10	cell = 64 to 71
41	-11	48	5	72	-20	24	-38	cell = 72 to 79
46	-30	30	9	63	-2	64	-3	cell = 80 to 87
55	-2	67	21	29	-8	81	13	cell = 88 to 95
22	3	30	-64	14	24	36	-19	cell = 96 to 103
83	31	51	5	43	-30	90	-19	cell = 104 to 111
51	-7	38	-55	49	-27	75	-3	cell = 112 to 119
16	-40	56	-6	28	-32	-5	-5	cell = 120 to 127
78	3	42	5	37	-1	89	37	cell = 128 to 135
-3	10	35	0	20	-3	9	-13	cell = 136 to 143
104	-17	49	-31	16	-1	45	2	cell = 144 to 151
36	11	51	-32	46	-8	43	5	cell = 152 to 159
17	14	15	-2	34	16	29	4	cell = 160 to 167
59	1	23	3	18	11	8	7	cell = 168 to 175
23	-66	60	4	45	-14	29	47	cell = 176 to 183
25	2	42	10	12	-4	46	-14	cell = 184 to 191
51	-10	12	-12	30	-23	36	-39	cell = 192 to 199
64	-34	47	18	70	6	30	-35	cell = 200 to 207
30	17	20	29	54	21	41	-13	cell = 208 to 215
36	-5	44	-18	32	33	67	-11	cell = 216 to 223
35	-2	29	15	55	0	54	33	cell = 224 to 231
38	-11	33	13	98	2	54	-11	cell = 232 to 239
33	-17	47	-22	37	11	0	-24	cell = 240 to 247
24	-37	69	-8	67	-44	44	18	cell = 248 to 255
23	27	84	20	14	4	29	1	cell = 256 to 263
31	-16	76	-18	39	36	17	3	cell = 264 to 271
2	26	68	4	28	-31	48	-10	cell = 272 to 279
20	24	65	11	75	0	55	-18	cell = 280 to 287
40	-6	-9	-41	10	-37	43	-24	cell = 288 to 295
68	14	49	14	-16	19	32	-3	cell = 296 to 303
-6	-8	105	-5	20	-47	68	-69	cell = 304 to 311
35	-15	29	20	18	6	45	-12	cell = 312 to 319
3	-50	26	10	59	-7	10	1	cell = 320 to 327
64	-14	36	4	52	-2	24	-7	cell = 328 to 335
25	1	53	-27	5	-46	59	15	cell = 336 to 343
24	9	63	-16	39	-43	14	-4	cell = 344 to 351
25	-18	27	0	26	4	43	37	cell = 352 to 359
28	8	46	-1	47	-4	33	-22	cell = 360 to 367
35	1	32	19	48	3	63	-15	cell = 368 to 375
92	17	30	-8	32	-14	55	0	cell = 376 to 383
32	28	51	-10	24	-5	22	-22	cell = 384 to 391
19	-59	34	-19	31	14	37	-2	cell = 392 to 399
41	5	27	-9	17	-14	45	13	cell = 400 to 407
77	-24	21	-4	46	15	33	-7	cell = 408 to 415
62	-15	38	5	24	4	7	-11	cell = 416 to 423
25	-40	5	1	29	6	55	8	cell = 424 to 431
26	-24	40	13	33	-16	64	9	cell = 432 to 439
-2	12	45	-3	65	18	-4	0	cell = 440 to 447
32	-4	48	-53	33	-11	71	29	cell = 448 to 455
59	-3	43	-14	55	-23	36	2	cell = 456 to 463
30	5	76	-48	53	39	49	-8	cell = 464 to 471
28	50	52	-8	10	-22	59	-39	cell = 472 to 479
71	4	46	8	15	19	67	15	cell = 480 to 487
44	8	36	19	24	-3	9	-50	cell = 488 to 495
73	-27	-53	-48	-2	-78	3	-88	cell = 496 to 503
55	-33	1	-4	50	-20	23	-56	cell = 504 to 511
-11	-42	-58	23	-18	-33	28	-14	cell = 512 to 519
0	-31	7	16	-34	13	-39	-20	cell = 520 to 527
-2	-1	-37	4	-18	-34	-25	-7	cell = 528 to 535
-17	-43	-62	-14	-13	-10	-26	16	cell = 536 to 543
-44	-8	-18	-17	-34	-29	-45	4	cell = 544 to 551
-49	-5	-6	-1	-38	-4	-6	-16	cell = 552 to 559
-5	31	-35	-35	-33	-34	-12	-22	cell = 560 to 567
54	16	-41	-37	-36	-11	-42	-25	cell = 568 to 575
-48	-34	-17	-59	-24	0	-26	-25	cell = 576 to 583
-4	-32	-43	-19	-12	0	-49	11	cell = 584 to 591
-30	-17	-40	-22	-3	8	-60	-9	cell = 592 to 599
17	-13	-29	-12	-21	-45	-30	-33	cell = 600 to 607
-32	-20	0	32	3	-2	0	-9	cell = 608 to 615
-13	-39	-15	-8	-12	-53	34	-10	cell = 616 to 623
-15	-3	2	16	10	31	-11	-30	cell = 624 to 631
-32	17	-46	-30	-40	22	-54	-23	cell = 632 to 639
-19	-5	-77	12	-31	5	-31	32	cell = 640 to 647
-15	-29	-37	25	13	13	-28	-33	cell = 648 to 655
-6	-40	-62	-21	23	-23	16	46	cell = 656 to 663
11	-15	5	-40	15	1	-14	-7	cell = 664 to 671
-28	-58	-2	-1	-13	-16	-15	-21	cell = 672 to 679
-31	0	-51	-24	-10	-10	-36	-35	cell = 680 to 687
-22	1	-1	-29	-23	-21	-28	-4	cell = 688 to 695
-45	-22	-7	-11	13	-49	-61	-33	cell = 696 to 703
-36	-4	16	-11	-44	4	-7	-20	cell = 704 to 711
-15	-22	63	22	-12	-11	-3	-7	cell = 712 to 719
-26	-3	-27	-15	-35	2	-39	14	cell = 720 to 727
17	-6	-32	23	6	11	-56	-28	cell = 728 to 735
-58	6	25	-23	-35	-14	-18	19	cell = 736 to 743
-17	23	-56	-15	-20	-15	-37	-16	cell = 744 to 751
-37	-13	-13	-45	-4	-12	-14	-27	cell = 752 to 759
-35	-32	4	-39	12	0	-63	-26	cell = 760 to 767
-42	-30	-4	25	6	5	-16	0	cell = 768 to 775
-13	-30	-23	2	-36	-10	10	-17	cell = 776 to 783
-17	-29	14	14	-3	12	39	20	cell = 784 to 791
-6	4	-24	-44	8	0	-36	-4	cell = 792 to 799
12	-35	-64	11	29	-28	-25	-5	cell = 800 to 807
-30	-10	-19	-23	-33	42	-11	-25	cell = 808 to 815
-23	-38	-10	-15	-55	1	-19	15	cell = 816 to 823
8	-28	-25	20	-14	-12	-28	-4	cell = 824 to 831
-9	-31	-27	-7	-30	-33	-39	-39	cell = 832 to 839
-36	-23	21	-7	-15	-14	-48	-59	cell = 840 to 847
10	-22	0	-21	-14	2	-5	-11	cell = 848 to 855
-14	-18	-9	-63	-4	-41	-41	7	cell = 856 to 863
-17	-57	-27	-34	-40	-5	-13	-13	cell = 864 to 871
-16	-7	0	-4	-13	20	-13	3	cell = 872 to 879
-19	-17	-23	0	-19	-10	-3	-8	cell = 880 to 887
-11	-10	-43	-8	-31	19	-8	-33	cell = 888 to 895
-31	9	-1	-4	-19	-67	-4	-28	cell = 896 to 903
-54	-17	-20	22	11	16	-19	3	cell = 904 to 911
1	9	-6	-18	-15	16	-51	22	cell = 912 to 919
4	-30	-58	-16	-13	0	-51	-39	cell = 920 to 927
-28	-22	-24	-20	12	-69	-35	-11	cell = 928 to 935
-23	-45	-4	-19	-22	7	-6	-3	cell = 936 to 943
-5	-18	-8	-41	-53	-48	-15	-11	cell = 944 to 951
-36	8	-24	-18	-34	-34	-42	-15	cell = 952 to 959
-11	-29	-74	16	20	-26	-20	-32	cell = 960 to 967
-14	-15	-38	53	-42	-43	-20	-33	cell = 968 to 975
-56	-5	-48	1	-37	-43	-5	-14	cell = 976 to 983
-32	-9	-31	-18	-48	16	-32	-34	cell = 984 to 991
-48	-15	-58	14	-14	-18	-49	4	cell = 992 to 999
-32	-36	-21	6	21	-16	1	16	cell = 1000 to 1007
-26	-43	-25	0	-34	-12	-7	-6	cell = 1008 to 1015
-45	-10	-39	-8	-36	-33	13	-20	cell = 1016 to 1023
Calibration values from cell 0 to 1024 for channel 6:

42	-18	50	-47	46	14	87	-19	cell = 0 to 7
55	-33	78	29	29	15	48	-31	cell = 8 to 15
25	-14	45	0	43	-35	14	-45	cell = 16 to 23
78	0	30	-12	30	-43	41	-30	cell = 24 to 31
29	-9	35	32	23	-17	33	2	cell = 32 to 39
13	8	64	-31	11	20	11	-14	cell = 40 to 47
22	4	56	-14	31	-7	67	-11	cell = 48 to 55
25	2	41	-25	25	-41	58	6	cell = 56 to 63
54	10	100	6	31	7	41	11	cell = 64 to 71
38	18	47	-19	26	-26	79	-41	cell = 72 to 79
46	-30	60	-40	54	7	31	14	cell = 80 to 87
22	-24	44	-44	32	-10	25	-58	cell = 88 to 95
27	13	38	-35	39	-2	46	13	cell = 96 to 103
6	7	38	-31	53	7	65	-12	cell = 104 to 111
54	2	22	-15	28	-14	27	7	cell = 112 to 119
54	1	19	8	72	-14	93	-16	cell = 120 to 127
26	6	52	-39	33	18	22	-30	cell = 128 to 135
25	-16	66	-13	41	-22	50	-43	cell = 136 to 143
17	9	42	-19	37	15	71	2	cell = 144 to 151
18	12	48	-30	31	-42	66	-24	cell = 152 to 159
72	-34	26	31	65	20	24	-6	cell = 160 to 167
52	17	18	-33	39	12	55	9	cell = 168 to 175
28	15	26	-4	41	-17	4	20	cell = 176 to 183
26	10	54	-30	52	-21	21	18	cell = 184 to 191
73	-10	-5	-25	31	28	21	-8	cell = 192 to 199
34	1	24	-2	45	7	60	-42	cell = 200 to 207
34	-31	37	-19	46	38	39	10	cell = 208 to 215
49	6	38	2	32	16	50	-31	cell = 216 to 223
20	-27	39	9	31	-13	28	20	cell = 224 to 231
46	28	30	16	45	8	33	30	cell = 232 to 239
15	6	62	19	23	11	50	10	cell = 240 to 247
21	2	20	15	71	-8	18	-21	cell = 248 to 255
7	28	29	8	27	-22	60	0	cell = 256 to 263
70	-34	16	24	21	-57	65	-36	cell = 264 to 271
70	-9	20	-23	59	-29	59	-20	cell = 272 to 279
4	-27	48	3	24	14	67	-5	cell = 280 to 287
82	-19	56	-39	8	-43	128	-48	cell = 288 to 295
46	-13	56	-5	61	-13	55	7	cell = 296 to 303
45	-16	44	5	45	24	58	-20	cell = 304 to 311
13	3	0	15	56	24	27	15	cell = 312 to 319
1	3	40	2	49	-25	47	7	cell = 320 to 327
33	17	44	10	38	19	61	-8	cell = 328 to 335
13	37	36	2	60	-10	49	-11	cell = 336 to 343
67	7	71	-11	45	46	15	9	cell = 344 to 351
39	-17	61	20	48	37	30	3	cell = 352 to 359
26	1	57	-37	70	-7	48	-25	cell = 360 to 367
24	36	41	-34	47	-35	55	-35	cell = 368 to 375
36	10	3	-52	88	47	38	27	cell = 376 to 383
10	3	76	14	57	23	39	32	cell = 384 to 391
99	-26	62	-12	71	25	85	-13	cell = 392 to 399
72	-15	29	-28	29	11	96	-11	cell = 400 to 407
60	-23	23	8	18	-16	47	-11	cell = 408 to 415
23	18	19	-10	-14	36	69	-30	cell = 416 to 423
21	-23	20	3	10	-13	65	-29	cell = 424 to 431
47	22	72	23	44	4	21	-24	cell = 432 to 439
49	3	74	13	67	-9	75	1	cell = 440 to 447
15	-18	43	-20	45	3	51	37	cell = 448 to 455
44	-10	39	-20	52	-22	72	-30	cell = 456 to 463
0	0	28	-10	41	-2	53	23	cell = 464 to 471
12	-38	28	17	59	-21	35	-13	cell = 472 to 479
35	-8	60	15	27	-17	27	-10	cell = 480 to 487
39	-36	49	7	24	21	46	-7	cell = 488 to 495
19	11	-17	-74	-19	-83	-14	-94	cell = 496 to 503
57	9	25	1	35	30	84	-13	cell = 504 to 511
-18	-9	-15	-13	-7	-18	-19	-41	cell = 512 to 519
-27	5	-27	-1	-9	-29	-34	8	cell = 520 to 527
-34	-18	-34	3	7	-9	1	-12	cell = 528 to 535
-19	15	-26	-3	-28	27	7	-2	cell = 536 to 543
-13	-19	-14	-31	-23	-27	-50	-10	cell = 544 to 551
-48	-6	-5	-16	-34	-19	-35	-18	cell = 552 to 559
3	-14	-16	13	-10	-16	-13	21	cell = 560 to 567
-58	-35	3	-43	-48	-50	-15	-25	cell = 568 to 575
-32	-48	-33	-44	-32	-35	-29	2	cell = 576 to 583
-44	-36	-22	6	-28	-30	-39	-11	cell = 584 to 591
-15	-12	-40	-25	2	2	-25	-21	cell = 592 to 599
-40	-21	-44	-4	-40	-13	-16	-31	cell = 600 to 607
-2	-49	-34	6	10	-16	-44	-85	cell = 608 to 615
-24	-67	-10	-6	-17	-3	-2	4	cell = 616 to 623
-21	15	-8	32	-29	-10	36	-35	cell = 624 to 631
-16	-49	-6	-51	-37	-1	-11	-39	cell = 632 to 639
-34	-34	-23	10	-31	-34	-8	-13	cell = 640 to 647
-25	-5	27	-48	-4	-18	4	-22	cell = 648 to 655
7	26	0	-6	-30	-20	-24	9	cell = 656 to 663
-7	-11	-41	-16	-26	-14	21	-42	cell = 664 to 671
-7	3	24	-35	-12	-20	-2	10	cell = 672 to 679
5	-38	9	-31	5	18	-38	3	cell = 680 to 687
-20	-26	-28	-8	-4	3	13	-52	cell = 688 to 695
-20	-2	-63	-24	-16	16	-37	-9	cell = 696 to 703
-52	22	-41	-16	-57	-32	-17	-18	cell = 704 to 711
-4	-19	-22	-23	-23	-10	-48	-5	cell = 712 to 719
8	-24	-62	-49	-7	-30	-24	-10	cell = 720 to 727
-44	-24	-30	-44	-27	-29	-17	-45	cell = 728 to 735
2	-33	-10	-30	-53	4	0	-2	cell = 736 to 743
10	-14	-11	-7	-44	12	-18	17	cell = 744 to 751
-36	-12	-24	-26	18	28	-5	-22	cell = 752 to 759
-15	19	-65	-21	-32	-12	-36	-35	cell = 760 to 767
-20	-35	-20	-23	-37	-7	-12	2	cell = 768 to 775
-16	8	-29	9	-10	-4	-5	-30	cell = 776 to 783
6	-16	-24	23	-43	-60	-32	1	cell = 784 to 791
-5	8	-11	-27	0	-25	-13	-49	cell = 792 to 799
-24	-43	15	21	-13	-24	-10	-19	cell = 800 to 807
-43	-14	-26	-6	7	13	-19	-18	cell = 808 to 815
-39	-15	-17	12	-11	-11	-40	-22	cell = 816 to 823
-5	-20	-54	-60	-28	-34	-11	-17	cell = 824 to 831
-67	-20	-47	-29	12	-11	-18	-14	cell = 832 to 839
-25	16	-2	-29	-37	7	6	-11	cell = 840 to 847
-14	-11	-3	-2	-41	0	-16	27	cell = 848 to 855
-3	-3	-18	-1	-45	-19	-9	-6	cell = 856 to 863
-5	-11	-39	-37	-20	-12	-16	-31	cell = 864 to 871
-36	-20	-29	-5	27	15	-18	-24	cell = 872 to 879
-15	-16	-65	2	-19	-8	-18	29	cell = 880 to 887
-19	-10	-7	-6	14	-13	-10	-31	cell = 888 to 895
4	-30	-53	-38	-12	-19	-41	11	cell = 896 to 903
-56	2	5	-27	16	-28	-56	-32	cell = 904 to 911
-6	31	-42	-32	-39	-43	-50	43	cell = 912 to 919
-15	-19	-29	11	-3	-6	-65	-42	cell = 920 to 927
-16	-25	-1	17	-7	-43	-24	-14	cell = 928 to 935
-81	-6	-31	-30	-23	-21	-14	16	cell = 936 to 943
-39	-53	-14	-24	-3	-49	-22	-31	cell = 944 to 951
33	-12	-8	20	-59	-48	-13	-6	cell = 952 to 959
-9	5	-32	-20	-4	-11	7	-7	cell = 960 to 967
-6	-26	-68	-15	-16	1	-40	-7	cell = 968 to 975
-23	-42	-9	9	-10	-20	-14	-6	cell = 976 to 983
-16	-15	-54	7	-3	-29	-61	-22	cell = 984 to 991
-33	-6	-66	-19	-13	0	-34	7	cell = 992 to 999
-49	-18	-1	-4	-12	25	3	-21	cell = 1000 to 1007
-30	-26	9	-27	-7	9	-17	-13	cell = 1008 to 1015
-43	-26	-33	18	-8	-43	-49	-3	cell = 1016 to 1023
Calibration values from cell 0 to 1024 for channel 7:

39	-35	30	-35	43	-38	38	-42	cell = 0 to 7
43	15	13	-28	16	-13	54	-3	cell = 8 to 15
60	-9	34	-29	24	-24	65	-19	cell = 16 to 23
27	-27	0	-1	36	-30	5	-49	cell = 24 to 31
28	-10	91	10	75	1	74	11	cell = 32 to 39
34	-14	55	1	59	-14	47	18	cell = 40 to 47
20	16	47	-64	47	-31	6	10	cell = 48 to 55
36	-27	21	-8	47	-4	30	4	cell = 56 to 63
40	-44	80	-12	31	-16	12	-19	cell = 64 to 71
43	24	62	38	42	-9	42	-27	cell = 72 to 79
66	17	59	-3	11	-25	59	-31	cell = 80 to 87
21	4	35	-25	7	8	55	-29	cell = 88 to 95
71	-11	61	-10	-12	-20	52	28	cell = 96 to 103
38	22	35	-24	49	17	52	-13	cell = 104 to 111
41	4	18	-24	69	1	35	39	cell = 112 to 119
84	-21	35	-36	35	-18	16	-7	cell = 120 to 127
-14	-18	51	-24	32	0	43	-10	cell = 128 to 135
48	34	23	-14	35	-31	54	21	cell = 136 to 143
74	-11	65	-16	54	-25	27	-3	cell = 144 to 151
9	-37	20	1	57	19	36	-12	cell = 152 to 159
36	11	65	-10	53	14	42	-54	cell = 160 to 167
12	-9	48	-37	16	-52	31	-31	cell = 168 to 175
29	-8	38	-28	62	-37	43	-16	cell = 176 to 183
46	32	16	11	38	12	16	-14	cell = 184 to 191
26	21	56	-55	32	-3	71	-28	cell = 192 to 199
28	7	67	3	52	13	77	-23	cell = 200 to 207
35	-3	62	-14	36	8	60	10	cell = 208 to 215
2	-4	31	-51	63	0	33	32	cell = 216 to 223
46	10	-24	-4	28	8	43	30	cell = 224 to 231
-2	-5	11	28	38	6	75	-45	cell = 232 to 239
-13	31	26	-42	49	5	57	15	cell = 240 to 247
27	20	30	48	1	-13	7	-16	cell = 248 to 255
27	-3	86	-28	61	21	67	-29	cell = 256 to 263
33	-17	33	-16	5	4	44	0	cell = 264 to 271
57	17	-17	21	21	-63	70	-22	cell = 272 to 279
55	-5	64	23	76	7	-5	-20	cell = 280 to 287
4	9	92	-14	64	-16	68	-19	cell = 288 to 295
21	-11	4	-34	46	6	15	-29	cell = 296 to 303
12	8	45	-23	53	-4	61	-24	cell = 304 to 311
73	8	0	-16	15	-12	35	11	cell = 312 to 319
16	3	46	3	50	0	65	0	cell = 320 to 327
48	-8	63	12	18	6	16	-9	cell = 328 to 335
66	35	64	-25	21	5	71	-31	cell = 336 to 343
4	5	45	-2	18	13	23	-51	cell = 344 to 351
-11	12	15	-19	75	13	43	11	cell = 352 to 359
59	48	52	-15	24	-53	39	-25	cell = 360 to 367
11	-18	36	14	60	-25	68	-28	cell = 368 to 375
68	6	35	26	54	20	44	-9	cell = 376 to 383
27	49	81	-17	32	-18	72	-40	cell = 384 to 391
17	-16	42	8	28	17	96	-46	cell = 392 to 399
32	-2	34	8	69	-16	43	-27	cell = 400 to 407
55	9	51	-12	41	-53	18	-22	cell = 408 to 415
33	-20	56	-14	56	-23	32	-5	cell = 416 to 423
61	5	32	4	44	16	36	-21	cell = 424 to 431
21	-2	41	-29	43	-12	100	-23	cell = 432 to 439
29	-17	46	-20	35	-3	56	-28	cell = 440 to 447
26	41	45	32	46	22	64	-4	cell = 448 to 455
40	-4	22	1	90	-16	39	26	cell = 456 to 463
35	-29	51	-36	68	-4	7	-36	cell = 464 to 471
50	37	37	5	43	-25	64	-13	cell = 472 to 479
15	-3	53	-21	81	14	12	20	cell = 480 to 487
49	12	48	10	37	-39	23	-26	cell = 488 to 495
56	-32	-6	-116	-46	-63	-71	-109	cell = 496 to 503
32	50	7	-14	27	5	42	-44	cell = 504 to 511
-8	-26	-35	-21	-20	20	-18	-17	cell = 512 to 519
-4	-9	-3	-22	18	-27	9	-14	cell = 520 to 527
-33	-13	-43	-26	-7	-11	-38	-35	cell = 528 to 535
-36	-38	13	-12	5	23	-21	-7	cell = 536 to 543
-45	-45	-23	6	-35	-31	-10	-11	cell = 544 to 551
11	-9	-43	-39	-23	2	-25	-64	cell = 552 to 559
-44	-30	-24	26	-18	18	-25	-23	cell = 560 to 567
-2	-30	-23	9	-6	11	-21	-32	cell = 568 to 575
-33	-44	-6	-40	-5	-33	31	-23	cell = 576 to 583
-11	-25	-10	-35	-30	-3	-5	2	cell = 584 to 591
1	-9	17	-12	-10	-37	-43	-38	cell = 592 to 599
-15	-7	-31	-13	-3	7	-30	-4	cell = 600 to 607
10	-2	3	-19	17	-16	-28	-12	cell = 608 to 615
31	-46	-62	5	-17	-12	-34	-17	cell = 616 to 623
-2	13	-13	5	-51	22	17	-28	cell = 624 to 631
-42	-8	-7	-27	-14	-40	-46	-27	cell = 632 to 639
-34	-13	-4	9	-8	22	-37	-14	cell = 640 to 647
-7	-10	-21	-15	-48	16	-38	24	cell = 648 to 655
8	-41	-23	-24	-24	-23	-21	-29	cell = 656 to 663
30	8	-12	-30	-27	-2	-7	-4	cell = 664 to 671
-48	-21	0	-17	6	-37	-14	8	cell = 672 to 679
-32	-13	-29	-29	-60	-1	20	-2	cell = 680 to 687
-5	-22	26	-6	-34	-5	-40	-5	cell = 688 to 695
-7	-43	-55	-13	-23	-31	-22	20	cell = 696 to 703
0	-20	-39	-12	-38	-32	-17	43	cell = 704 to 711
-12	-14	-43	-2	-3	8	-27	-36	cell = 712 to 719
-3	-12	0	13	-24	6	-52	-6	cell = 720 to 727
-36	-11	-34	-7	-21	-24	-21	-28	cell = 728 to 735
31	-11	4	-40	24	13	-51	-11	cell = 736 to 743
1	0	-1	-66	-39	-11	-29	-24	cell = 744 to 751
9	-16	-14	-3	54	-21	-7	-3	cell = 752 to 759
-34	3	13	-23	-18	-55	-50	16	cell = 760 to 767
-23	-25	-25	11	-20	-56	-26	-44	cell = 768 to 775
21	-40	-13	-20	-22	-41	-23	2	cell = 776 to 783
-38	9	-44	-3	-37	-34	-36	-24	cell = 784 to 791
-1	0	-1	30	19	-14	-19	-28	cell = 792 to 799
-45	9	-53	-6	-6	-29	-48	3	cell = 800 to 807
-62	38	-36	-35	-14	0	10	-21	cell = 808 to 815
0	-7	-10	5	-3	-32	0	18	cell = 816 to 823
-18	-14	-34	-21	-32	-51	-30	4	cell = 824 to 831
-29	5	-8	-11	11	16	-26	-52	cell = 832 to 839
-53	8	15	-10	-42	-39	-9	-14	cell = 840 to 847
15	2	4	29	0	13	-53	-51	cell = 848 to 855
-48	11	5	-40	-17	-49	-67	-4	cell = 856 to 863
-44	-10	21	-13	-5	-22	21	-7	cell = 864 to 871
-7	26	9	28	-9	-4	-27	0	cell = 872 to 879
4	-16	-59	-16	-26	-12	1	-39	cell = 880 to 887
-2	-36	-15	-12	-55	-9	-62	-11	cell = 888 to 895
-28	-7	-13	-8	18	10	1	-19	cell = 896 to 903
20	0	-42	27	-11	17	-21	-6	cell = 904 to 911
3	10	-25	-10	-19	-9	17	4	cell = 912 to 919
-9	-26	-5	19	-3	-28	-26	7	cell = 920 to 927
-28	-24	-8	-13	-37	-1	-44	35	cell = 928 to 935
-48	-25	-12	-6	-54	-6	4	-54	cell = 936 to 943
-37	-5	-49	-32	-10	-40	33	-10	cell = 944 to 951
7	-4	-46	5	13	-33	2	6	cell = 952 to 959
-12	-30	-14	-25	-4	-59	-41	9	cell = 960 to 967
-43	-43	-27	-10	-30	-14	-42	-52	cell = 968 to 975
-12	-10	-62	21	14	-32	-30	-16	cell = 976 to 983
-2	13	-50	2	-17	-23	-6	4	cell = 984 to 991
-44	-14	-24	19	-48	-4	-16	-23	cell = 992 to 999
-62	-27	-22	-31	-59	0	4	30	cell = 1000 to 1007
-32	-17	-7	-17	-28	1	-57	-34	cell = 1008 to 1015
-20	-19	-2	-4	-20	-56	-74	-38	cell = 1016 to 1023
Calibration values from cell 0 to 1024 for channel 8:

82	-30	9	-27	50	0	45	-10	cell = 0 to 7
47	-30	92	5	76	-20	40	31	cell = 8 to 15
46	24	81	-4	43	6	40	2	cell = 16 to 23
49	17	54	-17	29	2	4	-64	cell = 24 to 31
29	-3	31	-9	7	-11	65	-12	cell = 32 to 39
48	-30	61	-33	11	19	80	-2	cell = 40 to 47
56	1	54	-56	59	25	63	-32	cell = 48 to 55
2	4	75	2	20	-31	57	-6	cell = 56 to 63
25	13	64	-15	28	-10	44	-24	cell = 64 to 71
38	-20	59	-46	69	32	42	-4	cell = 72 to 79
27	-12	72	23	18	-19	52	4	cell = 80 to 87
44	-22	60	28	50	27	-9	1	cell = 88 to 95
59	-14	66	-9	60	-39	63	42	cell = 96 to 103
27	-10	47	5	50	41	46	-38	cell = 104 to 111
51	-5	30	-43	33	-44	18	-32	cell = 112 to 119
64	11	80	-8	28	6	86	-6	cell = 120 to 127
34	13	51	-5	28	13	69	-29	cell = 128 to 135
68	-44	54	46	19	36	36	0	cell = 136 to 143
61	-8	31	15	65	-1	47	-34	cell = 144 to 151
39	-30	8	-17	30	-12	56	9	cell = 152 to 159
-1	0	61	-12	24	25	66	-13	cell = 160 to 167
58	0	35	59	68	-14	59	-7	cell = 168 to 175
44	-11	22	-41	49	-4	79	-27	cell = 176 to 183
34	-13	54	12	54	20	8	-53	cell = 184 to 191
12	9	92	-33	76	11	55	8	cell = 192 to 199
16	33	69	-14	63	0	56	-40	cell = 200 to 207
25	-8	46	2	56	-10	43	-31	cell = 208 to 215
36	-33	42	17	87	18	28	-13	cell = 216 to 223
46	6	97	9	25	19	51	-21	cell = 224 to 231
56	2	67	-25	81	-6	63	-20	cell = 232 to 239
24	5	44	-49	62	-13	44	-16	cell = 240 to 247
75	3	25	-18	36	-28	74	-70	cell = 248 to 255
43	16	47	0	50	7	5	-3	cell = 256 to 263
43	-18	80	-12	65	-13	89	42	cell = 264 to 271
52	39	61	-30	28	-19	58	-21	cell = 272 to 279
50	-14	50	5	31	28	32	7	cell = 280 to 287
36	-32	29	-11	38	-6	6	8	cell = 288 to 295
44	-19	42	-33	15	9	69	-49	cell = 296 to 303
46	-51	73	-22	49	7	85	-73	cell = 304 to 311
43	9	56	-35	19	60	54	11	cell = 312 to 319
40	-32	31	-2	24	-34	58	5	cell = 320 to 327
54	20	62	18	31	15	74	-34	cell = 328 to 335
9	-18	80	9	51	-1	38	-5	cell = 336 to 343
75	23	53	-34	46	1	13	-12	cell = 344 to 351
34	-50	48	-42	52	-24	62	-10	cell = 352 to 359
49	-16	52	-11	52	6	47	9	cell = 360 to 367
30	1	49	1	30	-16	66	23	cell = 368 to 375
34	-9	14	-6	81	-39	14	-26	cell = 376 to 383
52	20	43	-18	50	10	29	-19	cell = 384 to 391
51	-1	71	25	32	27	90	5	cell = 392 to 399
19	2	66	-19	41	-37	53	-9	cell = 400 to 407
4	52	58	-26	28	-20	58	-32	cell = 408 to 415
27	-10	50	4	33	15	67	4	cell = 416 to 423
50	-48	73	-8	46	-15	34	-25	cell = 424 to 431
31	26	56	-8	36	-7	70	2	cell = 432 to 439
62	23	52	-23	34	-2	86	-45	cell = 440 to 447
65	36	44	-15	55	-22	-4	23	cell = 448 to 455
26	-20	45	11	53	14	66	-9	cell = 456 to 463
59	-1	67	4	64	-8	36	-44	cell = 464 to 471
55	9	64	-23	-2	-24	38	-23	cell = 472 to 479
39	-2	85	8	85	-7	57	-31	cell = 480 to 487
25	-6	20	10	33	-7	24	-11	cell = 488 to 495
70	-23	-21	-85	-58	-92	-11	-75	cell = 496 to 503
43	32	50	-5	10	-2	36	-18	cell = 504 to 511
-31	-39	1	-22	-24	-17	-13	0	cell = 512 to 519
-10	15	-35	-33	-10	-25	-22	-39	cell = 520 to 527
-6	-33	4	-38	-60	-63	-36	-10	cell = 528 to 535
-23	19	-33	-15	-2	-46	-9	-5	cell = 536 to 543
0	35	-23	-46	-20	4	-47	-7	cell = 544 to 551
-2	7	-35	-8	12	-48	7	9	cell = 552 to 559
8	-15	-31	-35	-48	-51	-30	-2	cell = 560 to 567
-3	-21	-4	-25	-31	-17	-53	-15	cell = 568 to 575
-31	-54	8	-30	-31	-20	-10	17	cell = 576 to 583
-34	-55	-6	-34	-7	-14	6	6	cell = 584 to 591
-21	0	-21	10	-32	15	-15	-11	cell = 592 to 599
-35	-11	-35	-28	-4	-25	-19	-38	cell = 600 to 607
-41	-38	-37	-7	-6	-3	-60	19	cell = 608 to 615
6	-64	-16	-16	-39	-6	-5	-14	cell = 616 to 623
-57	-13	-24	5	36	-17	-52	25	cell = 624 to 631
-2	-36	-60	-30	13	-54	-15	-21	cell = 632 to 639
-69	-11	-12	12	-22	-3	9	-3	cell = 640 to 647
-55	-25	7	-20	-48	-3	-19	-12	cell = 648 to 655
-23	-26	-16	-8	-14	-55	-3	8	cell = 656 to 663
-19	-34	-21	-40	3	-31	-17	-30	cell = 664 to 671
-31	-37	-7	-46	8	0	-34	-18	cell = 672 to 679
-30	16	-4	-20	9	-60	-35	4	cell = 680 to 687
10	6	-48	-45	-24	-12	-10	0	cell = 688 to 695
-24	-37	-48	-30	-53	-32	-23	-44	cell = 696 to 703
-35	-18	12	-48	-33	-2	-30	-10	cell = 704 to 711
-82	8	-9	12	-9	-35	-7	-18	cell = 712 to 719
-8	-56	-19	-6	-29	19	12	-48	cell = 720 to 727
-19	0	-2	-58	-25	-32	-23	-21	cell = 728 to 735
-14	-33	-22	-26	-20	-19	-31	-5	cell = 736 to 743
-14	1	19	-35	30	-29	-8	27	cell = 744 to 751
-38	-22	-12	-20	13	-18	-36	-8	cell = 752 to 759
-22	10	-36	-9	-22	-11	-73	-38	cell = 760 to 767
2	-53	-26	-20	-16	-16	-50	-14	cell = 768 to 775
-2	-4	-25	42	-19	1	-35	2	cell = 776 to 783
-19	-28	-23	10	6	-12	-40	-2	cell = 784 to 791
4	-36	-54	-2	-20	-30	-38	-13	cell = 792 to 799
-38	-16	5	-21	-13	17	-9	-3	cell = 800 to 807
-43	-17	-26	-41	-27	-41	1	-3	cell = 808 to 815
-26	-12	5	-39	-42	10	-24	26	cell = 816 to 823
-21	4	-3	-39	-36	8	-26	-46	cell = 824 to 831
-30	-11	-64	-3	2	-24	-27	-32	cell = 832 to 839
-42	28	-20	-23	-39	-7	-47	28	cell = 840 to 847
-7	-14	-31	-11	-53	25	-39	1	cell = 848 to 855
15	-17	-1	31	-24	6	-35	8	cell = 856 to 863
-32	-38	1	-14	-5	-21	11	-11	cell = 864 to 871
5	-15	-30	-11	-6	-30	-42	-82	cell = 872 to 879
-13	9	24	12	-21	-40	18	-4	cell = 880 to 887
-45	8	9	-3	-14	-55	-11	-46	cell = 888 to 895
4	-30	-54	-51	15	-21	-9	-19	cell = 896 to 903
-31	27	-11	-8	-16	-76	-43	-33	cell = 904 to 911
-22	-13	-69	7	6	-30	-40	21	cell = 912 to 919
-28	-44	-12	-25	-6	-13	-57	0	cell = 920 to 927
-43	-37	-36	13	-32	-27	-18	-33	cell = 928 to 935
-29	14	-11	-21	-13	-56	-65	-17	cell = 936 to 943
-14	-46	1	-45	22	-31	-21	15	cell = 944 to 951
-41	-51	-37	-33	-46	-40	-50	-33	cell = 952 to 959
-3	-11	-14	-77	-60	-3	-54	-9	cell = 960 to 967
-15	-29	0	-5	-28	-46	7	-10	cell = 968 to 975
-38	-5	-33	24	30	-18	-39	-46	cell = 976 to 983
-21	8	-25	-8	-31	-22	-23	-15	cell = 984 to 991
5	-45	-8	-46	-26	-25	-3	-23	cell = 992 to 999
-11	-49	-10	-37	-1	-17	-17	7	cell = 1000 to 1007
-4	17	-11	-36	-48	-72	-30	-41	cell = 1008 to 1015
4	-36	-32	1	-31	-15	-25	-16	cell = 1016 to 1023
