Calibration values from cell 0 to 1024 for channel 0:

56	-11	37	-36	52	-10	49	-63	cell = 0 to 7
72	3	49	10	47	-22	46	-10	cell = 8 to 15
35	27	57	43	62	-31	56	2	cell = 16 to 23
43	-24	17	-30	43	8	78	-10	cell = 24 to 31
30	7	97	-12	29	23	27	-28	cell = 32 to 39
34	-13	41	20	12	-37	53	-23	cell = 40 to 47
43	-42	24	-9	21	6	26	9	cell = 48 to 55
59	-1	17	-29	24	-13	37	-8	cell = 56 to 63
80	38	34	23	66	-6	63	-23	cell = 64 to 71
62	-36	22	-24	47	-11	40	1	cell = 72 to 79
37	17	23	-9	22	16	44	-34	cell = 80 to 87
83	-22	57	-27	65	4	21	-8	cell = 88 to 95
59	-29	38	-14	48	31	38	-25	cell = 96 to 103
38	-11	-16	-28	79	-1	21	-24	cell = 104 to 111
53	-2	36	-33	37	-5	59	-20	cell = 112 to 119
59	17	36	-7	53	11	69	-24	cell = 120 to 127
19	-6	66	-19	53	-17	35	1	cell = 128 to 135
29	10	23	-3	56	26	24	-33	cell = 136 to 143
80	-21	10	26	49	3	50	-10	cell = 144 to 151
49	-8	27	-17	49	-9	62	-11	cell = 152 to 159
13	41	82	-13	89	5	52	15	cell = 160 to 167
33	-8	54	-3	42	-13	70	-16	cell = 168 to 175
61	-42	36	-15	36	-10	18	22	cell = 176 to 183
57	10	56	-8	65	-13	43	-23	cell = 184 to 191
99	-12	16	-10	5	4	57	-43	cell = 192 to 199
48	-38	32	18	17	-24	64	14	cell = 200 to 207
16	31	60	5	38	12	67	-11	cell = 208 to 215
27	-15	67	-51	30	-37	46	-18	cell = 216 to 223
54	-4	71	-12	46	9	43	-8	cell = 224 to 231
55	-1	38	-3	57	15	15	-18	cell = 232 to 239
52	22	36	9	43	7	31	2	cell = 240 to 247
59	-7	9	-28	-3	-8	101	-49	cell = 248 to 255
22	6	64	-15	72	-5	48	-41	cell = 256 to 263
14	24	50	-23	36	-14	57	-16	cell = 264 to 271
35	-30	93	10	19	-1	28	-44	cell = 272 to 279
68	-15	74	-48	47	-29	37	-12	cell = 280 to 287
33	-19	45	11	71	0	13	-11	cell = 288 to 295
19	15	53	-2	58	6	34	-24	cell = 296 to 303
53	8	44	-24	54	-32	37	31	cell = 304 to 311
54	-45	15	-74	89	28	43	-5	cell = 312 to 319
21	-24	88	-8	34	-6	61	31	cell = 320 to 327
54	-5	42	-36	44	15	13	6	cell = 328 to 335
11	-2	15	21	32	5	17	18	cell = 336 to 343
26	-15	30	-7	21	45	29	-2	cell = 344 to 351
65	-13	22	22	24	-18	30	0	cell = 352 to 359
-13	-15	41	49	43	15	66	-20	cell = 360 to 367
35	-15	55	10	43	-22	45	-22	cell = 368 to 375
28	5	2	-11	48	-10	59	6	cell = 376 to 383
58	10	74	-9	44	-10	68	-24	cell = 384 to 391
64	8	-12	19	33	0	13	-19	cell = 392 to 399
31	22	53	-16	9	-7	48	13	cell = 400 to 407
61	14	62	-18	22	-2	37	6	cell = 408 to 415
56	-4	37	-33	70	6	29	-28	cell = 416 to 423
35	-3	72	4	13	12	17	-5	cell = 424 to 431
51	-4	48	-12	45	2	46	-21	cell = 432 to 439
-5	-18	53	-4	16	27	38	11	cell = 440 to 447
81	-7	75	-20	69	8	37	0	cell = 448 to 455
33	-21	58	-2	35	10	57	-29	cell = 456 to 463
42	27	30	-11	26	12	66	-20	cell = 464 to 471
32	-1	41	8	84	4	44	-9	cell = 472 to 479
47	-35	53	0	14	-31	-7	20	cell = 480 to 487
22	-16	38	1	59	-18	18	-29	cell = 488 to 495
16	-3	1	-90	-6	-93	-50	-65	cell = 496 to 503
26	-9	31	-36	6	-23	47	-23	cell = 504 to 511
11	-18	-8	11	-21	-6	-32	10	cell = 512 to 519
20	-27	-34	-5	-17	-17	-24	-7	cell = 520 to 527
13	-24	-15	-13	-29	-22	-31	-29	cell = 528 to 535
-41	-19	-9	-42	0	-42	-19	-58	cell = 536 to 543
-50	9	-52	-8	-12	-36	-9	-5	cell = 544 to 551
-12	19	-51	-40	-17	0	-21	13	cell = 552 to 559
-21	-29	0	-42	-11	-16	-21	-5	cell = 560 to 567
-12	8	-35	-7	-58	44	-21	-5	cell = 568 to 575
-13	-19	-11	12	-26	1	-24	-10	cell = 576 to 583
-52	-17	-28	-29	-13	-62	-36	-11	cell = 584 to 591
-8	13	-6	-8	-2	-32	-10	-6	cell = 592 to 599
-30	-51	-44	16	-9	34	-5	-7	cell = 600 to 607
-47	-7	-21	9	-14	1	-32	-22	cell = 608 to 615
0	-15	-19	6	-18	-12	-39	-37	cell = 616 to 623
19	11	8	-6	-43	-56	-28	-31	cell = 624 to 631
-33	19	-22	26	10	-3	-47	-18	cell = 632 to 639
-33	-49	-7	2	-3	4	-10	-39	cell = 640 to 647
-3	-8	-32	5	25	-30	-46	-7	cell = 648 to 655
0	12	-10	-3	-10	-9	-60	7	cell = 656 to 663
-57	-14	-32	-7	-6	-30	-21	-30	cell = 664 to 671
-15	24	-16	28	-22	-47	3	-35	cell = 672 to 679
25	-39	-43	-48	-33	-5	-67	-21	cell = 680 to 687
-40	5	-33	2	-31	7	-11	-43	cell = 688 to 695
-27	-54	-49	-23	-40	-31	18	-2	cell = 696 to 703
-11	-25	-8	-3	39	-17	3	-22	cell = 704 to 711
-20	-36	-4	-33	-10	-36	4	-24	cell = 712 to 719
-66	-11	-7	-9	-10	-15	8	-13	cell = 720 to 727
-17	-43	-19	-47	-28	-19	-21	12	cell = 728 to 735
1	-6	-7	-18	-15	22	-18	20	cell = 736 to 743
4	-45	-41	-45	17	-12	-47	-12	cell = 744 to 751
13	-45	-25	1	-35	-4	-33	3	cell = 752 to 759
-43	-28	-19	-48	-23	-49	-16	1	cell = 760 to 767
-46	-3	-14	-15	16	-35	-36	0	cell = 768 to 775
-68	-13	-18	33	60	-5	5	2	cell = 776 to 783
-5	-23	-17	-33	-34	-18	-40	-22	cell = 784 to 791
-38	12	2	-23	-15	-8	-7	-12	cell = 792 to 799
-44	-26	-19	-6	-41	-23	-67	7	cell = 800 to 807
-35	-4	-44	4	-41	-14	-36	-7	cell = 808 to 815
-19	-48	-6	15	1	-19	-35	-49	cell = 816 to 823
-7	-49	-40	-10	-6	-6	4	8	cell = 824 to 831
-44	-16	-39	-63	-29	-29	-16	-25	cell = 832 to 839
-3	-3	-7	-3	-46	-30	-52	-17	cell = 840 to 847
13	-7	17	-3	-41	32	-12	-2	cell = 848 to 855
-7	-34	2	-7	10	-44	-33	-19	cell = 856 to 863
-23	-5	-34	-14	-3	-5	-10	-22	cell = 864 to 871
-19	-12	-13	8	-19	-20	-30	7	cell = 872 to 879
21	-27	-13	5	-53	-22	-13	9	cell = 880 to 887
-26	-13	-21	3	-33	-8	-19	-20	cell = 888 to 895
-14	-19	-61	-6	-40	-16	-42	15	cell = 896 to 903
-18	-29	-12	-20	-4	-5	-60	-3	cell = 904 to 911
-16	15	-5	-33	-60	-13	-43	-19	cell = 912 to 919
-8	-69	18	9	21	-30	-9	1	cell = 920 to 927
-6	-56	16	-15	-10	-27	-26	-18	cell = 928 to 935
-23	-2	-2	-55	-26	6	-39	-4	cell = 936 to 943
-10	0	-14	-13	-29	-30	-38	-22	cell = 944 to 951
-18	-29	-15	-4	47	-30	-3	-25	cell = 952 to 959
-37	-19	-23	-17	-16	-27	-29	-5	cell = 960 to 967
-54	-42	-13	-25	8	0	-49	-46	cell = 968 to 975
-22	22	-31	28	7	21	-51	-16	cell = 976 to 983
28	-17	-41	-17	-33	3	-49	23	cell = 984 to 991
-23	-45	-38	-16	-45	-41	-44	-34	cell = 992 to 999
14	1	-18	-12	-40	-53	-13	-38	cell = 1000 to 1007
-18	8	-9	-18	-55	-35	-13	12	cell = 1008 to 1015
-57	-41	-31	8	-17	-22	-37	18	cell = 1016 to 1023
Calibration values from cell 0 to 1024 for channel 1:

6	51	34	1	78	-26	8	-49	cell = 0 to 7
85	-9	26	-33	22	-3	63	11	cell = 8 to 15
17	-28	66	-18	14	34	39	-21	cell = 16 to 23
23	-1	31	-48	65	-12	32	-14	cell = 24 to 31
54	-10	21	23	46	39	2	-22	cell = 32 to 39
28	-5	68	-43	35	-5	45	-16	cell = 40 to 47
32	-8	47	23	35	0	9	0	cell = 48 to 55
34	19	55	-12	-9	-18	69	1	cell = 56 to 63
47	6	53	14	26	-5	51	-32	cell = 64 to 71
41	9	39	15	19	-38	28	-7	cell = 72 to 79
31	-17	16	-18	48	-32	77	6	cell = 80 to 87
47	28	69	-37	53	16	56	-16	cell = 88 to 95
9	-14	24	0	24	5	27	-11	cell = 96 to 103
8	11	34	-23	45	10	76	25	cell = 104 to 111
71	-9	53	0	57	-9	50	0	cell = 112 to 119
22	-42	16	9	32	-19	26	-29	cell = 120 to 127
38	-16	38	-9	33	-7	50	16	cell = 128 to 135
0	-38	39	-35	51	-5	54	-32	cell = 136 to 143
43	20	50	20	54	0	84	13	cell = 144 to 151
14	-44	35	-8	24	-30	35	-6	cell = 152 to 159
55	-5	51	-21	41	-14	30	-8	cell = 160 to 167
34	25	56	-2	11	-26	51	6	cell = 168 to 175
47	16	60	-12	94	-41	-26	28	cell = 176 to 183
31	-38	17	-21	17	28	68	-32	cell = 184 to 191
80	-6	55	26	45	28	43	-6	cell = 192 to 199
36	-19	54	-26	45	39	43	-10	cell = 200 to 207
74	-13	61	3	14	-2	67	17	cell = 208 to 215
19	9	-1	4	28	7	41	-9	cell = 216 to 223
30	-12	50	-28	13	-16	54	-4	cell = 224 to 231
-2	4	69	21	40	-3	38	-14	cell = 232 to 239
31	-46	56	16	17	5	31	0	cell = 240 to 247
24	-31	-3	-9	23	-6	67	-44	cell = 248 to 255
6	-14	64	15	38	-16	55	-9	cell = 256 to 263
36	16	21	-42	20	-46	42	-35	cell = 264 to 271
-2	0	-11	12	71	-26	36	-10	cell = 272 to 279
51	8	36	0	27	-37	50	-19	cell = 280 to 287
65	11	57	1	27	17	52	-16	cell = 288 to 295
23	8	47	-2	50	8	27	-6	cell = 296 to 303
78	9	20	13	51	-9	40	-38	cell = 304 to 311
54	0	37	0	42	-10	71	24	cell = 312 to 319
68	-20	40	6	41	22	78	-11	cell = 320 to 327
66	8	51	-33	54	-5	41	16	cell = 328 to 335
52	-9	42	34	5	39	25	8	cell = 336 to 343
51	-2	61	-70	54	-10	24	18	cell = 344 to 351
51	23	49	6	16	12	5	-32	cell = 352 to 359
24	-23	42	-29	37	-4	22	-8	cell = 360 to 367
56	8	58	-4	8	-15	23	-55	cell = 368 to 375
58	-31	43	-31	53	-7	35	-9	cell = 376 to 383
51	1	34	1	38	-58	60	2	cell = 384 to 391
47	-23	96	-26	62	8	26	42	cell = 392 to 399
23	17	58	-13	5	-2	-1	-33	cell = 400 to 407
43	-29	42	-2	56	26	25	6	cell = 408 to 415
48	-8	28	41	39	-9	47	1	cell = 416 to 423
35	-19	85	42	19	-16	69	-26	cell = 424 to 431
30	9	70	10	60	-10	23	-21	cell = 432 to 439
25	-12	2	19	17	14	70	-39	cell = 440 to 447
91	4	22	6	48	28	19	28	cell = 448 to 455
55	-20	31	-16	47	2	32	-40	cell = 456 to 463
47	-10	54	-12	25	6	46	-56	cell = 464 to 471
56	28	57	-29	-12	-28	59	-19	cell = 472 to 479
84	25	44	-13	15	0	68	-18	cell = 480 to 487
23	4	45	-31	55	-14	-3	1	cell = 488 to 495
24	-34	-56	-68	-50	-85	-36	-54	cell = 496 to 503
89	-36	40	-17	40	2	0	-4	cell = 504 to 511
-30	10	-19	-26	-18	-3	-9	-26	cell = 512 to 519
-43	-3	10	33	-48	8	-23	13	cell = 520 to 527
-23	-16	-50	17	-11	-34	-71	17	cell = 528 to 535
-17	-29	-4	-17	-9	-4	-23	20	cell = 536 to 543
-28	-6	-12	-28	-39	-24	-23	-51	cell = 544 to 551
-31	5	-32	20	-52	-10	-25	-4	cell = 552 to 559
-16	-24	-22	1	-41	-23	8	2	cell = 560 to 567
-2	-28	-53	-49	-5	0	10	-35	cell = 568 to 575
-24	19	-56	-16	-9	-7	-21	-22	cell = 576 to 583
-22	-11	-38	-21	-10	28	-25	8	cell = 584 to 591
-39	0	-3	-19	-18	-24	-13	-9	cell = 592 to 599
-21	-28	1	-48	-33	-47	-18	8	cell = 600 to 607
-30	-9	-32	3	-46	-6	-39	-11	cell = 608 to 615
-26	-41	-45	-19	-20	-42	-25	-2	cell = 616 to 623
-12	-22	30	-12	-70	-2	-2	-27	cell = 624 to 631
-82	-12	-60	-32	-23	-9	-13	1	cell = 632 to 639
-57	10	-4	7	-20	-7	-10	9	cell = 640 to 647
-41	-22	31	23	-11	-17	6	19	cell = 648 to 655
-25	4	-26	-33	-10	-49	-13	22	cell = 656 to 663
-10	-18	-50	30	-35	-29	16	16	cell = 664 to 671
20	18	30	-13	-20	-51	-22	-30	cell = 672 to 679
-30	-40	-34	32	-15	-28	-21	-2	cell = 680 to 687
-23	32	-28	39	-68	-23	13	-5	cell = 688 to 695
-16	10	-58	-18	-28	-4	-18	-20	cell = 696 to 703
-40	9	-3	-26	-15	-40	-10	-4	cell = 704 to 711
-41	-13	-26	-13	11	-39	-11	6	cell = 712 to 719
-5	-9	-20	8	-9	-35	-21	-35	cell = 720 to 727
-19	-23	-24	-19	-50	11	-8	-23	cell = 728 to 735
-19	-67	29	-1	-21	-30	-37	6	cell = 736 to 743
-38	6	-38	14	-24	5	-55	1	cell = 744 to 751
-15	20	-9	0	-47	-6	-37	-27	cell = 752 to 759
-19	-23	-36	-3	26	-12	-20	10	cell = 760 to 767
13	-6	-58	-16	29	-14	-65	-9	cell = 768 to 775
-60	-9	-57	6	-26	-33	-37	-25	cell = 776 to 783
20	-3	-55	-37	3	-16	-55	15	cell = 784 to 791
27	-54	-71	28	-55	-51	7	4	cell = 792 to 799
-18	-9	-39	30	0	-10	-26	-39	cell = 800 to 807
-15	-10	-52	-18	-68	36	-48	-49	cell = 808 to 815
-41	-46	-51	-13	-19	-3	-38	-31	cell = 816 to 823
-25	-18	-69	38	-35	-17	-22	-15	cell = 824 to 831
-28	13	-31	-35	-27	-7	-14	-45	cell = 832 to 839
-17	-42	-14	-9	-13	8	-26	-39	cell = 840 to 847
2	-17	-22	-27	-7	-33	-33	-33	cell = 848 to 855
16	-24	-47	-24	3	12	-57	-29	cell = 856 to 863
-38	-12	-9	-7	-67	8	4	-71	cell = 864 to 871
23	-15	12	18	-19	-9	3	-10	cell = 872 to 879
-1	-3	-15	-26	13	22	2	-9	cell = 880 to 887
-35	-28	-57	2	-16	-53	-39	20	cell = 888 to 895
9	20	9	-3	-67	4	0	-24	cell = 896 to 903
-34	-23	-40	-7	1	-13	-41	-1	cell = 904 to 911
-43	-3	-14	25	-48	-3	-24	4	cell = 912 to 919
-33	5	-30	-12	-13	15	15	-35	cell = 920 to 927
-24	1	-15	-4	-36	14	-46	-72	cell = 928 to 935
4	-13	-22	-43	-59	-8	-34	-27	cell = 936 to 943
36	-5	4	-7	15	14	-18	4	cell = 944 to 951
45	-10	-21	-6	-31	-6	-26	1	cell = 952 to 959
-46	-50	0	-14	0	11	-37	-11	cell = 960 to 967
-23	-32	-34	-43	16	53	-28	12	cell = 968 to 975
-26	1	6	-38	0	11	-50	9	cell = 976 to 983
-52	-30	-17	20	-7	-52	40	-15	cell = 984 to 991
-49	-9	18	-11	3	-27	8	29	cell = 992 to 999
-14	-55	-37	-26	-18	-20	16	-14	cell = 1000 to 1007
-10	10	-28	16	-20	-25	-15	-14	cell = 1008 to 1015
-35	-4	-30	9	-22	-33	22	-20	cell = 1016 to 1023
Calibration values from cell 0 to 1024 for channel 2:

51	-24	39	-2	3	-12	16	5	cell = 0 to 7
56	-15	89	11	34	26	31	-37	cell = 8 to 15
54	42	86	15	29	5	37	-7	cell = 16 to 23
-3	-6	66	-41	31	-54	32	21	cell = 24 to 31
21	10	67	-22	21	-38	38	-2	cell = 32 to 39
21	-40	38	0	24	-20	19	14	cell = 40 to 47
42	-46	37	27	61	-30	55	-7	cell = 48 to 55
10	1	34	-13	33	7	48	-24	cell = 56 to 63
53	-14	47	-6	54	-46	27	40	cell = 64 to 71
16	42	62	-25	26	-20	103	-19	cell = 72 to 79
45	31	28	-2	37	-47	33	31	cell = 80 to 87
56	-31	48	19	35	43	45	-6	cell = 88 to 95
46	35	46	0	31	-26	15	-43	cell = 96 to 103
54	-24	16	-3	41	-4	39	-24	cell = 104 to 111
27	1	73	-30	77	14	70	-40	cell = 112 to 119
5	4	43	-3	20	9	40	-29	cell = 120 to 127
30	11	77	67	66	-16	20	-5	cell = 128 to 135
50	21	70	-40	24	4	56	4	cell = 136 to 143
84	-14	82	-11	62	1	59	-12	cell = 144 to 151
84	-8	55	23	39	20	15	-15	cell = 152 to 159
82	7	53	-16	36	-33	78	-56	cell = 160 to 167
41	10	45	-23	42	11	13	-51	cell = 168 to 175
52	26	64	-14	71	-35	20	-12	cell = 176 to 183
28	-15	19	-29	4	-22	47	-8	cell = 184 to 191
60	17	42	8	7	-33	23	15	cell = 192 to 199
49	-4	51	-27	37	25	69	-6	cell = 200 to 207
49	-46	57	37	87	-21	33	-25	cell = 208 to 215
51	-9	10	-13	42	36	22	-7	cell = 216 to 223
49	2	37	11	46	-30	68	-26	cell = 224 to 231
50	-9	35	-5	79	1	3	-30	cell = 232 to 239
50	18	87	10	55	-16	78	-15	cell = 240 to 247
61	2	61	-40	46	24	4	-22	cell = 248 to 255
24	24	74	-3	48	-17	61	-6	cell = 256 to 263
20	-4	36	33	44	-12	26	13	cell = 264 to 271
42	-27	29	-31	67	15	65	5	cell = 272 to 279
63	-51	8	-50	71	-24	36	-24	cell = 280 to 287
55	1	45	-21	34	-11	35	-26	cell = 288 to 295
46	-35	39	16	32	3	81	25	cell = 296 to 303
51	35	77	-35	50	24	7	19	cell = 304 to 311
35	27	30	-30	59	-45	43	-23	cell = 312 to 319
25	-43	37	10	30	-29	45	-12	cell = 320 to 327
65	0	39	-29	40	-23	26	-19	cell = 328 to 335
25	-14	13	18	79	51	43	8	cell = 336 to 343
29	26	17	-18	58	-23	51	23	cell = 344 to 351
-12	-33	19	-15	36	9	66	-33	cell = 352 to 359
52	-28	46	-20	54	-8	37	3	cell = 360 to 367
23	-32	67	-15	47	23	70	-13	cell = 368 to 375
33	-35	87	12	31	4	9	11	cell = 376 to 383
80	-11	43	-13	22	-25	18	27	cell = 384 to 391
19	-8	45	19	58	3	22	-12	cell = 392 to 399
8	0	15	-5	35	3	82	-6	cell = 400 to 407
40	-13	63	-8	6	20	60	16	cell = 408 to 415
52	-21	41	-31	89	-33	35	-7	cell = 416 to 423
52	-30	59	11	52	-26	41	-45	cell = 424 to 431
12	-10	0	-19	27	-10	34	3	cell = 432 to 439
60	-9	53	-1	98	28	43	13	cell = 440 to 447
39	5	55	-4	28	-26	21	-11	cell = 448 to 455
29	31	22	-23	57	23	80	-4	cell = 456 to 463
27	15	18	-43	60	4	65	-35	cell = 464 to 471
44	12	47	13	59	21	52	-33	cell = 472 to 479
48	2	80	-7	69	-49	40	10	cell = 480 to 487
55	-8	45	-4	24	20	42	6	cell = 488 to 495
36	17	-21	-58	-40	-74	-24	-63	cell = 496 to 503
23	4	24	27	33	-14	26	16	cell = 504 to 511
-21	-24	-14	39	10	-27	14	-13	cell = 512 to 519
-16	4	-64	-19	-31	-10	-12	-14	cell = 520 to 527
-38	-9	-22	-14	-22	-4	-18	-8	cell = 528 to 535
-26	-15	-11	-15	-34	35	-41	-2	cell = 536 to 543
8	-4	-62	-11	-54	-12	-33	0	cell = 544 to 551
-4	-1	1	-4	-11	-18	-72	-20	cell = 552 to 559
-36	8	-28	-18	-36	25	-38	-9	cell = 560 to 567
-27	-53	-32	-35	-14	-20	2	-10	cell = 568 to 575
16	-9	-38	8	-40	31	-20	-21	cell = 576 to 583
-35	-22	-4	-11	-39	5	-13	-27	cell = 584 to 591
-13	-28	-6	-2	-40	-27	-84	-14	cell = 592 to 599
-18	-33	3	19	8	-5	-66	-58	cell = 600 to 607
-60	-7	-21	-16	-47	-24	18	30	cell = 608 to 615
-53	-56	-53	1	4	-19	-27	-8	cell = 616 to 623
-50	22	-19	-12	-17	3	14	-26	cell = 624 to 631
0	15	4	-26	9	3	-22	28	cell = 632 to 639
-47	10	4	-48	28	-7	-25	-4	cell = 640 to 647
-15	-14	-47	-20	-63	-17	-5	32	cell = 648 to 655
-31	-32	-37	-19	-30	-25	-11	-4	cell = 656 to 663
-71	-2	-33	-19	20	-17	-33	-15	cell = 664 to 671
-50	-30	-38	-13	-22	-1	2	-37	cell = 672 to 679
-17	29	-36	5	-15	7	-40	5	cell = 680 to 687
-12	-45	3	29	-3	4	-33	-10	cell = 688 to 695
-4	17	-17	-16	-5	-38	9	18	cell = 696 to 703
-10	-57	-52	-30	-4	-20	-25	-29	cell = 704 to 711
-16	1	-53	-26	13	-33	-8	-20	cell = 712 to 719
-23	-10	19	29	-8	-48	3	-23	cell = 720 to 727
-33	-14	-18	-26	-12	3	10	-12	cell = 728 to 735
-44	-48	-4	-30	5	-49	-19	-24	cell = 736 to 743
-24	12	-20	-31	2	0	-57	15	cell = 744 to 751
-41	-20	-33	25	10	-36	-69	-43	cell = 752 to 759
-26	3	-5	-38	-37	-52	-7	-11	cell = 760 to 767
-15	-35	-40	-48	-17	-18	-15	-6	cell = 768 to 775
-47	-13	-38	-39	-8	-29	-19	-18	cell = 776 to 783
8	5	-20	-25	-33	-25	7	-16	cell = 784 to 791
16	-68	8	-4	-73	-10	-9	-9	cell = 792 to 799
-8	-44	-41	-8	-39	-35	-26	-26	cell = 800 to 807
-28	15	-10	-23	-51	1	-27	-6	cell = 808 to 815
11	-10	-51	-42	-8	-26	-8	-11	cell = 816 to 823
-33	-27	-52	-43	-38	19	-25	39	cell = 824 to 831
-18	34	-40	-16	-36	-8	-52	13	cell = 832 to 839
-30	0	-53	-8	-28	-34	-21	24	cell = 840 to 847
-20	-17	-12	-8	16	-32	-32	-34	cell = 848 to 855
-8	7	-68	-47	-31	-56	-38	-28	cell = 856 to 863
-10	27	-31	2	-10	-43	-30	-15	cell = 864 to 871
-7	-25	-9	-7	-57	-3	-28	-55	cell = 872 to 879
20	-14	-45	-42	-18	-29	-7	-27	cell = 880 to 887
-59	-78	14	-38	-13	-8	-39	-7	cell = 888 to 895
-64	-2	-30	29	9	-84	33	5	cell = 896 to 903
-40	5	-51	-7	1	-12	-23	-26	cell = 904 to 911
-1	-11	22	-36	-34	-6	-47	-19	cell = 912 to 919
-23	-25	-24	-15	-21	-23	-9	-19	cell = 920 to 927
-18	-23	-41	-1	-33	7	-39	-17	cell = 928 to 935
-35	2	-48	-10	38	-6	-29	13	cell = 936 to 943
-15	20	-39	-22	-10	-29	-5	9	cell = 944 to 951
-49	1	22	12	-45	17	-59	-31	cell = 952 to 959
-12	-27	-18	0	7	-27	-14	-17	cell = 960 to 967
-19	-13	-15	-20	-23	-37	-26	-26	cell = 968 to 975
-11	-5	-68	-1	2	8	-15	36	cell = 976 to 983
-10	-39	2	-17	-38	-31	-11	-30	cell = 984 to 991
-18	30	-36	-10	24	19	-49	-5	cell = 992 to 999
-37	26	-32	-3	10	-32	6	-17	cell = 1000 to 1007
-26	-7	-27	-42	0	-26	-74	-16	cell = 1008 to 1015
-46	8	-31	-18	-29	-48	-62	-43	cell = 1016 to 1023
Calibration values from cell 0 to 1024 for channel 3:

18	26	80	-11	50	8	22	-4	cell = 0 to 7
32	-22	58	-2	46	-35	36	-18	cell = 8 to 15
9	-2	42	-3	87	-34	54	-13	cell = 16 to 23
29	-7	30	-10	68	-13	26	-40	cell = 24 to 31
48	-7	46	-34	52	-12	58	1	cell = 32 to 39
41	-2	62	-16	54	41	46	-35	cell = 40 to 47
63	18	85	-44	-9	-36	20	-21	cell = 48 to 55
49	-10	21	-25	50	17	7	-4	cell = 56 to 63
58	-12	25	-25	71	5	69	-74	cell = 64 to 71
105	14	42	49	14	9	-10	-14	cell = 72 to 79
19	50	65	-7	52	-5	18	-36	cell = 80 to 87
53	-37	77	-34	10	-15	92	-25	cell = 88 to 95
71	-25	64	36	60	1	-16	-26	cell = 96 to 103
86	31	64	15	56	-17	73	-3	cell = 104 to 111
36	2	40	-40	32	7	35	18	cell = 112 to 119
64	2	35	-22	21	3	38	19	cell = 120 to 127
38	9	47	-25	64	-30	63	-35	cell = 128 to 135
73	56	27	-6	50	-27	29	-18	cell = 136 to 143
45	-20	66	-38	63	-1	16	12	cell = 144 to 151
19	-18	68	-24	63	-7	47	-25	cell = 152 to 159
73	15	81	-48	12	-12	67	0	cell = 160 to 167
52	-16	45	7	42	-18	33	0	cell = 168 to 175
22	-7	23	-34	55	0	28	1	cell = 176 to 183
27	-13	28	-48	26	19	20	-44	cell = 184 to 191
58	-22	25	4	42	-8	13	-34	cell = 192 to 199
35	4	71	-25	44	14	21	0	cell = 200 to 207
38	14	35	-31	0	-10	73	5	cell = 208 to 215
46	15	9	-26	61	4	35	-32	cell = 216 to 223
19	18	56	23	54	9	31	-24	cell = 224 to 231
45	-24	32	-65	75	8	46	-16	cell = 232 to 239
12	-23	44	4	25	-28	47	-18	cell = 240 to 247
30	12	28	-7	29	-52	-2	-37	cell = 248 to 255
79	21	69	-7	31	-39	54	-35	cell = 256 to 263
63	-30	1	-41	-2	-25	23	-19	cell = 264 to 271
10	-51	55	29	39	21	37	-17	cell = 272 to 279
42	2	53	16	53	-27	73	24	cell = 280 to 287
25	28	13	32	13	-18	32	-38	cell = 288 to 295
55	-21	24	0	59	-28	53	-21	cell = 296 to 303
57	-10	52	-25	7	-26	27	-12	cell = 304 to 311
77	-23	-6	-39	44	14	41	-37	cell = 312 to 319
54	-13	99	8	47	-27	76	-7	cell = 320 to 327
48	-49	87	9	47	17	61	-38	cell = 328 to 335
55	17	35	-8	54	13	32	-24	cell = 336 to 343
54	-22	22	0	39	-41	34	-11	cell = 344 to 351
48	-38	-1	11	48	-6	16	-2	cell = 352 to 359
34	-28	31	-22	45	-11	42	16	cell = 360 to 367
78	-42	57	-7	18	15	14	15	cell = 368 to 375
60	2	32	-15	8	-3	22	12	cell = 376 to 383
23	-8	65	-9	48	-24	44	-11	cell = 384 to 391
69	2	41	-5	36	-2	50	-8	cell = 392 to 399
75	-31	60	16	30	9	57	4	cell = 400 to 407
34	-26	82	-11	41	-6	49	-19	cell = 408 to 415
58	20	62	5	41	-6	25	3	cell = 416 to 423
34	-28	41	-24	46	-25	62	-4	cell = 424 to 431
20	4	34	-17	59	13	60	-21	cell = 432 to 439
40	7	40	-36	43	-9	26	-3	cell = 440 to 447
44	18	31	-35	38	-9	32	-57	cell = 448 to 455
24	-40	30	4	22	-12	75	-13	cell = 456 to 463
82	-19	44	0	52	41	31	-33	cell = 464 to 471
3	-13	75	18	54	-23	71	-48	cell = 472 to 479
78	19	27	-11	60	-36	17	-50	cell = 480 to 487
36	-11	72	2	58	-5	79	0	cell = 488 to 495
82	-31	-14	-85	-52	-116	2	-85	cell = 496 to 503
45	-10	9	-33	2	-8	68	-4	cell = 504 to 511
4	-4	-40	37	-21	-11	-23	-34	cell = 512 to 519
-3	8	-33	17	-20	18	-1	31	cell = 520 to 527
-50	-19	-46	-52	-33	-30	-53	-15	cell = 528 to 535
-44	-28	-39	-50	-37	-36	15	-32	cell = 536 to 543
-16	7	9	-23	-74	-30	-28	-30	cell = 544 to 551
-9	-27	-41	-25	-20	-48	-12	-9	cell = 552 to 559
-49	25	-10	-24	21	-58	-15	-11	cell = 560 to 567
16	-65	-29	6	-22	-14	-58	17	cell = 568 to 575
-40	-14	-6	27	9	17	-41	14	cell = 576 to 583
19	-5	-23	3	-30	-44	-45	-2	cell = 584 to 591
44	15	14	-17	-16	-41	-7	15	cell = 592 to 599
-33	-63	-3	-4	30	-13	-16	-10	cell = 600 to 607
29	0	-26	-2	-24	-37	-41	30	cell = 608 to 615
-19	1	-24	-23	-4	-5	-7	-78	cell = 616 to 623
-34	-21	-50	0	-38	6	-33	-23	cell = 624 to 631
3	-27	-42	4	7	-20	-19	-11	cell = 632 to 639
-13	20	-6	-3	-33	-17	-65	12	cell = 640 to 647
28	-19	-3	31	14	-33	-68	-5	cell = 648 to 655
36	3	4	-38	-13	-41	-32	-20	cell = 656 to 663
-7	-33	-28	-17	-26	-30	0	7	cell = 664 to 671
-25	-23	-45	14	-21	35	-18	-37	cell = 672 to 679
-5	-5	12	27	-3	-5	-10	-27	cell = 680 to 687
22	-37	-18	6	-24	7	13	-4	cell = 688 to 695
16	-3	-47	-36	-39	8	-34	-19	cell = 696 to 703
3	-8	-35	-38	-8	-23	-45	-40	cell = 704 to 711
-17	-19	-37	1	45	-1	-21	13	cell = 712 to 719
-18	1	6	-14	-33	-1	-34	-6	cell = 720 to 727
-12	-9	-25	-31	-22	-12	-53	-6	cell = 728 to 735
-16	-9	-26	26	-29	-41	-25	13	cell = 736 to 743
-16	-31	-40	-12	2	-4	-27	-20	cell = 744 to 751
-36	-51	-35	41	28	-30	-11	-3	cell = 752 to 759
-6	-42	-39	-7	-43	0	0	-2	cell = 760 to 767
-33	-7	-52	-4	-18	-5	4	-10	cell = 768 to 775
-22	-22	-31	-50	-38	-35	-32	-23	cell = 776 to 783
-20	35	-67	-24	0	-17	-34	18	cell = 784 to 791
-30	-46	6	9	-22	-6	29	27	cell = 792 to 799
2	-27	-6	15	-36	-12	-19	-8	cell = 800 to 807
-34	0	-8	-35	-31	-22	-36	-24	cell = 808 to 815
-11	-49	-24	-59	-29	-10	8	-15	cell = 816 to 823
1	-40	-11	-22	-80	-38	-25	-13	cell = 824 to 831
-51	-23	-11	-26	11	11	2	-2	cell = 832 to 839
-3	-19	-57	-31	-40	-7	-6	14	cell = 840 to 847
-19	1	-46	-22	-15	-40	-15	5	cell = 848 to 855
-35	-26	-57	-29	-35	20	-32	-21	cell = 856 to 863
14	-19	-19	-49	18	-24	-36	-16	cell = 864 to 871
11	-22	10	-53	24	-49	-5	-14	cell = 872 to 879
-32	0	12	-10	-11	11	-39	-5	cell = 880 to 887
16	-30	-51	-27	-20	-23	20	11	cell = 888 to 895
38	-9	-17	5	-47	7	-24	-46	cell = 896 to 903
-12	41	20	-29	7	-10	-14	-5	cell = 904 to 911
2	-31	-30	-28	-12	-11	-26	8	cell = 912 to 919
-37	-26	-49	-69	-35	-47	2	-21	cell = 920 to 927
-13	26	6	23	-27	-19	-28	15	cell = 928 to 935
-36	-28	12	-26	19	-10	-18	-8	cell = 936 to 943
-10	6	-41	13	10	7	-24	33	cell = 944 to 951
-17	-4	-61	1	7	11	-60	-5	cell = 952 to 959
-17	-16	-20	14	-21	-17	-50	-30	cell = 960 to 967
-37	-11	54	-10	-48	19	-11	-11	cell = 968 to 975
-7	43	-17	-29	2	0	-56	-44	cell = 976 to 983
-32	-42	20	-35	-47	-22	-13	-34	cell = 984 to 991
-19	-30	-38	16	-19	7	-14	16	cell = 992 to 999
-40	-22	36	-8	-2	-11	-50	-51	cell = 1000 to 1007
-59	-3	-4	-85	-26	-33	-11	-32	cell = 1008 to 1015
-43	-26	-53	-9	-31	-20	-11	0	cell = 1016 to 1023
Calibration values from cell 0 to 1024 for channel 4:

65	-34	48	12	9	20	35	6	cell = 0 to 7
56	-8	70	-9	20	-21	83	8	cell = 8 to 15
74	-61	19	-13	31	11	71	-44	cell = 16 to 23
33	-18	7	-25	46	-4	49	26	cell = 24 to 31
57	-2	48	41	8	-35	58	-2	cell = 32 to 39
54	-19	15	-6	22	-9	28	2	cell = 40 to 47
52	11	64	-20	59	-33	43	-29	cell = 48 to 55
53	-15	42	-19	20	-19	24	-12	cell = 56 to 63
62	52	50	-25	86	28	40	-59	cell = 64 to 71
66	-12	5	-16	59	-10	87	-11	cell = 72 to 79
51	-31	77	23	23	-39	31	8	cell = 80 to 87
35	-35	62	-11	30	-19	8	-24	cell = 88 to 95
62	-21	-24	-13	14	15	27	-71	cell = 96 to 103
18	-7	44	11	79	-28	54	9	cell = 104 to 111
26	10	72	-26	43	38	39	-27	cell = 112 to 119
62	-3	55	-5	27	-21	61	-21	cell = 120 to 127
85	-12	40	-48	-3	-11	20	-35	cell = 128 to 135
29	20	50	-45	31	-27	62	19	cell = 136 to 143
33	10	52	4	19	-40	46	-15	cell = 144 to 151
57	0	20	-26	42	-11	11	43	cell = 152 to 159
29	-7	38	-2	71	4	23	6	cell = 160 to 167
28	-6	58	16	3	31	58	-17	cell = 168 to 175
36	-32	15	-20	78	3	28	-2	cell = 176 to 183
11	34	53	12	16	-28	23	-5	cell = 184 to 191
72	3	53	-10	12	-27	34	-14	cell = 192 to 199
54	-15	59	-33	45	5	34	10	cell = 200 to 207
-9	-30	85	-5	47	-66	34	26	cell = 208 to 215
44	1	29	10	64	-6	23	4	cell = 216 to 223
32	-14	69	-21	41	-3	-17	-10	cell = 224 to 231
49	10	41	-6	30	21	65	-16	cell = 232 to 239
42	17	63	1	44	-34	66	-9	cell = 240 to 247
34	-40	-5	0	71	19	44	-29	cell = 248 to 255
8	-29	67	-14	29	-43	90	-24	cell = 256 to 263
38	-51	50	-29	57	14	47	-7	cell = 264 to 271
74	-15	48	-19	28	13	11	-13	cell = 272 to 279
19	-35	35	-5	59	-8	38	22	cell = 280 to 287
35	27	30	13	32	-28	86	-14	cell = 288 to 295
-5	-31	26	44	26	6	36	-4	cell = 296 to 303
70	-27	35	-38	34	3	42	-15	cell = 304 to 311
27	14	42	-8	57	-5	26	3	cell = 312 to 319
49	-9	39	-29	23	-3	23	4	cell = 320 to 327
28	-6	0	-47	59	49	46	8	cell = 328 to 335
47	-14	56	-6	83	-61	52	10	cell = 336 to 343
67	-30	62	-29	40	1	26	19	cell = 344 to 351
30	22	5	-12	49	-18	47	-22	cell = 352 to 359
86	-33	28	1	49	34	77	-50	cell = 360 to 367
4	-31	55	-13	9	1	58	-46	cell = 368 to 375
49	-2	38	17	31	-25	25	-32	cell = 376 to 383
58	14	40	20	61	-38	62	0	cell = 384 to 391
65	-8	12	7	48	25	10	-1	cell = 392 to 399
45	11	30	12	0	35	42	9	cell = 400 to 407
60	-20	35	-16	24	-2	18	-16	cell = 408 to 415
36	18	40	-41	-6	-16	46	-35	cell = 416 to 423
31	-9	33	-37	5	-35	62	-27	cell = 424 to 431
61	0	43	-5	27	22	75	-8	cell = 432 to 439
43	-11	47	-28	51	11	9	-35	cell = 440 to 447
53	-12	71	26	71	-26	33	-20	cell = 448 to 455
27	-53	56	-27	42	1	66	41	cell = 456 to 463
12	-22	59	-15	34	19	54	11	cell = 464 to 471
-8	-12	41	-6	49	21	74	-10	cell = 472 to 479
3	5	66	0	45	-15	42	-8	cell = 480 to 487
66	-34	7	-17	19	-66	-4	-26	cell = 488 to 495
33	-2	-37	-104	-3	-62	3	-101	cell = 496 to 503
20	-4	42	13	45	-8	43	5	cell = 504 to 511
-12	-20	2	5	-45	-30	-31	19	cell = 512 to 519
9	0	-49	2	-43	-28	-12	28	cell = 520 to 527
-28	-29	-63	-18	-5	-28	-18	-9	cell = 528 to 535
-34	-24	-44	-9	-43	-5	-36	-2	cell = 536 to 543
23	-10	2	-6	7	-4	-14	-16	cell = 544 to 551
-59	-47	6	6	-12	-5	-46	-14	cell = 552 to 559
-23	-45	-40	-34	6	-17	3	-34	cell = 560 to 567
-40	-11	-30	5	-5	20	-40	-31	cell = 568 to 575
-2	-23	-34	-59	-23	-39	-48	9	cell = 576 to 583
-8	-55	-44	-44	12	17	-13	-46	cell = 584 to 591
18	-7	-2	27	5	-22	-48	-2	cell = 592 to 599
-17	-39	-22	-2	-27	3	-21	-7	cell = 600 to 607
-26	10	9	-1	-32	-9	-51	-49	cell = 608 to 615
-22	9	-5	0	-27	-13	4	-4	cell = 616 to 623
2	-18	-22	14	-56	-2	-21	-54	cell = 624 to 631
-35	-49	-8	-18	-36	-16	-40	46	cell = 632 to 639
8	-1	-13	-26	-5	-8	19	-16	cell = 640 to 647
2	0	-1	0	12	-31	0	21	cell = 648 to 655
-9	-27	-35	-14	25	11	13	0	cell = 656 to 663
-35	15	-18	-26	-14	-33	-42	9	cell = 664 to 671
-25	-19	-33	-12	28	10	-56	-39	cell = 672 to 679
2	70	-16	-38	-21	-24	-43	8	cell = 680 to 687
-26	-38	-7	-10	-45	-12	19	9	cell = 688 to 695
-2	-14	-24	-18	-7	-24	-21	-3	cell = 696 to 703
-37	6	-48	-1	-27	-18	-9	2	cell = 704 to 711
-68	-28	2	0	-36	-28	-9	-40	cell = 712 to 719
9	-22	2	-3	-41	-45	14	-1	cell = 720 to 727
-24	-11	-29	-35	-13	-34	-20	-25	cell = 728 to 735
-16	3	25	15	-32	-33	-21	-48	cell = 736 to 743
-10	-20	-28	-5	9	-19	11	-14	cell = 744 to 751
-10	6	-5	-7	8	-6	-3	13	cell = 752 to 759
-42	-2	-29	1	-10	-6	-25	-32	cell = 760 to 767
-26	24	-16	-4	2	-26	-28	-37	cell = 768 to 775
-48	-14	-14	13	-53	-16	-5	-1	cell = 776 to 783
2	13	-20	-29	-26	-8	-32	-8	cell = 784 to 791
-9	-3	-10	-10	50	-26	-44	-51	cell = 792 to 799
-35	-64	-26	-4	-10	-10	-5	-24	cell = 800 to 807
-35	-20	-5	-10	-30	12	-44	-38	cell = 808 to 815
-19	-24	-48	-2	-19	-23	-3	31	cell = 816 to 823
-15	-9	-50	-23	-11	-16	-5	-21	cell = 824 to 831
-10	-4	-32	0	-5	-15	-41	-58	cell = 832 to 839
-17	11	-53	-24	-28	-26	-76	-10	cell = 840 to 847
-30	-32	22	-37	17	0	-15	33	cell = 848 to 855
-2	-15	-18	6	-58	0	-12	5	cell = 856 to 863
-18	-48	-48	2	-31	-14	-8	-9	cell = 864 to 871
28	-5	-24	-24	-33	30	-35	-33	cell = 872 to 879
2	-26	-13	-2	-51	-37	-31	2	cell = 880 to 887
3	-3	-31	24	-13	27	-4	-11	cell = 888 to 895
-37	-49	5	-18	-10	-35	-6	-26	cell = 896 to 903
-29	-9	-32	-7	-47	-26	-57	5	cell = 904 to 911
-45	2	-4	-3	-48	24	-25	7	cell = 912 to 919
-30	-11	-51	-3	-32	3	-22	4	cell = 920 to 927
14	14	-36	-5	27	-68	-10	3	cell = 928 to 935
4	5	-16	-21	-6	-17	0	3	cell = 936 to 943
1	6	-7	-37	-10	18	0	10	cell = 944 to 951
-6	-11	-23	-19	0	-1	-10	-7	cell = 952 to 959
-9	-12	5	-27	-11	3	-2	-39	cell = 960 to 967
-9	-15	-23	-39	-15	-24	-14	-44	cell = 968 to 975
-16	11	-31	6	-1	-15	-20	-17	cell = 976 to 983
17	0	-31	-5	-17	-8	-68	11	cell = 984 to 991
-61	-30	18	-18	2	-48	-24	-66	cell = 992 to 999
-33	-5	-22	6	-28	-3	-37	-12	cell = 1000 to 1007
-15	25	-18	2	-28	5	-34	-20	cell = 1008 to 1015
-15	-7	-26	-24	-35	-30	-9	-53	cell = 1016 to 1023
Calibration values from cell 0 to 1024 for channel 5:

74	6	76	-13	44	-12	60	-27	cell = 0 to 7
44	20	51	-34	63	6	60	-31	cell = 8 to 15
32	-5	53	0	11	-24	24	-11	cell = 16 to 23
48	-22	67	-5	21	20	36	-20	cell = 24 to 31
45	-9	18	0	66	-16	35	-10	cell = 32 to 39
87	-32	13	-34	38	35	5	0	cell = 40 to 47
41	-15	56	-20	69	-18	55	-57	cell = 48 to 55
27	-50	62	-10	38	-21	27	-9	cell = 56 to 63
68	-10	71	-32	49	10	34	18	cell = 64 to 71
9	31	62	5	31	-7	88	-5	cell = 72 to 79
39	-19	44	11	-7	-21	7	-13	cell = 80 to 87
34	-33	23	-30	68	-9	45	-30	cell = 88 to 95
13	25	62	-31	-4	-25	7	-40	cell = 96 to 103
34	18	32	10	28	0	31	12	cell = 104 to 111
84	-19	47	-13	43	20	28	-19	cell = 112 to 119
-7	15	89	-51	25	-14	47	-17	cell = 120 to 127
42	-37	62	18	58	-3	74	4	cell = 128 to 135
98	23	62	-8	59	-35	42	12	cell = 136 to 143
48	3	54	21	38	51	38	-29	cell = 144 to 151
51	-10	48	3	25	33	40	-9	cell = 152 to 159
27	5	44	-10	64	13	60	-54	cell = 160 to 167
16	-26	74	-29	47	-13	23	-18	cell = 168 to 175
31	25	58	-6	6	-17	60	-7	cell = 176 to 183
45	-21	40	-6	54	-2	43	-4	cell = 184 to 191
12	-25	38	-8	33	10	23	20	cell = 192 to 199
22	-42	59	-23	24	7	77	-19	cell = 200 to 207
46	-36	70	-28	39	-12	40	-61	cell = 208 to 215
22	-13	8	-12	33	-32	44	-26	cell = 216 to 223
47	9	50	-9	15	33	61	-36	cell = 224 to 231
27	2	21	-6	55	7	21	-8	cell = 232 to 239
30	21	57	-21	79	22	34	-22	cell = 240 to 247
17	6	18	0	43	-32	61	27	cell = 248 to 255
20	-27	34	-42	62	5	49	-30	cell = 256 to 263
28	10	35	41	48	-7	61	25	cell = 264 to 271
39	4	65	7	34	32	49	-10	cell = 272 to 279
11	-16	54	-26	33	3	49	-7	cell = 280 to 287
-4	30	55	16	20	-2	77	-11	cell = 288 to 295
47	9	41	-26	14	26	57	-3	cell = 296 to 303
17	6	55	-7	76	-20	52	-7	cell = 304 to 311
59	4	28	8	54	-35	51	15	cell = 312 to 319
31	18	73	-32	36	-9	47	13	cell = 320 to 327
60	-16	36	-45	26	-8	75	-30	cell = 328 to 335
-13	-8	40	22	24	42	58	-6	cell = 336 to 343
30	-41	33	19	24	33	26	-21	cell = 344 to 351
29	-16	44	-21	5	22	38	-3	cell = 352 to 359
27	-29	24	11	51	-5	41	-20	cell = 360 to 367
53	-32	60	-22	55	-33	62	4	cell = 368 to 375
36	-20	48	-21	14	30	84	-9	cell = 376 to 383
38	-10	94	-49	39	-24	41	-9	cell = 384 to 391
9	-68	58	-49	38	34	66	6	cell = 392 to 399
67	-22	69	-67	28	-12	57	-46	cell = 400 to 407
8	-4	51	-17	55	37	28	18	cell = 408 to 415
2	14	46	-12	24	11	44	-50	cell = 416 to 423
57	-23	85	-6	77	-14	1	-26	cell = 424 to 431
22	-23	55	0	31	-13	46	-25	cell = 432 to 439
41	-7	47	-31	35	-4	61	-6	cell = 440 to 447
44	-39	35	14	42	0	-7	-25	cell = 448 to 455
38	23	57	-23	39	28	10	42	cell = 456 to 463
53	6	41	-6	74	-54	54	-33	cell = 464 to 471
32	-54	44	-20	53	-32	69	-10	cell = 472 to 479
40	13	70	9	54	-46	38	-15	cell = 480 to 487
42	0	0	-40	17	2	47	-10	cell = 488 to 495
33	-29	-15	-79	-24	-71	-54	-87	cell = 496 to 503
63	-36	30	8	31	-11	62	-18	cell = 504 to 511
5	-17	-21	33	-10	4	2	-49	cell = 512 to 519
-27	-21	-59	-21	-42	12	-27	-3	cell = 520 to 527
-34	-7	-3	13	-35	1	-28	13	cell = 528 to 535
-9	-43	-39	-9	-51	-20	-9	7	cell = 536 to 543
18	-45	-54	-11	6	-44	-18	-44	cell = 544 to 551
-34	-35	-16	-4	-22	-27	-20	-11	cell = 552 to 559
-28	6	-10	8	15	6	-32	-4	cell = 560 to 567
-21	-16	-28	-16	-23	-6	-24	-45	cell = 568 to 575
40	-22	4	-21	-33	-7	-11	-39	cell = 576 to 583
-18	-23	-51	-22	-6	-18	-28	5	cell = 584 to 591
-38	31	-32	-23	10	-13	-5	-11	cell = 592 to 599
33	-14	11	-18	-23	-5	-24	-36	cell = 600 to 607
-15	16	-21	3	16	-26	20	-44	cell = 608 to 615
-31	-8	-18	9	27	-2	-34	-9	cell = 616 to 623
-31	-23	-30	-41	37	-18	-39	-14	cell = 624 to 631
-57	-68	-13	8	4	-39	-4	10	cell = 632 to 639
-49	-9	7	31	-1	6	-17	-1	cell = 640 to 647
-35	-41	-60	13	-13	-42	-32	-17	cell = 648 to 655
-19	11	32	-25	-23	-27	-16	-19	cell = 656 to 663
-37	0	-33	43	-5	-3	-12	-6	cell = 664 to 671
-33	-63	4	-34	-20	-13	-9	-8	cell = 672 to 679
-12	24	-29	-24	4	-18	-4	1	cell = 680 to 687
-37	-38	-17	-26	-14	-25	-17	10	cell = 688 to 695
-10	-38	-3	-6	-17	-22	-38	-18	cell = 696 to 703
-2	-2	40	12	-29	-15	-29	-32	cell = 704 to 711
22	-40	3	-13	-27	-30	21	-36	cell = 712 to 719
-35	-24	-64	-42	0	-20	-50	-12	cell = 720 to 727
15	-19	-18	8	-11	-35	-2	0	cell = 728 to 735
18	-7	-21	-18	-25	-27	-59	-14	cell = 736 to 743
-50	-46	-13	-10	-3	-6	-18	-17	cell = 744 to 751
-28	-40	-16	-6	22	-3	-9	-3	cell = 752 to 759
-23	-13	37	-12	-10	-80	-30	-46	cell = 760 to 767
-42	-12	-28	-29	18	-9	-54	-22	cell = 768 to 775
-9	-58	-18	16	7	-42	18	-37	cell = 776 to 783
-30	-5	0	-22	-14	9	-18	-20	cell = 784 to 791
-45	-19	-9	-34	-53	-18	-16	-1	cell = 792 to 799
-36	-31	-30	-40	6	6	-7	-2	cell = 800 to 807
-6	-32	-3	-56	-34	-31	-38	-12	cell = 808 to 815
-19	-36	12	-21	-13	-10	-65	-14	cell = 816 to 823
-21	-18	-42	-2	-11	37	-42	-13	cell = 824 to 831
-23	0	-29	10	14	-30	-17	17	cell = 832 to 839
-16	-38	-46	-13	25	-5	-20	-25	cell = 840 to 847
-42	-43	-26	12	2	0	-19	-7	cell = 848 to 855
-32	1	-48	-2	-41	-52	-24	-24	cell = 856 to 863
-58	-30	-19	-56	-41	20	-27	3	cell = 864 to 871
-12	-35	37	-34	10	-3	-21	28	cell = 872 to 879
2	-38	65	12	-23	-22	-21	-27	cell = 880 to 887
-11	-37	-6	-30	-18	-2	-28	-9	cell = 888 to 895
-32	4	-16	33	-29	-52	-57	-8	cell = 896 to 903
-27	-47	-43	-45	0	-2	-76	-17	cell = 904 to 911
-11	22	8	-18	-11	-22	-3	-37	cell = 912 to 919
-18	13	-25	-12	-43	-15	10	-7	cell = 920 to 927
-22	-24	-38	6	23	-70	-14	5	cell = 928 to 935
-1	-44	-18	-31	-11	0	-3	-40	cell = 936 to 943
-14	1	-6	-15	-36	-22	-19	-10	cell = 944 to 951
-32	-22	-5	25	-17	16	-50	-19	cell = 952 to 959
-46	-17	-53	13	-14	7	29	31	cell = 960 to 967
-8	-4	-31	3	23	22	5	-28	cell = 968 to 975
8	-25	-23	19	23	-29	-28	3	cell = 976 to 983
4	-33	-19	-19	-32	-35	-23	-16	cell = 984 to 991
-25	-8	0	10	-72	-3	-15	-39	cell = 992 to 999
-7	-4	-42	25	-40	8	-11	-16	cell = 1000 to 1007
4	-1	-45	4	-37	-28	-7	-61	cell = 1008 to 1015
-28	-30	-60	-2	2	0	-16	-22	cell = 1016 to 1023
Calibration values from cell 0 to 1024 for channel 6:

86	-4	45	-35	33	-15	30	-29	cell = 0 to 7
52	-7	31	5	45	-58	37	-6	cell = 8 to 15
37	-2	26	-4	69	25	52	-45	cell = 16 to 23
18	-12	44	36	12	60	44	-22	cell = 24 to 31
28	5	44	-1	18	-3	49	-7	cell = 32 to 39
37	-12	41	30	31	-28	57	21	cell = 40 to 47
-6	13	40	-25	-2	5	19	-22	cell = 48 to 55
48	0	50	-22	42	1	2	-27	cell = 56 to 63
12	15	60	-32	25	-37	1	2	cell = 64 to 71
36	-1	27	-23	-2	-36	56	-13	cell = 72 to 79
65	-14	15	-6	26	6	18	-4	cell = 80 to 87
47	-3	51	-19	72	-23	6	7	cell = 88 to 95
8	13	22	-3	84	-39	18	-56	cell = 96 to 103
29	-1	68	6	39	33	38	-20	cell = 104 to 111
32	31	51	-27	88	19	36	-20	cell = 112 to 119
14	-59	28	-17	18	38	67	-4	cell = 120 to 127
82	-30	60	48	36	4	59	13	cell = 128 to 135
62	-17	43	-9	62	4	46	-5	cell = 136 to 143
61	-3	55	-19	36	-24	-14	1	cell = 144 to 151
80	-2	80	18	46	-23	44	7	cell = 152 to 159
20	-6	14	2	74	-33	41	-27	cell = 160 to 167
47	-4	49	-15	57	-13	66	-7	cell = 168 to 175
27	15	67	-33	61	-21	51	-20	cell = 176 to 183
66	-15	41	-17	29	25	70	11	cell = 184 to 191
74	34	52	2	28	-12	63	-37	cell = 192 to 199
39	-3	79	-1	43	-18	56	12	cell = 200 to 207
69	-18	55	-2	46	-2	65	-69	cell = 208 to 215
58	-31	72	0	38	-11	74	-11	cell = 216 to 223
58	-10	40	-31	47	-4	27	-23	cell = 224 to 231
41	21	30	4	26	6	92	-19	cell = 232 to 239
67	-28	48	-17	16	-26	33	-26	cell = 240 to 247
49	-21	53	-36	62	18	7	27	cell = 248 to 255
77	9	70	5	35	-54	77	-42	cell = 256 to 263
49	-4	3	-70	48	18	59	-27	cell = 264 to 271
62	-42	79	2	24	0	53	-2	cell = 272 to 279
72	16	28	-6	61	21	27	-34	cell = 280 to 287
38	18	44	-4	16	12	33	-20	cell = 288 to 295
54	-67	36	-32	64	5	53	7	cell = 296 to 303
40	-39	58	-14	24	-19	72	8	cell = 304 to 311
44	-8	35	-22	5	-13	42	-46	cell = 312 to 319
86	-30	31	-7	38	-8	78	16	cell = 320 to 327
34	6	37	-45	56	-54	52	-14	cell = 328 to 335
82	18	38	-23	81	-4	49	-35	cell = 336 to 343
44	-5	62	6	45	-27	73	-15	cell = 344 to 351
36	-5	40	-23	74	13	33	7	cell = 352 to 359
21	-5	45	-21	24	3	31	7	cell = 360 to 367
46	-26	38	-36	37	-7	61	12	cell = 368 to 375
18	5	2	-9	38	-7	36	-8	cell = 376 to 383
30	21	27	-22	76	-40	53	-20	cell = 384 to 391
70	-54	55	-35	45	-39	80	18	cell = 392 to 399
21	-16	70	12	55	-20	66	1	cell = 400 to 407
26	23	9	-47	31	32	49	-35	cell = 408 to 415
16	-25	70	17	57	31	59	-21	cell = 416 to 423
62	8	38	-24	17	-34	53	19	cell = 424 to 431
22	-12	47	-42	45	-30	34	-14	cell = 432 to 439
24	-9	79	-8	29	-10	43	-26	cell = 440 to 447
29	54	30	-1	65	1	7	-7	cell = 448 to 455
44	28	39	-67	93	27	30	5	cell = 456 to 463
17	-2	28	29	43	-6	52	12	cell = 464 to 471
4	2	24	-6	9	-6	23	7	cell = 472 to 479
36	3	31	-47	34	-5	58	-13	cell = 480 to 487
19	-4	76	-25	44	-45	112	-6	cell = 488 to 495
23	22	-9	-76	-31	-63	-40	-80	cell = 496 to 503
43	26	36	15	46	-31	36	-16	cell = 504 to 511
-14	-1	-15	-19	-43	-38	-16	-14	cell = 512 to 519
11	-25	-46	-35	-63	-19	20	-12	cell = 520 to 527
-8	-23	-10	4	-11	-9	8	-56	cell = 528 to 535
-1	13	-58	-37	-31	-15	-59	-27	cell = 536 to 543
1	-15	-45	13	26	-24	-50	-11	cell = 544 to 551
-37	-58	-30	28	-3	-15	-34	-7	cell = 552 to 559
20	-13	-2	-34	-10	-35	1	-12	cell = 560 to 567
11	-8	-9	13	0	-30	-27	15	cell = 568 to 575
-20	7	-34	-13	-37	-27	-3	-7	cell = 576 to 583
-50	-27	-55	-22	-37	-79	13	-6	cell = 584 to 591
-30	8	-18	17	-19	37	-57	-15	cell = 592 to 599
14	-12	12	-56	0	-18	-30	-5	cell = 600 to 607
28	-31	-13	-26	14	9	-35	-7	cell = 608 to 615
4	-32	-15	3	-7	-34	-17	-21	cell = 616 to 623
-38	-5	-5	-12	-31	-5	-24	-41	cell = 624 to 631
-19	31	-28	-35	-29	14	-5	-10	cell = 632 to 639
2	-31	-35	-10	-55	9	-23	-34	cell = 640 to 647
-10	-11	-50	-9	1	-71	2	37	cell = 648 to 655
-27	-7	-58	-3	-18	-47	-2	7	cell = 656 to 663
-9	-11	-35	-24	9	-74	-38	-18	cell = 664 to 671
-17	-22	-5	-10	-22	10	-9	-4	cell = 672 to 679
3	0	-9	-38	-36	29	-50	-3	cell = 680 to 687
-29	-6	-7	6	13	-31	5	-4	cell = 688 to 695
0	-41	-7	-26	-15	13	-37	21	cell = 696 to 703
-13	-27	8	2	5	13	-32	-17	cell = 704 to 711
-16	-3	-59	8	-30	-13	-13	12	cell = 712 to 719
-40	-34	-30	-2	29	-26	-29	-51	cell = 720 to 727
-45	-62	-22	17	-21	-28	-28	-19	cell = 728 to 735
-13	-27	32	-22	27	-26	11	-41	cell = 736 to 743
-37	-26	-2	-24	7	-8	-36	-11	cell = 744 to 751
-8	-21	-54	-10	14	-14	-23	25	cell = 752 to 759
-35	2	-14	-30	-4	-25	-10	-2	cell = 760 to 767
-21	-33	-25	-7	-26	-39	-55	-19	cell = 768 to 775
-23	-22	-36	3	-10	-27	-62	-23	cell = 776 to 783
-27	-55	-38	20	-29	-27	-37	-11	cell = 784 to 791
-5	-13	-33	-35	14	-44	-13	-20	cell = 792 to 799
-9	-62	3	-6	8	11	-58	-19	cell = 800 to 807
-31	-59	-5	-2	28	-26	-39	-9	cell = 808 to 815
-27	-34	-22	-38	-61	-37	-13	5	cell = 816 to 823
-29	-22	9	0	-14	-21	-66	-4	cell = 824 to 831
13	-5	7	-53	-33	-4	-22	-42	cell = 832 to 839
3	16	16	-24	-33	0	-37	-4	cell = 840 to 847
-31	-38	-15	-23	-26	-35	-38	29	cell = 848 to 855
31	-22	-12	4	-21	-61	-17	-27	cell = 856 to 863
-42	14	0	25	0	-34	16	-18	cell = 864 to 871
-2	-15	-7	-53	-15	14	-54	-40	cell = 872 to 879
-34	-27	-18	-28	17	-2	-7	16	cell = 880 to 887
-47	-29	-78	-38	8	-35	-42	10	cell = 888 to 895
-10	-21	-39	-19	-15	-10	-20	23	cell = 896 to 903
16	-55	-5	-12	5	-26	33	21	cell = 904 to 911
-25	-29	-59	-27	4	4	-59	-5	cell = 912 to 919
-36	31	19	8	-10	3	-29	7	cell = 920 to 927
-37	-9	-66	-22	-11	-46	-23	-5	cell = 928 to 935
-6	5	-21	-47	-32	-46	-21	14	cell = 936 to 943
-8	3	-32	36	-13	-50	-2	-7	cell = 944 to 951
-38	-20	-22	-13	-21	-12	5	-4	cell = 952 to 959
-25	6	-25	6	-16	23	-10	1	cell = 960 to 967
-33	-1	-3	-23	-42	-55	-34	-24	cell = 968 to 975
16	4	8	-2	4	-5	-27	10	cell = 976 to 983
-3	-22	-87	-16	-33	-38	-28	-25	cell = 984 to 991
-6	-6	-38	-2	-43	14	-18	-30	cell = 992 to 999
-27	-5	-8	-4	-20	-26	-17	-15	cell = 1000 to 1007
-73	-12	14	8	-8	-57	-54	-17	cell = 1008 to 1015
-55	-37	-15	-33	0	8	-5	-9	cell = 1016 to 1023
Calibration values from cell 0 to 1024 for channel 7:

62	-2	26	-39	42	-27	54	-42	cell = 0 to 7
41	-42	31	32	15	1	2	-8	cell = 8 to 15
64	-19	44	-9	13	6	25	13	cell = 16 to 23
33	13	51	1	68	-19	59	-38	cell = 24 to 31
69	36	48	10	41	11	66	0	cell = 32 to 39
68	-13	34	-14	46	1	23	2	cell = 40 to 47
65	16	52	20	36	15	33	-19	cell = 48 to 55
24	-29	65	-22	39	-36	37	2	cell = 56 to 63
64	34	81	-27	42	-32	26	1	cell = 64 to 71
41	-16	42	-17	54	-22	8	-17	cell = 72 to 79
90	-11	35	-8	35	-47	27	-22	cell = 80 to 87
43	-6	56	5	-7	-35	71	9	cell = 88 to 95
41	4	61	-35	47	-2	102	-37	cell = 96 to 103
64	-27	83	-36	57	15	20	10	cell = 104 to 111
18	-31	41	-9	2	-14	22	-27	cell = 112 to 119
55	-32	21	-20	42	-34	65	-38	cell = 120 to 127
45	-14	62	-15	37	-18	50	-42	cell = 128 to 135
16	1	37	-23	37	-11	9	-7	cell = 136 to 143
20	-6	17	-22	45	-2	25	7	cell = 144 to 151
60	-16	65	-12	39	34	51	-24	cell = 152 to 159
71	-42	32	-13	33	-22	23	9	cell = 160 to 167
17	-28	25	6	74	-23	32	4	cell = 168 to 175
45	1	96	-6	55	2	80	-23	cell = 176 to 183
47	-18	38	7	65	-8	67	38	cell = 184 to 191
34	-21	73	21	34	-29	47	-12	cell = 192 to 199
52	-35	70	-34	67	5	56	4	cell = 200 to 207
38	9	39	25	50	-19	11	-20	cell = 208 to 215
85	0	23	-20	17	-3	84	-3	cell = 216 to 223
22	-7	51	21	37	-41	86	-27	cell = 224 to 231
66	26	58	-38	24	-16	32	-31	cell = 232 to 239
19	-28	39	8	22	11	32	-31	cell = 240 to 247
26	-37	33	-16	65	17	45	-45	cell = 248 to 255
-13	8	37	30	6	-11	33	9	cell = 256 to 263
64	-8	91	-20	47	1	47	-24	cell = 264 to 271
20	-4	11	12	61	10	65	-1	cell = 272 to 279
34	-33	18	25	19	-21	36	17	cell = 280 to 287
59	38	43	8	42	-22	79	-38	cell = 288 to 295
49	-16	55	6	24	8	0	0	cell = 296 to 303
48	-13	4	19	86	-17	28	6	cell = 304 to 311
24	-4	47	-27	3	-33	80	-7	cell = 312 to 319
56	3	53	-42	48	29	29	-46	cell = 320 to 327
25	-13	7	-23	37	-6	46	8	cell = 328 to 335
65	-16	15	-10	32	-10	37	-25	cell = 336 to 343
50	-20	47	-40	71	30	51	-13	cell = 344 to 351
2	-33	62	-9	45	41	6	-23	cell = 352 to 359
7	-10	32	-17	52	-18	25	-10	cell = 360 to 367
-9	15	46	39	-3	6	49	1	cell = 368 to 375
44	-3	47	-15	55	-3	53	-33	cell = 376 to 383
21	47	52	-31	26	-9	78	-13	cell = 384 to 391
25	-10	48	-29	91	-34	28	-20	cell = 392 to 399
52	-8	22	-19	43	-8	0	0	cell = 400 to 407
24	-48	30	-17	70	16	33	-32	cell = 408 to 415
52	19	50	5	27	-34	33	-18	cell = 416 to 423
2	-2	29	-22	49	-11	46	3	cell = 424 to 431
19	2	39	4	60	-58	36	-5	cell = 432 to 439
16	3	21	4	0	14	28	-60	cell = 440 to 447
41	3	52	-23	54	14	39	-54	cell = 448 to 455
52	17	42	6	45	-13	48	-8	cell = 456 to 463
61	-14	7	9	62	-6	54	6	cell = 464 to 471
43	-76	24	-2	13	-39	55	25	cell = 472 to 479
28	4	10	6	67	-15	21	-14	cell = 480 to 487
10	0	76	-34	46	-44	11	-23	cell = 488 to 495
23	18	-37	-104	-29	-92	-22	-115	cell = 496 to 503
44	-33	-9	-9	44	-21	40	-9	cell = 504 to 511
-19	-16	-8	0	7	-48	-10	-35	cell = 512 to 519
-13	-39	-20	-3	11	-25	-44	-45	cell = 520 to 527
-7	-52	-35	18	-15	-20	-29	-1	cell = 528 to 535
-17	-10	10	-11	-54	-21	-36	-19	cell = 536 to 543
-52	1	-5	9	-11	-21	-4	-4	cell = 544 to 551
-41	-28	0	-14	-4	-31	-19	40	cell = 552 to 559
-6	-34	-17	0	-54	-34	-28	7	cell = 560 to 567
4	-23	-43	-25	-13	-4	-30	20	cell = 568 to 575
-11	-31	-31	-3	-24	-13	23	-23	cell = 576 to 583
0	-33	-8	57	-41	-20	-35	-12	cell = 584 to 591
27	-24	-28	-27	0	18	19	6	cell = 592 to 599
2	-39	9	8	14	-20	-10	-14	cell = 600 to 607
-4	-16	-32	29	-16	-32	16	-44	cell = 608 to 615
-16	1	-59	-41	-1	-22	5	44	cell = 616 to 623
-38	11	-18	2	-20	-21	-29	-11	cell = 624 to 631
11	11	-19	6	-42	33	-26	-8	cell = 632 to 639
15	-18	-26	-3	-42	-52	5	-41	cell = 640 to 647
-2	-19	-12	0	-32	-16	7	-12	cell = 648 to 655
-4	9	-32	-8	6	5	-17	4	cell = 656 to 663
-14	17	-24	10	2	-45	-34	2	cell = 664 to 671
32	-53	21	-21	-11	-37	-47	-17	cell = 672 to 679
-28	-50	-21	-27	-22	4	-2	24	cell = 680 to 687
-13	-27	16	-8	4	-16	4	-37	cell = 688 to 695
-37	-9	-43	-18	6	-6	-15	0	cell = 696 to 703
1	-11	-25	-18	-14	-5	-33	-6	cell = 704 to 711
-26	14	-59	-27	-31	-20	-16	8	cell = 712 to 719
10	8	-39	-42	11	-40	-59	-7	cell = 720 to 727
-16	-10	-19	-1	-39	6	-7	-26	cell = 728 to 735
-7	-27	-8	10	-5	10	-21	-23	cell = 736 to 743
-10	-29	-19	-20	-29	-29	-1	5	cell = 744 to 751
-2	-31	-4	-28	-38	3	-14	-1	cell = 752 to 759
-6	-13	-36	9	-32	-12	-22	-4	cell = 760 to 767
-23	3	-49	-24	-44	-22	-9	-22	cell = 768 to 775
-53	-8	0	-27	-28	-9	-48	-5	cell = 776 to 783
-59	-11	-39	17	-5	-28	1	-8	cell = 784 to 791
-20	-42	23	28	-23	-22	-12	-38	cell = 792 to 799
-8	38	0	14	30	7	-23	-21	cell = 800 to 807
-17	-21	1	-31	-25	-28	-65	10	cell = 808 to 815
5	-29	-31	-35	9	-10	-7	-17	cell = 816 to 823
24	11	28	-29	-39	-44	-41	-24	cell = 824 to 831
-31	-15	-33	16	-35	16	41	12	cell = 832 to 839
-49	-14	31	24	-66	-35	-4	-8	cell = 840 to 847
5	-7	0	10	-35	8	-31	-34	cell = 848 to 855
-23	-6	-9	0	-30	-32	-36	-15	cell = 856 to 863
9	0	-49	5	-37	-12	-40	27	cell = 864 to 871
-38	-3	-41	37	-37	-29	2	23	cell = 872 to 879
-2	-46	-25	-1	6	17	-9	-22	cell = 880 to 887
-46	-19	-31	1	-40	-20	9	19	cell = 888 to 895
-30	-40	1	-49	3	18	-49	-30	cell = 896 to 903
-58	-6	-37	-23	24	-14	-25	-12	cell = 904 to 911
-45	-36	15	-21	6	11	-23	20	cell = 912 to 919
-32	-24	-74	-32	-38	-11	-72	-9	cell = 920 to 927
40	-12	-58	-57	26	-18	12	-40	cell = 928 to 935
-56	-30	16	-27	2	5	-41	-51	cell = 936 to 943
-15	-14	-26	-19	-20	17	-35	-5	cell = 944 to 951
-5	-33	-19	-17	-15	-7	6	-35	cell = 952 to 959
-12	-2	-53	-25	10	0	-22	-58	cell = 960 to 967
-44	-29	22	-15	-44	-51	20	-7	cell = 968 to 975
-33	5	-43	19	-36	10	-35	4	cell = 976 to 983
-14	-2	1	4	-27	3	-25	-48	cell = 984 to 991
8	38	15	-11	-8	45	8	4	cell = 992 to 999
-39	-27	-7	-23	-33	-16	-44	8	cell = 1000 to 1007
-19	-41	18	0	-49	2	-32	-19	cell = 1008 to 1015
-9	-15	-50	-13	-42	-53	-8	-30	cell = 1016 to 1023
Calibration values from cell 0 to 1024 for channel 8:

42	40	38	-12	75	9	58	-37	cell = 0 to 7
54	-13	32	-2	52	41	57	2	cell = 8 to 15
88	-14	88	12	32	1	59	4	cell = 16 to 23
65	3	38	10	36	-8	41	-26	cell = 24 to 31
37	-1	42	-23	58	15	5	-35	cell = 32 to 39
38	5	32	-34	46	-24	14	-11	cell = 40 to 47
80	9	39	18	31	11	64	-19	cell = 48 to 55
59	-40	13	15	46	9	15	-44	cell = 56 to 63
48	4	43	-13	40	15	92	14	cell = 64 to 71
16	-11	48	11	16	30	97	-17	cell = 72 to 79
54	19	38	-8	27	-32	-9	-20	cell = 80 to 87
24	12	54	3	82	-20	93	-6	cell = 88 to 95
35	-29	46	-2	51	-47	20	-17	cell = 96 to 103
42	-1	33	-43	35	33	23	-54	cell = 104 to 111
10	-14	40	-13	66	-8	29	-33	cell = 112 to 119
42	15	53	-24	44	-12	75	21	cell = 120 to 127
29	-4	47	9	1	18	36	-35	cell = 128 to 135
35	-29	55	23	64	23	53	-27	cell = 136 to 143
20	5	66	6	72	-19	53	-15	cell = 144 to 151
5	-12	30	-35	3	-29	37	26	cell = 152 to 159
33	18	39	-5	17	-19	62	15	cell = 160 to 167
3	-24	48	24	39	-27	38	-6	cell = 168 to 175
49	17	16	-5	50	-3	49	-11	cell = 176 to 183
48	8	16	-14	52	-28	36	0	cell = 184 to 191
55	-29	11	40	54	-21	62	-26	cell = 192 to 199
36	-16	47	-6	70	-7	51	17	cell = 200 to 207
25	12	50	-2	13	42	38	-39	cell = 208 to 215
55	-2	34	-9	22	-12	64	-8	cell = 216 to 223
35	-6	45	10	22	33	11	-21	cell = 224 to 231
20	19	42	30	44	-4	25	-6	cell = 232 to 239
25	-10	57	24	8	14	12	-64	cell = 240 to 247
53	-3	30	12	16	3	60	20	cell = 248 to 255
30	-10	2	-5	30	-24	31	36	cell = 256 to 263
39	-19	52	-42	37	-36	26	-32	cell = 264 to 271
68	-23	67	1	48	-15	48	21	cell = 272 to 279
20	19	37	-27	31	18	29	-24	cell = 280 to 287
51	-19	45	-43	36	43	48	5	cell = 288 to 295
69	-22	55	2	14	-10	55	-15	cell = 296 to 303
51	-22	67	-16	55	-49	103	-51	cell = 304 to 311
22	-51	19	-45	-1	0	72	-26	cell = 312 to 319
24	-22	53	3	29	-14	70	1	cell = 320 to 327
-11	-6	9	-7	68	25	29	-8	cell = 328 to 335
53	48	65	-48	54	-32	67	-20	cell = 336 to 343
43	-18	49	13	-19	-8	50	-1	cell = 344 to 351
15	-16	27	33	43	24	67	4	cell = 352 to 359
54	-8	67	-5	47	24	48	27	cell = 360 to 367
8	12	60	1	35	13	89	-29	cell = 368 to 375
24	-6	46	-28	22	3	59	-33	cell = 376 to 383
75	3	42	-25	-5	-22	53	28	cell = 384 to 391
77	-31	45	-25	54	-18	13	13	cell = 392 to 399
64	12	33	-65	57	37	60	-26	cell = 400 to 407
74	-6	64	-4	-10	-25	26	10	cell = 408 to 415
7	0	18	11	54	-8	11	26	cell = 416 to 423
59	33	88	-52	22	-46	47	14	cell = 424 to 431
7	-11	2	-19	57	19	100	14	cell = 432 to 439
99	38	71	-36	26	-20	12	-32	cell = 440 to 447
59	-8	51	-4	61	-20	35	3	cell = 448 to 455
6	-3	90	-55	18	17	58	-25	cell = 456 to 463
12	-3	54	-31	81	-14	13	19	cell = 464 to 471
39	-16	70	10	71	-13	31	1	cell = 472 to 479
18	18	58	22	-11	-3	30	-48	cell = 480 to 487
26	-11	88	-41	50	-36	59	-31	cell = 488 to 495
53	-4	30	-90	-68	-60	-49	-95	cell = 496 to 503
35	-9	47	47	57	-4	39	-6	cell = 504 to 511
-30	5	-30	8	-18	-62	-14	-19	cell = 512 to 519
-3	-44	-6	-41	-35	-37	-38	-12	cell = 520 to 527
-22	0	16	14	-24	-42	-43	15	cell = 528 to 535
6	-30	-16	-9	16	-31	-1	48	cell = 536 to 543
-45	-32	-10	34	-38	-55	-34	-14	cell = 544 to 551
27	-8	24	-44	11	-42	-31	-22	cell = 552 to 559
17	-18	1	-38	-6	3	-53	-28	cell = 560 to 567
-19	-15	-26	-6	16	-28	-18	12	cell = 568 to 575
-32	-10	-36	-15	-10	-32	-5	-11	cell = 576 to 583
-51	-33	-13	9	-43	-49	20	-46	cell = 584 to 591
-3	-42	-29	12	-38	-22	-1	-25	cell = 592 to 599
-21	10	-39	-33	-5	-19	4	-27	cell = 600 to 607
4	2	-25	47	-2	9	-68	-11	cell = 608 to 615
-37	-37	-24	0	-61	20	-7	18	cell = 616 to 623
-50	-6	-26	23	35	21	-5	-43	cell = 624 to 631
-17	-17	-12	-39	7	9	-55	3	cell = 632 to 639
-38	-3	-41	-7	-6	-49	-28	16	cell = 640 to 647
-36	-29	6	9	-73	23	-27	14	cell = 648 to 655
-26	-34	-28	0	-4	-20	-12	-32	cell = 656 to 663
-28	-23	-14	-17	-14	-3	-18	-14	cell = 664 to 671
-22	7	-30	-15	23	2	-36	13	cell = 672 to 679
-39	27	-38	0	-19	-24	-10	-33	cell = 680 to 687
-31	-16	-20	-4	11	-22	-40	-10	cell = 688 to 695
-14	-40	-25	12	-21	2	-20	25	cell = 696 to 703
-21	-51	-49	2	2	-11	-37	-21	cell = 704 to 711
14	19	-28	15	-11	12	-38	-21	cell = 712 to 719
-44	-13	-20	-18	-20	-12	-38	13	cell = 720 to 727
-26	-46	-64	18	30	1	-54	-21	cell = 728 to 735
-38	-32	2	-29	8	-33	-18	-20	cell = 736 to 743
-17	-9	-70	-11	-1	-46	-61	37	cell = 744 to 751
-23	-73	-49	36	-10	-8	-5	-26	cell = 752 to 759
-15	-5	-29	-27	-36	-28	-68	-8	cell = 760 to 767
-45	-58	-60	15	13	2	-37	-52	cell = 768 to 775
-22	-17	-50	-35	-48	-14	-60	-15	cell = 776 to 783
-26	-32	-30	1	-5	10	20	9	cell = 784 to 791
-14	-44	-51	-48	-14	-19	-58	-17	cell = 792 to 799
-8	28	-27	-1	19	18	17	17	cell = 800 to 807
-41	-14	-21	-10	6	-29	-55	1	cell = 808 to 815
-24	17	-32	1	-8	-16	-21	25	cell = 816 to 823
-43	-26	-16	-30	-13	8	-5	-10	cell = 824 to 831
9	-43	-13	-42	-13	-61	-30	-38	cell = 832 to 839
-27	-26	-30	-12	-10	-5	28	-16	cell = 840 to 847
39	-4	-55	13	-36	-41	-17	-9	cell = 848 to 855
-39	-19	-26	-10	-10	-13	-7	-23	cell = 856 to 863
-43	-28	-23	36	-51	-22	-49	-26	cell = 864 to 871
7	-31	-16	24	-46	-52	16	-21	cell = 872 to 879
-22	-33	-4	-17	-17	-13	4	-25	cell = 880 to 887
-43	-43	-16	30	-28	2	-51	-23	cell = 888 to 895
-17	-65	5	34	18	-20	-45	-35	cell = 896 to 903
-35	-61	1	12	27	-20	-11	-11	cell = 904 to 911
-10	-29	-30	8	-3	12	-15	-32	cell = 912 to 919
-31	-25	-2	-5	-2	11	14	0	cell = 920 to 927
-22	-62	-21	3	-13	20	-18	22	cell = 928 to 935
-12	-52	-28	15	-48	-91	-28	-4	cell = 936 to 943
7	-13	11	-40	-40	-15	-29	-80	cell = 944 to 951
-47	-23	-30	-65	3	-26	-38	-18	cell = 952 to 959
24	-9	-36	-19	-21	-43	-6	-28	cell = 960 to 967
14	-27	2	-26	-36	-6	24	-42	cell = 968 to 975
-20	17	0	-17	-44	-31	-14	-31	cell = 976 to 983
-28	-4	-15	22	-43	-19	-12	32	cell = 984 to 991
-1	-30	5	-29	-58	-9	-50	-41	cell = 992 to 999
-40	-9	-32	-4	-43	-17	-38	5	cell = 1000 to 1007
-3	-19	-20	-37	8	-57	-38	-32	cell = 1008 to 1015
19	14	-35	-38	14	-19	14	-24	cell = 1016 to 1023
