Calibration values from cell 0 to 1024 for channel 0:

64	-7	55	-23	-12	13	27	-17	cell = 0 to 7
0	16	34	-42	9	-6	36	22	cell = 8 to 15
35	-19	38	12	53	28	61	-36	cell = 16 to 23
45	-16	32	1	23	-27	72	27	cell = 24 to 31
40	-31	20	-7	78	1	20	16	cell = 32 to 39
59	2	33	-10	19	0	22	-44	cell = 40 to 47
11	-7	105	34	73	-24	17	-6	cell = 48 to 55
76	17	25	44	22	-31	31	14	cell = 56 to 63
47	18	37	12	10	-25	16	8	cell = 64 to 71
44	-23	93	-2	44	16	32	-39	cell = 72 to 79
37	-10	59	-32	38	2	41	6	cell = 80 to 87
55	-22	15	-4	57	-4	62	18	cell = 88 to 95
42	-35	52	-3	46	-2	43	-42	cell = 96 to 103
-9	42	26	5	69	34	37	33	cell = 104 to 111
45	11	22	-13	34	-1	58	-12	cell = 112 to 119
30	14	38	17	23	-37	62	-20	cell = 120 to 127
5	15	70	7	56	16	76	14	cell = 128 to 135
74	0	49	34	56	-12	77	-11	cell = 136 to 143
32	-38	22	-5	59	-51	58	29	cell = 144 to 151
50	-11	26	-1	32	5	40	-13	cell = 152 to 159
45	12	7	-35	53	-7	58	-34	cell = 160 to 167
63	-16	17	12	-2	26	57	5	cell = 168 to 175
16	2	56	26	55	68	40	20	cell = 176 to 183
34	-20	23	-16	38	7	69	5	cell = 184 to 191
39	-18	76	-17	59	3	34	-22	cell = 192 to 199
66	-37	26	-7	57	-27	54	10	cell = 200 to 207
8	-20	47	-33	30	-13	69	-2	cell = 208 to 215
43	-5	47	6	24	6	34	-28	cell = 216 to 223
45	11	26	6	49	-31	44	-24	cell = 224 to 231
15	26	34	12	35	9	93	-6	cell = 232 to 239
64	-9	63	-11	65	-19	55	-15	cell = 240 to 247
19	-9	42	-16	63	16	36	-10	cell = 248 to 255
39	15	48	-15	56	8	57	21	cell = 256 to 263
49	-5	51	2	36	15	35	-31	cell = 264 to 271
16	-35	59	-9	-2	8	26	-11	cell = 272 to 279
49	-6	-17	12	41	-15	46	16	cell = 280 to 287
24	6	62	-3	68	1	55	13	cell = 288 to 295
62	1	63	-8	46	7	27	9	cell = 296 to 303
-11	-3	72	-1	33	-19	23	5	cell = 304 to 311
63	-11	19	-20	24	9	22	-30	cell = 312 to 319
27	4	105	20	43	13	8	-11	cell = 320 to 327
52	-41	90	0	62	-22	18	-23	cell = 328 to 335
25	-27	52	21	20	1	25	19	cell = 336 to 343
57	20	68	49	9	2	41	-24	cell = 344 to 351
63	19	50	-14	53	-31	60	6	cell = 352 to 359
82	20	40	-20	67	12	35	-16	cell = 360 to 367
43	-10	35	1	53	-12	8	-22	cell = 368 to 375
42	-5	20	37	59	-22	54	0	cell = 376 to 383
44	-21	31	-30	12	-47	52	-7	cell = 384 to 391
54	-9	44	-7	52	0	39	-1	cell = 392 to 399
66	6	53	-25	102	-37	84	-27	cell = 400 to 407
74	5	51	36	87	12	54	-31	cell = 408 to 415
7	37	8	2	42	-11	57	12	cell = 416 to 423
52	4	46	-9	9	15	59	-15	cell = 424 to 431
55	-11	55	25	50	-3	5	-21	cell = 432 to 439
44	11	26	-43	8	5	37	-2	cell = 440 to 447
41	-52	4	-30	60	-11	64	9	cell = 448 to 455
50	-49	48	-10	30	-12	12	16	cell = 456 to 463
30	-4	62	5	-21	-4	89	-45	cell = 464 to 471
54	12	39	25	67	-5	46	1	cell = 472 to 479
37	3	66	-31	8	-8	22	-16	cell = 480 to 487
58	-8	51	15	58	-15	22	-10	cell = 488 to 495
15	19	-13	-84	-23	-43	-3	-31	cell = 496 to 503
57	23	53	28	38	36	46	11	cell = 504 to 511
-19	-4	-19	-29	-43	9	-35	5	cell = 512 to 519
-40	-9	-32	-52	-12	-51	-20	-40	cell = 520 to 527
-19	10	-10	-26	-5	2	-14	-36	cell = 528 to 535
-33	-39	-34	-10	-21	-53	-16	-2	cell = 536 to 543
-41	-5	-37	-30	-9	6	14	-50	cell = 544 to 551
17	-25	9	-5	-40	16	12	-26	cell = 552 to 559
-69	-59	-6	-28	2	-21	-14	-27	cell = 560 to 567
-8	-6	-52	15	-23	16	-30	3	cell = 568 to 575
-51	-52	-15	-34	-41	-35	-11	-47	cell = 576 to 583
-17	-8	-24	4	-55	-15	7	22	cell = 584 to 591
-81	-32	-55	-29	-57	-32	-54	-19	cell = 592 to 599
-29	-34	-42	-49	-27	-41	-5	-1	cell = 600 to 607
9	-38	-23	-39	-9	-11	4	-17	cell = 608 to 615
-10	-14	-26	-20	27	-13	-38	-56	cell = 616 to 623
-10	22	12	-4	1	-38	-27	5	cell = 624 to 631
-46	-2	-57	-16	-12	-18	-7	-2	cell = 632 to 639
-27	-9	-42	-21	-39	0	-20	-5	cell = 640 to 647
-11	-11	-12	-24	-22	-47	-44	0	cell = 648 to 655
-14	9	-35	-9	-1	-14	12	37	cell = 656 to 663
15	3	-42	-12	-47	-33	-6	-57	cell = 664 to 671
-25	4	-52	-30	-25	-56	-17	-26	cell = 672 to 679
12	-35	-61	-11	-37	-23	15	-17	cell = 680 to 687
-39	-16	-8	9	-8	-15	-24	-28	cell = 688 to 695
-37	10	-65	-23	-42	5	-54	-28	cell = 696 to 703
-33	-34	-12	-37	-23	-22	-24	-3	cell = 704 to 711
-30	-38	-31	-9	2	-4	-29	-12	cell = 712 to 719
-9	-22	-14	-48	-62	-16	-5	-4	cell = 720 to 727
-56	-13	-21	-38	-31	-16	-10	-21	cell = 728 to 735
-26	6	0	-25	-10	-10	-27	-8	cell = 736 to 743
-5	-54	-12	-16	-34	-24	-30	-16	cell = 744 to 751
-15	-2	-59	-3	-22	-25	-32	11	cell = 752 to 759
13	-34	-27	-53	11	-13	-23	8	cell = 760 to 767
-38	-44	-40	-20	-41	-19	-33	-6	cell = 768 to 775
-24	28	-40	-43	-21	2	-38	11	cell = 776 to 783
-22	-7	-19	10	45	4	-10	-31	cell = 784 to 791
8	3	-40	-26	-41	-33	-19	10	cell = 792 to 799
-54	-17	21	-9	-31	-32	-23	-15	cell = 800 to 807
-34	-14	-13	-5	-36	-39	-51	-28	cell = 808 to 815
-25	-54	-7	-36	6	16	-2	6	cell = 816 to 823
-21	-9	-18	-29	-24	2	-49	14	cell = 824 to 831
5	-8	-46	2	-33	1	-10	-6	cell = 832 to 839
11	-46	-4	-1	-12	-32	-15	-40	cell = 840 to 847
33	13	-21	-42	-3	-38	-14	-28	cell = 848 to 855
-23	12	-46	-13	-45	18	-39	-9	cell = 856 to 863
-54	39	-26	-1	-20	-31	-29	31	cell = 864 to 871
-51	4	18	-22	-9	-29	16	-32	cell = 872 to 879
-48	7	-22	13	-2	-10	-44	-15	cell = 880 to 887
10	-23	5	-2	-11	-42	-39	-23	cell = 888 to 895
-40	-19	8	-22	-49	-27	-17	-20	cell = 896 to 903
23	-53	-36	19	24	-1	-7	19	cell = 904 to 911
0	-29	-15	13	-1	-42	-45	-57	cell = 912 to 919
-21	-11	-18	-9	10	-55	-39	-21	cell = 920 to 927
-35	11	-3	-24	-10	-31	25	-12	cell = 928 to 935
-48	-17	-36	-20	-23	-37	-20	-37	cell = 936 to 943
2	-59	-7	-31	-32	-6	-33	-10	cell = 944 to 951
-15	-58	-14	-33	-40	-2	-16	-12	cell = 952 to 959
-23	20	-20	-26	-15	-12	-26	-58	cell = 960 to 967
-19	-34	-17	13	-27	-12	-40	5	cell = 968 to 975
-4	-43	-18	18	-18	-11	-35	2	cell = 976 to 983
49	-6	17	-12	-29	-14	-40	-28	cell = 984 to 991
6	-36	-83	-4	-39	-24	-22	-24	cell = 992 to 999
-34	-24	8	-25	-18	-13	-32	-4	cell = 1000 to 1007
-31	17	-54	-49	-33	-36	-28	-22	cell = 1008 to 1015
-19	-37	6	-28	-29	-11	-52	-33	cell = 1016 to 1023
Calibration values from cell 0 to 1024 for channel 1:

13	-24	39	-37	50	-17	40	-49	cell = 0 to 7
71	-60	64	-56	-4	-16	23	16	cell = 8 to 15
39	-3	43	-40	35	0	54	-4	cell = 16 to 23
26	17	83	-15	32	-22	54	-41	cell = 24 to 31
79	2	47	-38	54	-5	53	-16	cell = 32 to 39
48	16	66	-6	55	-32	37	12	cell = 40 to 47
62	-52	57	-25	33	9	28	0	cell = 48 to 55
58	24	64	-46	38	9	44	17	cell = 56 to 63
29	-32	47	-2	68	-18	68	-37	cell = 64 to 71
28	-11	32	-14	67	-3	96	-27	cell = 72 to 79
67	-18	69	27	44	-20	22	-6	cell = 80 to 87
7	-6	35	9	50	-3	27	-8	cell = 88 to 95
73	-12	34	-11	58	-5	64	2	cell = 96 to 103
45	11	52	-22	48	-5	71	-34	cell = 104 to 111
19	16	81	-16	16	13	60	-33	cell = 112 to 119
92	21	38	3	52	0	38	-16	cell = 120 to 127
22	10	32	-25	39	-12	45	-13	cell = 128 to 135
28	-32	16	-21	50	-27	70	-9	cell = 136 to 143
25	19	41	-18	36	33	44	9	cell = 144 to 151
31	20	82	15	62	-33	17	21	cell = 152 to 159
39	-16	7	-32	12	-43	28	49	cell = 160 to 167
48	-1	59	-19	54	0	29	-18	cell = 168 to 175
62	-18	17	6	50	-25	52	-21	cell = 176 to 183
67	-11	32	13	30	-19	79	20	cell = 184 to 191
47	5	48	-2	10	8	37	3	cell = 192 to 199
-18	-22	57	-17	68	5	36	-27	cell = 200 to 207
14	-16	69	-28	61	-6	39	17	cell = 208 to 215
65	37	51	0	24	1	52	4	cell = 216 to 223
11	0	69	12	42	27	27	-22	cell = 224 to 231
57	-11	52	-32	50	6	67	-8	cell = 232 to 239
22	12	47	-13	36	23	43	-16	cell = 240 to 247
6	-8	55	32	50	-6	26	19	cell = 248 to 255
67	-29	15	14	-8	-36	71	-9	cell = 256 to 263
27	7	74	-23	21	1	32	-32	cell = 264 to 271
20	-18	36	18	27	-3	18	-6	cell = 272 to 279
63	-19	97	-4	20	21	42	-11	cell = 280 to 287
44	-22	68	-5	51	-25	43	-1	cell = 288 to 295
39	-23	58	9	25	7	9	35	cell = 296 to 303
72	-19	81	-15	37	24	40	4	cell = 304 to 311
51	44	54	-32	57	-15	6	19	cell = 312 to 319
24	-18	-2	-14	44	36	45	-21	cell = 320 to 327
51	29	35	-18	53	-2	23	-10	cell = 328 to 335
52	-25	33	20	75	45	38	-20	cell = 336 to 343
35	17	46	-35	65	1	35	-37	cell = 344 to 351
48	-12	50	-27	57	1	77	-16	cell = 352 to 359
34	14	90	21	17	2	44	-40	cell = 360 to 367
84	-10	26	-9	-9	-9	20	20	cell = 368 to 375
12	12	49	27	28	-25	21	-4	cell = 376 to 383
72	-68	44	-23	13	-9	3	-20	cell = 384 to 391
31	-2	43	36	-1	5	55	6	cell = 392 to 399
46	-6	52	-28	22	-9	47	-7	cell = 400 to 407
90	18	48	-41	23	0	38	23	cell = 408 to 415
18	-31	95	1	61	-47	64	-6	cell = 416 to 423
30	5	45	-8	45	-41	39	-18	cell = 424 to 431
57	23	48	-37	72	-36	43	-36	cell = 432 to 439
20	1	68	-7	64	-43	59	-4	cell = 440 to 447
18	-8	1	-8	-2	-11	39	-15	cell = 448 to 455
42	18	30	3	33	-7	57	-10	cell = 456 to 463
45	-7	58	2	41	-12	22	16	cell = 464 to 471
58	24	16	-6	76	4	62	20	cell = 472 to 479
16	-6	48	17	30	22	77	-5	cell = 480 to 487
74	8	49	-21	35	10	60	-52	cell = 488 to 495
48	-3	-48	-61	-25	-80	-28	-88	cell = 496 to 503
28	5	74	6	34	-63	7	-10	cell = 504 to 511
-41	-29	-3	-22	-51	-38	28	-25	cell = 512 to 519
-19	-38	-2	-11	-37	-30	-51	-30	cell = 520 to 527
-37	-6	6	-11	-2	-30	-50	-16	cell = 528 to 535
35	10	-13	-14	-22	-23	0	-12	cell = 536 to 543
-42	-13	-23	0	-6	-28	8	-34	cell = 544 to 551
51	-84	-37	-24	-35	-20	-19	-31	cell = 552 to 559
21	-30	-22	-18	14	-17	-13	-17	cell = 560 to 567
-13	-34	-19	-33	-3	-11	-30	-33	cell = 568 to 575
-17	20	-64	-12	-16	-64	-20	-18	cell = 576 to 583
-50	8	-29	-21	-29	-49	-38	-17	cell = 584 to 591
-6	-33	-18	-19	-33	-42	-64	38	cell = 592 to 599
21	-3	-7	-23	-19	9	-12	-41	cell = 600 to 607
21	9	0	-34	18	0	-2	-7	cell = 608 to 615
28	-26	-48	-56	1	-15	-53	12	cell = 616 to 623
-21	14	18	-23	-28	16	-29	-60	cell = 624 to 631
-11	-6	-41	-56	-22	39	-32	-22	cell = 632 to 639
-19	-37	6	-12	-15	-35	-37	-26	cell = 640 to 647
-29	-50	7	14	-3	-25	0	-20	cell = 648 to 655
4	13	6	-25	2	-37	-13	-9	cell = 656 to 663
-44	-32	3	-14	-35	-48	-35	2	cell = 664 to 671
-36	-17	-54	-39	-36	-47	-21	-24	cell = 672 to 679
-66	5	-24	-13	0	-30	8	-18	cell = 680 to 687
-60	-17	-13	-6	-14	-4	12	-18	cell = 688 to 695
-32	-7	-10	-8	7	0	-20	6	cell = 696 to 703
4	8	-23	29	-53	-25	-14	-21	cell = 704 to 711
1	-10	-42	-19	-43	-34	-10	-54	cell = 712 to 719
-37	16	-24	-18	-9	28	-47	-48	cell = 720 to 727
-17	-23	-12	-55	4	-45	-36	-61	cell = 728 to 735
5	-55	-22	6	-24	10	-13	-8	cell = 736 to 743
30	13	-4	-25	-7	0	-39	-8	cell = 744 to 751
-6	-62	-20	20	-14	-43	1	-15	cell = 752 to 759
-13	1	19	-7	2	-45	-52	-19	cell = 760 to 767
-36	-21	-88	-24	-19	-38	-26	-10	cell = 768 to 775
-20	-3	2	0	8	-12	-52	-22	cell = 776 to 783
-14	-38	-30	-13	30	-65	-32	-19	cell = 784 to 791
-32	-53	-47	-13	-26	-17	-43	-9	cell = 792 to 799
-24	-34	-9	-4	-18	4	-20	0	cell = 800 to 807
-17	31	35	-11	-24	-55	5	-6	cell = 808 to 815
-35	-21	-19	-16	-13	11	-11	4	cell = 816 to 823
-13	-36	-32	24	-7	-28	-11	22	cell = 824 to 831
-33	24	-5	-25	-18	-34	27	20	cell = 832 to 839
-16	-7	-8	3	-31	-39	0	-23	cell = 840 to 847
-47	-10	-14	-64	-43	-34	-19	-35	cell = 848 to 855
-13	-1	-20	2	7	21	2	-17	cell = 856 to 863
-37	13	-67	16	-14	13	-42	10	cell = 864 to 871
-16	-27	2	27	-30	-52	0	-32	cell = 872 to 879
-5	-10	-35	-18	-18	-10	-53	-35	cell = 880 to 887
-5	-39	-60	-26	-12	5	17	20	cell = 888 to 895
14	-26	-4	-18	-66	-35	-18	8	cell = 896 to 903
7	20	12	-37	15	-45	-31	27	cell = 904 to 911
-49	-39	-40	-6	-20	-10	-5	-18	cell = 912 to 919
-57	-39	8	-3	-43	-35	-6	-19	cell = 920 to 927
-32	-39	-18	2	-7	-36	-59	-39	cell = 928 to 935
-36	-15	-59	5	25	25	-73	-12	cell = 936 to 943
3	-26	-24	-22	-35	-27	-24	0	cell = 944 to 951
1	-21	-75	-17	0	-57	-28	-18	cell = 952 to 959
-2	-13	-54	33	-14	-23	-44	-39	cell = 960 to 967
-46	-5	-30	-47	-38	-26	-50	10	cell = 968 to 975
-34	-5	-12	-29	3	-44	-27	22	cell = 976 to 983
47	-22	-10	-12	-46	-37	-19	-8	cell = 984 to 991
22	7	-15	-9	-9	8	-30	9	cell = 992 to 999
-6	-7	12	13	-61	-33	-9	-33	cell = 1000 to 1007
18	-9	-59	-50	-26	-31	-56	-4	cell = 1008 to 1015
-45	-49	15	-9	-23	-14	-61	-7	cell = 1016 to 1023
Calibration values from cell 0 to 1024 for channel 2:

60	9	47	-2	39	-14	34	-17	cell = 0 to 7
26	25	23	-9	79	-24	34	-28	cell = 8 to 15
19	-18	28	-39	43	19	44	17	cell = 16 to 23
45	-36	80	-31	35	-46	9	-6	cell = 24 to 31
29	10	53	-22	76	-16	45	-48	cell = 32 to 39
73	-28	56	-6	27	5	57	-8	cell = 40 to 47
42	26	42	2	36	0	50	-36	cell = 48 to 55
45	-33	59	-17	54	5	32	26	cell = 56 to 63
46	-43	34	-6	29	11	38	-31	cell = 64 to 71
16	17	28	-18	56	-6	69	-10	cell = 72 to 79
50	16	51	-22	34	6	46	9	cell = 80 to 87
54	34	71	36	68	-31	28	-3	cell = 88 to 95
5	1	59	54	17	0	41	-20	cell = 96 to 103
76	2	25	34	54	-31	69	-21	cell = 104 to 111
51	26	36	-28	53	-21	35	-15	cell = 112 to 119
34	0	26	-22	15	-58	71	-8	cell = 120 to 127
29	-28	71	12	65	-31	35	-40	cell = 128 to 135
43	27	68	41	44	20	31	-36	cell = 136 to 143
40	-8	60	-27	27	-7	37	-3	cell = 144 to 151
73	-14	72	0	61	-13	48	-8	cell = 152 to 159
60	15	67	16	70	-27	43	17	cell = 160 to 167
62	43	49	8	33	-26	15	-5	cell = 168 to 175
90	14	63	1	55	26	28	-35	cell = 176 to 183
58	-6	47	-3	44	-2	35	26	cell = 184 to 191
22	-8	50	24	38	23	32	-33	cell = 192 to 199
59	-22	18	-25	50	-21	30	-35	cell = 200 to 207
51	28	-17	-16	19	4	11	6	cell = 208 to 215
46	-9	38	-60	30	3	8	7	cell = 216 to 223
54	-10	39	-34	12	-21	66	-48	cell = 224 to 231
45	-15	71	36	49	18	96	0	cell = 232 to 239
50	-24	70	9	48	-13	7	-17	cell = 240 to 247
71	0	59	19	24	-49	57	-40	cell = 248 to 255
53	27	55	-25	83	-25	44	-10	cell = 256 to 263
51	-41	33	-14	43	17	40	-1	cell = 264 to 271
47	24	33	-14	62	-17	52	9	cell = 272 to 279
93	-17	20	-13	51	-15	45	-6	cell = 280 to 287
57	21	48	-10	54	51	102	8	cell = 288 to 295
18	-14	62	44	40	-45	7	-52	cell = 296 to 303
54	9	25	11	64	-35	60	13	cell = 304 to 311
73	-8	45	-9	54	-30	4	-25	cell = 312 to 319
66	31	26	-52	48	-25	48	10	cell = 320 to 327
45	5	70	-23	61	33	33	-14	cell = 328 to 335
24	-35	72	-32	4	29	43	-37	cell = 336 to 343
56	-15	38	0	17	2	13	14	cell = 344 to 351
36	-27	78	21	18	-26	66	-48	cell = 352 to 359
33	27	73	-17	45	-34	71	6	cell = 360 to 367
35	9	57	5	32	8	96	35	cell = 368 to 375
54	1	35	20	30	-37	24	-8	cell = 376 to 383
31	0	25	0	43	22	49	-3	cell = 384 to 391
46	-53	42	-39	45	8	47	-8	cell = 392 to 399
36	-58	81	-12	55	8	26	28	cell = 400 to 407
49	-28	55	-33	4	-36	33	25	cell = 408 to 415
27	17	34	15	73	2	74	-10	cell = 416 to 423
23	-12	49	-9	-2	-12	13	2	cell = 424 to 431
35	-32	39	-4	51	8	63	-31	cell = 432 to 439
2	7	9	-5	49	-6	46	-15	cell = 440 to 447
46	-3	34	-25	30	-36	20	-13	cell = 448 to 455
38	-7	73	-3	44	23	34	-29	cell = 456 to 463
10	-6	46	24	55	-39	82	-15	cell = 464 to 471
50	-21	45	13	39	2	28	-11	cell = 472 to 479
46	3	59	-11	47	14	32	-19	cell = 480 to 487
57	-16	81	31	65	-43	12	3	cell = 488 to 495
33	4	-17	-87	-30	-37	-28	-71	cell = 496 to 503
56	6	65	-3	51	-27	17	17	cell = 504 to 511
-23	-23	-20	-10	-26	-2	-43	-45	cell = 512 to 519
-24	-34	-49	-39	-60	-37	-62	-2	cell = 520 to 527
-38	-14	-63	-4	-61	-7	26	-47	cell = 528 to 535
-12	-36	42	-35	-8	-56	-57	-9	cell = 536 to 543
1	-66	-19	-31	-22	-9	-26	17	cell = 544 to 551
-36	-1	-17	-21	3	2	-13	-16	cell = 552 to 559
-28	0	-10	-24	-16	5	2	-4	cell = 560 to 567
-41	1	-23	-29	-61	-4	-10	8	cell = 568 to 575
-20	-13	-47	-34	4	-27	5	-25	cell = 576 to 583
12	-27	-28	-47	-13	0	-29	1	cell = 584 to 591
-28	-32	-60	-4	-18	-37	17	0	cell = 592 to 599
-19	6	2	-45	-6	-26	-29	-10	cell = 600 to 607
-37	-7	-19	-12	15	-63	-5	-35	cell = 608 to 615
-14	-4	-20	0	-5	-14	-31	-46	cell = 616 to 623
12	-1	-73	-13	14	-8	-32	1	cell = 624 to 631
-15	-18	-28	-17	-29	-10	-13	15	cell = 632 to 639
-38	-5	3	-55	-15	-35	-5	-16	cell = 640 to 647
-17	-25	-40	-22	-10	-44	-43	-17	cell = 648 to 655
-2	21	-53	-37	-8	-46	-13	-15	cell = 656 to 663
-44	7	-15	-57	-26	-31	-26	-46	cell = 664 to 671
-4	-10	30	-16	-15	-9	-6	-13	cell = 672 to 679
-31	0	-28	10	15	-49	-19	-8	cell = 680 to 687
-41	-8	-44	-5	10	-9	1	-11	cell = 688 to 695
-4	-49	0	16	19	-6	-7	-43	cell = 696 to 703
-19	-57	-16	-23	9	-35	-19	-61	cell = 704 to 711
-9	-20	-9	-58	-6	-7	-28	-12	cell = 712 to 719
-9	-20	4	-24	51	-6	-2	12	cell = 720 to 727
-35	-39	48	10	-39	-32	12	-2	cell = 728 to 735
-17	-28	-26	-4	-48	-31	0	-12	cell = 736 to 743
31	-29	3	-15	-7	-8	-25	25	cell = 744 to 751
-31	4	-30	-46	-22	-49	-3	-23	cell = 752 to 759
-50	-65	-40	17	-27	-11	6	-34	cell = 760 to 767
-21	15	7	-4	-21	-11	-22	-2	cell = 768 to 775
-21	4	-35	34	-32	-22	-27	-47	cell = 776 to 783
1	23	-47	-34	8	44	-37	-7	cell = 784 to 791
-14	1	-7	-9	-21	-39	-11	-49	cell = 792 to 799
-34	21	-34	-46	39	6	15	16	cell = 800 to 807
-41	-21	-12	1	5	28	-19	-35	cell = 808 to 815
-10	-1	-19	-12	-7	-39	-52	-11	cell = 816 to 823
-3	-58	10	-14	-15	-72	13	-48	cell = 824 to 831
-21	-16	-44	-24	-8	-50	-61	-9	cell = 832 to 839
-7	-46	-39	-18	-5	-44	2	-26	cell = 840 to 847
-20	-4	-16	27	-39	-2	-5	-17	cell = 848 to 855
11	0	-16	-21	-19	-45	-29	-4	cell = 856 to 863
-4	-31	-28	-14	-8	14	-10	8	cell = 864 to 871
-51	-21	7	2	-30	18	23	-37	cell = 872 to 879
-32	-45	14	-15	-26	-53	-21	-16	cell = 880 to 887
-38	-38	-30	-60	-52	4	-30	12	cell = 888 to 895
-69	-31	-4	-41	-32	-54	-32	-18	cell = 896 to 903
3	-16	-24	-52	-40	-16	-8	-19	cell = 904 to 911
-36	-16	0	-15	-28	-3	-35	-30	cell = 912 to 919
-23	-8	-5	10	-3	-14	-49	-42	cell = 920 to 927
-1	-17	-28	-27	-31	-3	27	-21	cell = 928 to 935
-39	3	-39	-3	2	21	-39	-11	cell = 936 to 943
-6	-52	-20	-65	-14	-16	-10	-62	cell = 944 to 951
-21	-3	0	-36	-37	-26	-40	-29	cell = 952 to 959
-5	-37	-8	-40	-21	-30	-32	-30	cell = 960 to 967
-54	-45	3	-39	-50	-62	-52	-24	cell = 968 to 975
-14	-23	-29	33	12	18	-23	-39	cell = 976 to 983
-30	10	-44	28	-5	25	-1	-44	cell = 984 to 991
8	-39	-27	-5	-20	-39	-46	-25	cell = 992 to 999
-27	-34	-22	-28	-5	-26	-17	-47	cell = 1000 to 1007
-26	-23	-37	-38	-23	-54	-18	8	cell = 1008 to 1015
-27	-55	19	-32	-12	7	4	-2	cell = 1016 to 1023
Calibration values from cell 0 to 1024 for channel 3:

50	-8	6	0	39	-16	65	-15	cell = 0 to 7
77	-13	62	-13	68	14	43	-23	cell = 8 to 15
67	4	61	-9	55	29	68	-16	cell = 16 to 23
31	22	37	13	21	4	30	-20	cell = 24 to 31
39	4	13	-4	61	-25	62	-15	cell = 32 to 39
53	28	64	-42	35	-13	25	24	cell = 40 to 47
57	23	62	-31	74	-46	50	-37	cell = 48 to 55
48	-26	19	-34	48	2	76	-46	cell = 56 to 63
4	-14	27	-15	23	-14	76	-27	cell = 64 to 71
33	-17	62	23	32	1	74	-25	cell = 72 to 79
51	-1	69	0	57	-10	49	-43	cell = 80 to 87
48	-24	65	-26	62	-16	35	-20	cell = 88 to 95
34	-2	36	-24	21	-31	46	-23	cell = 96 to 103
49	-18	42	-7	68	-9	74	19	cell = 104 to 111
44	18	46	15	17	-33	48	3	cell = 112 to 119
66	-10	20	-25	83	15	35	-22	cell = 120 to 127
41	-44	67	15	45	6	21	-10	cell = 128 to 135
49	-14	44	-20	29	-33	20	-30	cell = 136 to 143
3	-16	54	7	31	11	20	17	cell = 144 to 151
28	33	61	17	46	-16	79	0	cell = 152 to 159
49	-5	-2	19	41	8	73	26	cell = 160 to 167
62	-21	-3	15	51	-45	43	37	cell = 168 to 175
33	0	23	-13	40	-36	50	30	cell = 176 to 183
31	-24	41	21	39	-5	85	-21	cell = 184 to 191
45	-19	44	-5	48	-46	53	24	cell = 192 to 199
15	-17	82	-41	46	-7	55	21	cell = 200 to 207
25	14	82	20	67	11	45	12	cell = 208 to 215
39	-19	23	-14	62	-30	59	-35	cell = 216 to 223
44	-6	30	22	32	-7	59	-25	cell = 224 to 231
42	-8	18	-9	59	11	27	-6	cell = 232 to 239
37	14	55	-21	65	-18	60	12	cell = 240 to 247
12	22	41	6	30	-28	22	-19	cell = 248 to 255
46	-33	53	-26	18	-40	83	-15	cell = 256 to 263
41	-25	8	-11	54	-8	50	-18	cell = 264 to 271
15	-13	15	10	-1	25	74	-11	cell = 272 to 279
52	14	9	11	75	2	24	-30	cell = 280 to 287
31	-24	53	5	85	26	55	-1	cell = 288 to 295
43	-1	78	-11	32	-12	59	2	cell = 296 to 303
47	-11	52	-33	76	23	29	32	cell = 304 to 311
45	8	51	15	58	19	11	-28	cell = 312 to 319
25	38	40	-13	79	2	43	19	cell = 320 to 327
60	10	50	-6	36	1	34	24	cell = 328 to 335
30	-4	42	33	54	-1	96	-25	cell = 336 to 343
45	14	19	-11	42	16	29	-20	cell = 344 to 351
60	0	51	27	7	-46	54	16	cell = 352 to 359
51	-31	73	31	-13	15	8	35	cell = 360 to 367
32	7	66	-49	53	5	65	37	cell = 368 to 375
35	11	44	3	24	-7	13	0	cell = 376 to 383
22	-40	19	3	38	-11	13	4	cell = 384 to 391
47	-3	38	-12	11	-19	63	9	cell = 392 to 399
41	-25	48	-38	62	-6	61	-20	cell = 400 to 407
59	0	54	-37	92	15	66	-64	cell = 408 to 415
-8	2	24	33	28	-28	60	-25	cell = 416 to 423
83	-22	56	-8	77	-10	56	-9	cell = 424 to 431
-2	-9	32	-27	48	48	72	-24	cell = 432 to 439
24	10	35	-15	17	-24	29	15	cell = 440 to 447
79	-23	8	8	39	25	31	22	cell = 448 to 455
50	-13	23	0	22	30	37	-2	cell = 456 to 463
44	-32	39	-35	22	-25	51	-35	cell = 464 to 471
68	8	41	3	50	-17	59	13	cell = 472 to 479
63	7	42	-10	55	-3	7	-20	cell = 480 to 487
49	7	25	17	34	-34	73	-7	cell = 488 to 495
32	3	30	-118	-57	-50	-56	-66	cell = 496 to 503
5	15	47	5	41	5	86	-15	cell = 504 to 511
-41	-7	8	-13	10	-93	-34	0	cell = 512 to 519
-42	-15	-34	-10	30	-28	-2	10	cell = 520 to 527
-41	-48	3	-39	-42	-55	-28	-56	cell = 528 to 535
-20	-7	-24	-15	-37	-13	-8	-8	cell = 536 to 543
-7	-20	4	-53	-38	-16	-58	-20	cell = 544 to 551
-37	24	-71	2	-45	-31	-26	-13	cell = 552 to 559
-15	-48	-49	-16	-26	-20	-16	-11	cell = 560 to 567
-40	-25	-5	-6	-50	18	-37	-12	cell = 568 to 575
-24	-24	-52	11	-50	-28	8	-46	cell = 576 to 583
1	-65	-31	-12	-5	-65	-29	17	cell = 584 to 591
-8	-23	-32	-17	-13	5	-44	-34	cell = 592 to 599
15	-39	6	-60	14	-21	-24	-31	cell = 600 to 607
-49	10	-52	-7	11	-44	0	-21	cell = 608 to 615
24	-36	-21	2	-11	-29	-40	-30	cell = 616 to 623
-25	-17	-17	-47	-5	13	-17	-37	cell = 624 to 631
-43	12	-13	21	-29	-70	-39	-33	cell = 632 to 639
17	-45	26	35	-33	-3	-58	4	cell = 640 to 647
-14	11	-38	-9	-56	-4	-3	-13	cell = 648 to 655
-31	19	-53	-6	-18	11	-13	-17	cell = 656 to 663
-17	-28	-4	-11	-1	-41	-8	0	cell = 664 to 671
-47	-21	23	-36	3	6	-45	-27	cell = 672 to 679
-12	-51	-24	-23	-25	-5	2	-14	cell = 680 to 687
23	-3	-14	-7	12	-28	-63	43	cell = 688 to 695
-5	-46	-31	-42	29	-36	11	-6	cell = 696 to 703
-19	-52	-58	13	-27	-5	-48	3	cell = 704 to 711
12	-54	-39	-14	-5	2	10	-26	cell = 712 to 719
-23	6	-26	-8	-11	10	6	2	cell = 720 to 727
-21	-42	5	-47	-54	-50	-17	-49	cell = 728 to 735
13	-11	-29	-16	-29	1	-39	-34	cell = 736 to 743
-29	-38	-19	-7	-2	-28	-36	13	cell = 744 to 751
-17	-9	-23	10	-30	-22	-16	-15	cell = 752 to 759
-1	-33	10	-13	22	-15	-21	-53	cell = 760 to 767
-3	-25	56	-24	-23	-33	-2	-8	cell = 768 to 775
-25	-25	-38	-9	-6	-19	-44	-31	cell = 776 to 783
-35	-19	-53	-23	-22	1	0	-12	cell = 784 to 791
-14	-28	20	-46	-6	-36	-20	18	cell = 792 to 799
9	-42	-19	-14	-29	-26	-33	27	cell = 800 to 807
-44	-29	-32	-21	-26	-8	-26	-43	cell = 808 to 815
-33	13	-30	16	-16	-42	3	2	cell = 816 to 823
13	-13	7	-34	-38	25	0	-4	cell = 824 to 831
4	-47	-55	11	-11	-4	-72	-25	cell = 832 to 839
3	7	-44	20	-17	-39	-8	-2	cell = 840 to 847
20	-36	-22	-10	11	-30	-13	-22	cell = 848 to 855
-3	-59	-22	-8	-17	-29	12	10	cell = 856 to 863
-4	12	-5	-21	-41	-23	-29	-6	cell = 864 to 871
-2	-22	-44	-25	5	8	-32	-57	cell = 872 to 879
-3	-30	-2	-8	-20	-36	-4	-4	cell = 880 to 887
25	-22	-6	-22	-22	-25	-23	-23	cell = 888 to 895
-51	-5	-66	-55	-17	-29	15	-33	cell = 896 to 903
-4	-13	-26	-27	-28	-32	-19	-64	cell = 904 to 911
-20	-6	18	-37	12	-59	-28	-11	cell = 912 to 919
-15	-33	-30	5	10	-1	-12	-32	cell = 920 to 927
-14	-19	-5	2	-40	-40	-16	-54	cell = 928 to 935
-10	-18	21	-44	-33	-63	1	15	cell = 936 to 943
-35	-39	17	-21	-12	-30	-7	-25	cell = 944 to 951
-31	-27	-14	-43	-12	-53	-41	-28	cell = 952 to 959
-38	-28	-4	-17	-28	13	-13	-9	cell = 960 to 967
-39	-23	2	-39	-27	-6	-22	-9	cell = 968 to 975
-4	-38	-15	-35	15	-42	-12	-8	cell = 976 to 983
-5	-26	21	-72	14	-21	-11	11	cell = 984 to 991
-20	-13	-15	-48	0	-27	-4	-32	cell = 992 to 999
-4	-17	36	8	-8	-20	-52	-63	cell = 1000 to 1007
-29	-10	-52	-46	-29	30	-2	-8	cell = 1008 to 1015
-19	-33	-19	-26	-63	5	6	-39	cell = 1016 to 1023
Calibration values from cell 0 to 1024 for channel 4:

-15	-13	64	-11	71	-12	1	23	cell = 0 to 7
57	-6	59	-14	84	-11	89	-49	cell = 8 to 15
35	-1	58	39	21	10	20	-14	cell = 16 to 23
65	0	49	14	49	10	39	26	cell = 24 to 31
58	-25	58	-11	37	-61	31	-36	cell = 32 to 39
31	-24	38	-25	42	2	25	-21	cell = 40 to 47
62	-2	58	-17	54	-20	69	8	cell = 48 to 55
45	14	24	-21	25	-18	25	-44	cell = 56 to 63
27	-26	43	-35	42	-4	58	-7	cell = 64 to 71
37	9	-4	6	69	-10	20	-3	cell = 72 to 79
6	-2	47	-63	41	-52	15	26	cell = 80 to 87
45	28	30	-8	21	-11	81	-10	cell = 88 to 95
81	3	24	25	58	15	11	-17	cell = 96 to 103
47	-55	15	-31	61	-9	59	10	cell = 104 to 111
50	-33	92	0	34	17	41	-18	cell = 112 to 119
0	-6	26	13	76	-14	40	-3	cell = 120 to 127
51	-26	48	1	47	-20	20	-19	cell = 128 to 135
31	-39	28	-12	38	23	89	-15	cell = 136 to 143
78	-9	51	1	36	-17	63	-11	cell = 144 to 151
40	-15	62	-23	62	-29	37	-12	cell = 152 to 159
40	53	97	-21	57	1	60	29	cell = 160 to 167
48	-15	59	32	32	21	25	22	cell = 168 to 175
49	13	34	27	47	-27	26	3	cell = 176 to 183
21	-15	46	-9	52	-4	39	-19	cell = 184 to 191
24	-32	51	14	27	-21	19	-33	cell = 192 to 199
40	-13	63	7	77	-14	84	4	cell = 200 to 207
36	-55	65	-13	44	-15	55	-26	cell = 208 to 215
61	10	77	49	32	-16	44	-15	cell = 216 to 223
36	2	45	-23	85	-34	49	-24	cell = 224 to 231
49	-21	60	-4	24	21	63	-19	cell = 232 to 239
35	15	37	-20	45	44	26	-13	cell = 240 to 247
53	-14	50	-28	69	-2	68	-18	cell = 248 to 255
17	14	76	-42	36	-28	39	-20	cell = 256 to 263
77	-13	36	-12	28	14	18	-20	cell = 264 to 271
22	-16	31	-16	23	-50	34	-31	cell = 272 to 279
74	-25	42	-12	70	-2	30	-28	cell = 280 to 287
65	-10	43	3	53	-20	42	-5	cell = 288 to 295
82	-27	46	13	12	27	66	7	cell = 296 to 303
56	-30	43	-10	37	24	37	-27	cell = 304 to 311
19	14	60	-19	60	-17	79	-33	cell = 312 to 319
29	10	67	-27	-5	-27	77	5	cell = 320 to 327
14	9	54	-32	30	30	55	-36	cell = 328 to 335
48	-29	39	-50	44	-16	46	-11	cell = 336 to 343
71	-18	39	-6	47	-1	59	-20	cell = 344 to 351
43	-19	45	18	45	4	12	3	cell = 352 to 359
57	-47	47	-8	36	-22	15	-3	cell = 360 to 367
9	-32	12	-36	47	2	50	-24	cell = 368 to 375
55	-20	37	-24	40	-13	59	28	cell = 376 to 383
50	-13	30	-16	51	-10	24	-43	cell = 384 to 391
46	9	44	-11	10	-24	69	-12	cell = 392 to 399
47	-27	32	1	12	-1	22	11	cell = 400 to 407
52	-25	68	-4	26	-9	31	-26	cell = 408 to 415
40	-46	65	-48	50	-38	53	-29	cell = 416 to 423
46	-9	40	-6	41	22	71	9	cell = 424 to 431
22	1	54	7	47	-5	68	-31	cell = 432 to 439
62	5	42	2	23	6	74	-37	cell = 440 to 447
45	25	37	-25	70	0	21	6	cell = 448 to 455
72	-3	25	4	24	5	38	-29	cell = 456 to 463
34	-13	25	9	47	18	64	24	cell = 464 to 471
34	-29	61	1	33	-33	62	-36	cell = 472 to 479
24	-6	63	-37	26	-12	42	1	cell = 480 to 487
29	-7	97	-35	13	-36	54	-5	cell = 488 to 495
66	-33	-23	-71	-16	-68	-76	-57	cell = 496 to 503
64	-9	43	4	-42	-9	25	1	cell = 504 to 511
-31	-13	-20	-25	-39	-29	-23	-42	cell = 512 to 519
-33	-38	15	-30	-21	-6	-14	-21	cell = 520 to 527
-35	-20	-33	30	-22	-3	5	-40	cell = 528 to 535
0	-41	-44	2	-5	-37	-28	-1	cell = 536 to 543
-6	-33	-31	-7	-15	4	13	-28	cell = 544 to 551
-39	-9	-12	-70	4	-6	-1	-15	cell = 552 to 559
-2	-12	2	-47	-14	-15	4	-69	cell = 560 to 567
-27	-4	-50	-51	-34	-53	-6	-11	cell = 568 to 575
-62	-16	-17	9	-14	-19	-3	1	cell = 576 to 583
-22	8	-30	-40	14	-26	-51	6	cell = 584 to 591
-32	-43	-35	-35	-11	-36	-4	-12	cell = 592 to 599
-30	41	-27	24	16	-11	-24	-33	cell = 600 to 607
-29	21	-16	-27	-45	6	-20	-33	cell = 608 to 615
-26	-12	13	-39	22	-21	-17	26	cell = 616 to 623
-30	-28	20	-6	-13	-15	-34	-2	cell = 624 to 631
-34	-40	-43	32	-34	-45	-14	-39	cell = 632 to 639
3	-37	-27	-30	-27	-20	0	-18	cell = 640 to 647
11	11	5	-35	6	7	1	-8	cell = 648 to 655
-18	-50	17	-7	17	10	0	26	cell = 656 to 663
-36	-13	-38	-53	11	-28	-11	-33	cell = 664 to 671
2	-71	-13	-14	17	-10	-22	-48	cell = 672 to 679
-3	-44	-5	-5	-12	-11	-37	2	cell = 680 to 687
20	-24	-7	-3	-21	-43	-31	-10	cell = 688 to 695
10	-22	-5	-14	-42	-14	-41	-44	cell = 696 to 703
-46	-6	27	-18	-23	-34	-48	-34	cell = 704 to 711
-77	-27	-5	23	-3	6	-21	-20	cell = 712 to 719
-13	-30	-19	-13	-3	-13	-12	-1	cell = 720 to 727
7	0	6	5	-37	-11	0	-23	cell = 728 to 735
6	-43	-10	-25	-21	-40	-18	-28	cell = 736 to 743
3	-42	-46	24	-31	14	19	6	cell = 744 to 751
-12	-7	-42	-30	-43	-19	-38	-19	cell = 752 to 759
-2	-13	-20	-20	-10	-35	-22	-49	cell = 760 to 767
-10	4	-2	-28	-8	8	16	-17	cell = 768 to 775
-14	-31	-38	-53	-33	7	28	-14	cell = 776 to 783
-9	-27	23	4	0	-52	-24	5	cell = 784 to 791
-19	-83	-16	-36	30	-26	5	-10	cell = 792 to 799
-25	-69	-5	-16	-3	9	10	-77	cell = 800 to 807
-14	-45	-50	24	-27	-31	-42	-39	cell = 808 to 815
28	-26	-39	-28	-6	4	-63	-2	cell = 816 to 823
-31	-58	0	24	20	18	-19	-26	cell = 824 to 831
-8	-11	-33	-10	-43	-6	-15	-35	cell = 832 to 839
-26	7	0	-20	-33	-43	-22	-16	cell = 840 to 847
8	4	-29	-24	-24	-23	-8	-8	cell = 848 to 855
-38	-52	-46	-10	-38	14	-13	-8	cell = 856 to 863
-28	-33	-4	-18	-3	-5	26	-50	cell = 864 to 871
-45	-32	0	-3	-30	-23	-30	28	cell = 872 to 879
9	-65	-30	14	14	-16	37	-17	cell = 880 to 887
-15	-5	-34	8	-8	7	-7	-46	cell = 888 to 895
-64	-49	-42	-7	1	-31	7	-8	cell = 896 to 903
-4	-41	-46	23	8	-1	-27	7	cell = 904 to 911
-41	-41	-25	-43	-8	-1	-32	-5	cell = 912 to 919
-8	12	-17	-43	-37	-19	-27	-26	cell = 920 to 927
14	-20	-45	20	39	-36	-7	-25	cell = 928 to 935
6	-31	-14	6	-2	-42	-32	-5	cell = 936 to 943
-55	-45	-24	-11	-46	-15	-14	7	cell = 944 to 951
48	4	14	23	-13	-35	-30	-29	cell = 952 to 959
7	-34	-50	-24	-14	6	-12	-14	cell = 960 to 967
14	4	15	-35	-12	-5	-23	-45	cell = 968 to 975
-20	-10	-18	-31	-25	1	-22	-54	cell = 976 to 983
10	19	-12	-19	8	-2	-31	-18	cell = 984 to 991
34	10	5	-22	-13	-47	-22	-54	cell = 992 to 999
-46	1	-35	8	-28	0	-33	-31	cell = 1000 to 1007
-12	-16	-40	-31	-46	-20	5	-43	cell = 1008 to 1015
1	-24	-43	-4	-38	-26	-6	-30	cell = 1016 to 1023
Calibration values from cell 0 to 1024 for channel 5:

25	4	31	0	52	-38	57	-16	cell = 0 to 7
64	4	80	20	34	-7	45	0	cell = 8 to 15
35	-14	55	17	33	-35	61	7	cell = 16 to 23
31	11	55	-13	51	-19	60	0	cell = 24 to 31
48	-9	31	-10	52	-44	60	2	cell = 32 to 39
47	-13	11	33	43	10	14	-9	cell = 40 to 47
61	-43	10	9	59	-2	22	30	cell = 48 to 55
41	30	97	-6	33	27	45	-5	cell = 56 to 63
50	9	65	-12	43	-18	44	-14	cell = 64 to 71
56	-32	21	7	36	-41	29	-5	cell = 72 to 79
58	-20	38	-51	43	-27	70	13	cell = 80 to 87
28	10	13	5	29	-2	19	0	cell = 88 to 95
36	6	36	14	47	-37	22	6	cell = 96 to 103
62	-18	30	-26	47	2	22	-25	cell = 104 to 111
58	-9	27	-14	61	-8	63	-38	cell = 112 to 119
47	-54	52	-1	42	-18	31	-29	cell = 120 to 127
55	3	54	25	33	21	46	10	cell = 128 to 135
-16	15	54	11	58	-6	38	-19	cell = 136 to 143
-3	3	23	-10	48	5	27	-22	cell = 144 to 151
59	-40	73	-6	50	-12	45	10	cell = 152 to 159
63	20	19	43	48	-39	31	-41	cell = 160 to 167
53	16	44	9	27	27	58	-11	cell = 168 to 175
18	-3	50	-13	48	-23	45	-27	cell = 176 to 183
72	11	93	-28	29	-4	40	-31	cell = 184 to 191
18	-12	5	-29	-15	4	68	6	cell = 192 to 199
45	-2	49	-38	23	-15	57	-29	cell = 200 to 207
25	-27	47	15	79	-26	82	1	cell = 208 to 215
50	12	48	-22	58	-30	40	-8	cell = 216 to 223
62	12	30	-13	47	24	53	-5	cell = 224 to 231
79	11	88	-16	12	-12	46	-23	cell = 232 to 239
18	-15	53	-44	51	0	45	27	cell = 240 to 247
40	4	20	-12	50	43	9	-20	cell = 248 to 255
39	-14	19	-35	33	6	42	-6	cell = 256 to 263
32	-2	59	-5	45	24	36	-14	cell = 264 to 271
34	37	72	-21	26	38	55	1	cell = 272 to 279
35	21	31	1	62	30	30	-9	cell = 280 to 287
38	21	57	27	21	-11	67	-9	cell = 288 to 295
34	-10	33	-19	60	-50	55	-29	cell = 296 to 303
28	-27	21	7	46	6	57	29	cell = 304 to 311
46	29	82	-47	62	6	18	-3	cell = 312 to 319
67	-8	45	10	11	20	24	-11	cell = 320 to 327
69	-50	52	23	6	-28	42	10	cell = 328 to 335
36	11	57	-31	62	-24	35	12	cell = 336 to 343
4	-2	61	-40	50	28	27	3	cell = 344 to 351
62	-41	68	-25	57	-16	46	-35	cell = 352 to 359
63	-23	41	17	77	16	28	-14	cell = 360 to 367
9	-30	51	5	54	-3	38	-11	cell = 368 to 375
39	21	33	21	63	11	32	-5	cell = 376 to 383
56	-19	25	-28	8	18	65	0	cell = 384 to 391
65	-25	36	-42	17	-5	71	1	cell = 392 to 399
86	21	56	-15	38	5	53	-52	cell = 400 to 407
48	-12	45	-6	6	-28	58	6	cell = 408 to 415
27	8	2	-31	18	13	36	-40	cell = 416 to 423
43	-3	45	-25	67	29	77	-15	cell = 424 to 431
38	7	44	6	-1	0	28	-4	cell = 432 to 439
19	23	31	-17	32	17	26	-16	cell = 440 to 447
60	-12	30	-23	87	12	78	-21	cell = 448 to 455
41	-3	71	-19	52	-2	31	29	cell = 456 to 463
-5	20	50	10	30	-2	66	-21	cell = 464 to 471
76	-11	85	0	31	-11	59	-3	cell = 472 to 479
-9	-52	23	36	53	0	62	-17	cell = 480 to 487
39	-11	56	20	55	-47	98	-17	cell = 488 to 495
58	7	-26	-54	-24	-88	-35	-82	cell = 496 to 503
74	2	54	-16	51	9	50	-66	cell = 504 to 511
-31	-19	-32	-47	-5	4	-21	1	cell = 512 to 519
-23	-13	-38	-30	-16	-23	-3	-44	cell = 520 to 527
-35	-31	-3	-14	-11	-8	-32	-20	cell = 528 to 535
-13	-26	-26	-22	7	-35	-29	-15	cell = 536 to 543
-49	-32	-51	-22	-6	-8	-32	-25	cell = 544 to 551
30	-28	-2	-8	-11	-32	-28	-3	cell = 552 to 559
3	8	-22	-26	-67	-17	-3	-20	cell = 560 to 567
-18	-26	-27	14	-41	0	-14	-73	cell = 568 to 575
-23	-31	11	-17	-39	-11	-21	11	cell = 576 to 583
-11	-8	-41	-24	-56	-9	-27	-4	cell = 584 to 591
-10	-21	-15	8	9	-23	-73	10	cell = 592 to 599
5	-12	23	-5	-45	-21	-20	-60	cell = 600 to 607
-11	8	36	-7	-23	5	-17	-8	cell = 608 to 615
-27	-44	-46	-27	-3	-55	-22	-27	cell = 616 to 623
-3	-11	-13	-13	-36	-22	-27	-20	cell = 624 to 631
-53	-8	-43	-10	-59	-9	-38	-18	cell = 632 to 639
6	-46	-19	-5	-21	-7	-1	-19	cell = 640 to 647
-60	-20	-36	-16	9	20	-10	-28	cell = 648 to 655
-5	-39	-45	15	-28	-36	-51	-13	cell = 656 to 663
-5	-7	-8	-13	4	-46	-4	-13	cell = 664 to 671
-14	3	-28	-26	-18	-52	-18	-60	cell = 672 to 679
-10	-30	-34	11	23	-37	-4	6	cell = 680 to 687
-10	-36	-63	25	-32	-17	-18	2	cell = 688 to 695
-43	-17	-8	-8	-16	-18	-10	4	cell = 696 to 703
-50	-16	-17	-27	-19	-49	-6	-3	cell = 704 to 711
-34	12	3	-9	-2	-26	4	12	cell = 712 to 719
-19	-3	-13	-22	-37	-36	-6	-43	cell = 720 to 727
7	2	-25	-19	-31	-19	19	-5	cell = 728 to 735
-14	-33	-18	9	-29	-32	-31	28	cell = 736 to 743
-27	-16	-41	0	-45	-9	-9	-56	cell = 744 to 751
-11	-5	-6	-24	2	0	-23	-14	cell = 752 to 759
-20	-13	3	-49	5	-44	-2	-12	cell = 760 to 767
-24	-18	-11	1	-15	-40	6	-52	cell = 768 to 775
-24	-39	-5	7	-28	-2	22	0	cell = 776 to 783
-24	-33	-11	-30	-37	-4	-41	-20	cell = 784 to 791
-19	-36	-9	-24	-18	-42	9	-36	cell = 792 to 799
15	-31	-31	-32	-14	-22	-16	-26	cell = 800 to 807
-29	-38	28	-16	-16	-16	-15	-49	cell = 808 to 815
-36	-22	-33	-27	-4	-60	-13	-7	cell = 816 to 823
-15	11	-32	-30	-27	-40	-11	-38	cell = 824 to 831
2	-65	-33	-3	-1	-31	10	18	cell = 832 to 839
-26	7	15	-43	-17	11	-14	-6	cell = 840 to 847
-17	-3	-39	14	-6	10	-24	3	cell = 848 to 855
1	-47	-42	-12	-28	-4	-36	-5	cell = 856 to 863
-15	9	-43	-17	5	-34	-5	-14	cell = 864 to 871
-3	1	-13	-11	-35	-10	-13	-29	cell = 872 to 879
-9	-11	-20	-27	-7	-5	-56	-45	cell = 880 to 887
-39	-24	-30	-42	-89	-38	-38	-7	cell = 888 to 895
0	-30	-18	-42	-28	-55	4	-54	cell = 896 to 903
-40	-22	-63	-33	-5	-26	5	-18	cell = 904 to 911
-35	-17	-21	-24	-19	-13	-6	-17	cell = 912 to 919
-27	14	42	-20	-28	7	-23	-34	cell = 920 to 927
-10	-6	-29	7	-37	19	0	2	cell = 928 to 935
-19	-8	-24	-4	11	-14	-30	-43	cell = 936 to 943
-11	-17	-5	-54	-11	29	-45	-34	cell = 944 to 951
-41	-25	-65	-30	0	-57	2	8	cell = 952 to 959
-6	-2	-24	-27	-5	-48	-44	26	cell = 960 to 967
32	-17	-26	-9	-24	-11	-15	-33	cell = 968 to 975
25	-16	-32	-30	-33	-23	-27	-30	cell = 976 to 983
10	-24	-54	19	-26	-16	31	8	cell = 984 to 991
-37	-28	-28	-57	5	23	-49	-2	cell = 992 to 999
-26	-38	-31	-20	-32	13	-13	-11	cell = 1000 to 1007
21	-52	-43	-15	-37	-38	-9	-23	cell = 1008 to 1015
-11	-37	2	4	-27	4	-16	-26	cell = 1016 to 1023
Calibration values from cell 0 to 1024 for channel 6:

16	-14	55	-25	21	-19	36	-49	cell = 0 to 7
72	45	25	-25	10	-18	17	-55	cell = 8 to 15
58	-37	51	-27	12	5	63	-40	cell = 16 to 23
6	-19	36	-30	5	19	71	-6	cell = 24 to 31
38	-11	76	10	20	20	30	-29	cell = 32 to 39
16	-4	46	-27	-10	44	30	-17	cell = 40 to 47
42	-4	42	-12	46	-4	65	13	cell = 48 to 55
40	29	26	1	51	-49	36	0	cell = 56 to 63
55	-15	23	-8	79	21	48	0	cell = 64 to 71
45	15	76	2	45	-3	42	-44	cell = 72 to 79
37	7	47	8	74	-16	76	-15	cell = 80 to 87
55	-56	4	-32	14	-9	49	-7	cell = 88 to 95
19	-5	17	-29	50	-17	55	2	cell = 96 to 103
82	-17	44	4	44	8	45	-24	cell = 104 to 111
23	-10	43	7	54	9	50	-25	cell = 112 to 119
48	-50	62	-5	58	-39	54	-33	cell = 120 to 127
58	-9	66	26	56	19	24	-4	cell = 128 to 135
46	13	45	6	-12	-24	28	-13	cell = 136 to 143
43	-18	78	7	81	-6	22	-1	cell = 144 to 151
68	-28	7	12	34	-3	53	-8	cell = 152 to 159
57	-3	60	1	49	-34	39	-13	cell = 160 to 167
45	15	43	-12	47	-33	38	-29	cell = 168 to 175
7	-36	56	14	18	-8	47	18	cell = 176 to 183
53	2	15	-21	26	-29	25	-6	cell = 184 to 191
30	26	97	-19	48	-21	22	-18	cell = 192 to 199
37	2	67	-35	25	6	43	-4	cell = 200 to 207
36	-22	34	-39	46	-6	25	1	cell = 208 to 215
22	28	72	-17	71	-26	64	-56	cell = 216 to 223
26	-49	49	27	61	-15	26	-42	cell = 224 to 231
68	-23	50	-10	5	-21	25	12	cell = 232 to 239
48	-37	34	-20	27	-18	39	-40	cell = 240 to 247
5	-5	58	13	29	-16	62	-41	cell = 248 to 255
46	-32	45	-31	31	-15	80	-9	cell = 256 to 263
58	-13	58	18	11	3	64	-7	cell = 264 to 271
42	24	42	-15	60	-24	27	0	cell = 272 to 279
47	-6	32	-36	99	-32	40	-13	cell = 280 to 287
-1	21	46	-18	44	-2	29	-44	cell = 288 to 295
27	-8	44	4	21	-37	42	22	cell = 296 to 303
63	-25	43	4	24	-22	30	-19	cell = 304 to 311
0	-20	32	30	5	-34	6	-68	cell = 312 to 319
60	-21	65	-5	35	-6	-15	-38	cell = 320 to 327
14	4	34	-55	21	40	83	-3	cell = 328 to 335
8	21	17	6	43	-7	57	5	cell = 336 to 343
45	5	75	-21	94	-23	50	-60	cell = 344 to 351
51	26	86	-29	16	-17	14	59	cell = 352 to 359
24	-27	81	-11	21	-3	47	-49	cell = 360 to 367
75	15	88	-4	21	4	49	-43	cell = 368 to 375
20	10	57	-55	50	14	77	-28	cell = 376 to 383
75	-20	45	-37	53	-23	10	-21	cell = 384 to 391
5	-4	36	-53	28	0	46	-7	cell = 392 to 399
62	-21	13	14	65	53	20	-20	cell = 400 to 407
82	-8	34	-2	98	-37	69	-17	cell = 408 to 415
-11	1	83	-13	59	-11	55	13	cell = 416 to 423
73	-54	66	-3	5	20	51	58	cell = 424 to 431
55	35	45	-19	56	3	27	2	cell = 432 to 439
71	-13	30	17	71	0	3	-32	cell = 440 to 447
60	11	24	-39	64	11	20	12	cell = 448 to 455
40	-37	55	1	47	-69	66	32	cell = 456 to 463
71	-2	29	-10	29	4	82	-35	cell = 464 to 471
55	3	34	12	66	-5	49	-20	cell = 472 to 479
36	4	82	-17	45	-53	64	1	cell = 480 to 487
58	16	59	-7	49	-13	80	2	cell = 488 to 495
-10	-59	3	-79	-45	-83	-4	-70	cell = 496 to 503
79	-2	40	5	-15	-3	52	-14	cell = 504 to 511
-6	-21	-11	-16	-51	-8	-37	19	cell = 512 to 519
-33	-28	-48	0	-37	-8	16	-41	cell = 520 to 527
-15	-18	-40	-21	-16	-11	-2	-21	cell = 528 to 535
-12	-5	-7	-48	-16	11	-23	-52	cell = 536 to 543
-18	-21	-55	-19	-9	-43	-32	8	cell = 544 to 551
12	-30	-32	-14	1	-35	-23	-20	cell = 552 to 559
-22	-18	-15	2	15	-42	-30	-15	cell = 560 to 567
4	-20	0	-19	-37	5	-12	-11	cell = 568 to 575
-46	16	-65	-30	-32	5	-22	-25	cell = 576 to 583
-4	8	39	-7	-7	-23	-27	-19	cell = 584 to 591
-34	-3	22	-5	-16	14	-4	-14	cell = 592 to 599
-17	9	-18	-35	-50	0	-1	-30	cell = 600 to 607
-35	-9	-2	5	4	9	-31	-8	cell = 608 to 615
-1	-16	-18	25	-14	-19	-26	-10	cell = 616 to 623
-58	-34	-39	-42	-1	-45	-12	-32	cell = 624 to 631
-8	-42	-25	27	12	-26	3	-6	cell = 632 to 639
-28	-49	0	-32	-28	-15	-7	-20	cell = 640 to 647
31	-58	-30	21	-2	-21	15	-11	cell = 648 to 655
-38	-23	-45	-45	-49	-18	12	-14	cell = 656 to 663
-20	-14	40	-46	-14	7	20	-60	cell = 664 to 671
0	-16	-13	14	-49	-26	16	-52	cell = 672 to 679
-24	15	-19	-29	-16	-45	10	-12	cell = 680 to 687
-33	-18	-3	-46	2	4	-12	2	cell = 688 to 695
-32	-17	-32	-14	-9	-13	2	-10	cell = 696 to 703
-20	-31	-32	-12	-4	-27	0	-28	cell = 704 to 711
-5	-3	-36	-15	-4	-27	2	-47	cell = 712 to 719
20	-22	7	-9	-32	25	-3	-4	cell = 720 to 727
-29	-35	0	49	-38	-9	1	-41	cell = 728 to 735
-24	8	-49	-4	-28	-9	-54	-14	cell = 736 to 743
-34	26	17	-36	6	-23	-14	21	cell = 744 to 751
-3	1	-19	-38	-41	-54	-42	-25	cell = 752 to 759
-16	-8	-29	-6	-18	-26	-19	-2	cell = 760 to 767
-13	-46	-34	8	-36	-49	-14	-69	cell = 768 to 775
-10	0	-44	-26	2	27	-29	-3	cell = 776 to 783
-21	-25	-63	-36	-32	-11	-34	-8	cell = 784 to 791
-39	2	-15	-23	7	6	-11	-17	cell = 792 to 799
9	11	-34	-22	-26	6	-30	-56	cell = 800 to 807
8	-2	30	-11	8	32	-11	-11	cell = 808 to 815
-32	-11	-6	3	-41	17	-32	0	cell = 816 to 823
-31	-9	38	-26	-1	-9	-6	-46	cell = 824 to 831
-32	-36	-39	-30	-27	22	-36	-17	cell = 832 to 839
-17	-22	-4	-3	-6	-20	8	-10	cell = 840 to 847
-53	-7	-45	-9	18	22	-9	-62	cell = 848 to 855
17	-39	-26	-19	-30	-48	-21	-13	cell = 856 to 863
-26	-4	-18	19	-45	10	-13	-19	cell = 864 to 871
-37	-37	-57	-17	-37	19	9	9	cell = 872 to 879
-18	-13	4	-41	-7	24	-37	3	cell = 880 to 887
-32	-49	-3	-44	-5	-5	-21	-28	cell = 888 to 895
-33	-64	-6	-41	-10	-27	-26	-8	cell = 896 to 903
-6	-22	-10	7	-26	-64	-12	10	cell = 904 to 911
14	-36	-50	-38	-18	-4	10	-20	cell = 912 to 919
-12	-23	8	-6	-22	-31	-52	-22	cell = 920 to 927
-7	-10	-55	6	-9	-25	-4	-16	cell = 928 to 935
-2	-18	7	-12	-8	6	11	-2	cell = 936 to 943
-58	-30	2	-24	-47	-22	-17	31	cell = 944 to 951
-28	-11	9	-18	-7	-5	-52	-49	cell = 952 to 959
-38	-58	-18	-41	-26	-51	-2	0	cell = 960 to 967
-19	-36	-19	-14	-9	-19	-34	33	cell = 968 to 975
0	0	-14	-21	11	-21	-22	17	cell = 976 to 983
56	-46	19	-32	-6	-42	1	-2	cell = 984 to 991
-50	19	19	-23	16	-20	6	-52	cell = 992 to 999
-19	-25	-7	-7	-36	-20	-62	5	cell = 1000 to 1007
-2	-11	-59	-25	-52	28	-8	-10	cell = 1008 to 1015
-37	-23	-37	-28	36	-4	-12	-28	cell = 1016 to 1023
Calibration values from cell 0 to 1024 for channel 7:

26	2	49	-20	47	-19	98	-20	cell = 0 to 7
11	-53	58	22	49	-9	41	8	cell = 8 to 15
19	-7	36	6	34	-8	46	-30	cell = 16 to 23
51	-46	51	-29	46	13	79	51	cell = 24 to 31
11	-32	32	-27	20	2	29	-46	cell = 32 to 39
70	24	49	-44	19	9	66	-48	cell = 40 to 47
59	-15	48	-8	18	-27	52	-2	cell = 48 to 55
41	-28	44	-18	90	22	-12	-5	cell = 56 to 63
78	7	73	-70	85	-34	60	-12	cell = 64 to 71
38	-15	26	-29	42	20	61	9	cell = 72 to 79
49	12	68	-5	60	-4	39	5	cell = 80 to 87
67	-24	47	-5	52	-17	64	-32	cell = 88 to 95
17	2	11	-6	42	-46	56	15	cell = 96 to 103
55	-18	29	32	29	13	40	0	cell = 104 to 111
61	2	48	-20	46	15	75	-22	cell = 112 to 119
42	-25	33	4	48	26	17	-12	cell = 120 to 127
33	18	28	-32	60	6	58	-1	cell = 128 to 135
45	-3	50	-28	46	12	73	4	cell = 136 to 143
28	4	36	-39	68	-48	36	-46	cell = 144 to 151
47	-48	42	-23	5	19	48	26	cell = 152 to 159
32	-4	61	-21	70	-40	50	19	cell = 160 to 167
44	1	51	-33	39	-7	-6	18	cell = 168 to 175
22	46	17	-8	25	33	81	51	cell = 176 to 183
67	-8	84	-2	11	5	58	-16	cell = 184 to 191
73	-24	79	-39	44	-18	5	-20	cell = 192 to 199
56	16	1	25	55	7	70	21	cell = 200 to 207
58	-10	62	19	77	6	46	5	cell = 208 to 215
55	-28	14	-7	21	21	40	7	cell = 216 to 223
32	1	114	-34	42	-26	25	-32	cell = 224 to 231
15	-11	41	-29	60	-15	38	2	cell = 232 to 239
33	7	48	-4	37	-4	47	20	cell = 240 to 247
63	-21	77	11	28	-31	44	-2	cell = 248 to 255
20	30	25	-5	83	-32	56	-8	cell = 256 to 263
58	-35	36	-3	48	-3	62	-27	cell = 264 to 271
49	-14	41	1	54	-7	50	4	cell = 272 to 279
-10	-13	26	-7	32	-23	54	-27	cell = 280 to 287
51	-35	52	-36	24	-39	78	-19	cell = 288 to 295
68	20	12	24	48	-10	51	-12	cell = 296 to 303
30	-14	36	-19	34	25	51	-13	cell = 304 to 311
36	16	28	-6	76	-21	43	-26	cell = 312 to 319
33	11	40	7	43	-28	35	19	cell = 320 to 327
55	11	34	27	60	23	33	-26	cell = 328 to 335
74	-13	76	11	57	0	22	5	cell = 336 to 343
49	-21	45	-29	102	14	37	3	cell = 344 to 351
45	17	59	-11	79	-83	31	1	cell = 352 to 359
52	-24	89	4	38	0	70	-44	cell = 360 to 367
27	25	56	12	58	-30	63	-7	cell = 368 to 375
58	-22	32	-35	48	3	65	5	cell = 376 to 383
35	-27	47	2	51	-29	41	-6	cell = 384 to 391
44	-3	82	-5	41	12	56	-12	cell = 392 to 399
43	-30	44	-22	62	-17	77	-20	cell = 400 to 407
43	42	37	-13	-4	-11	45	-36	cell = 408 to 415
35	24	34	-17	48	-37	-11	15	cell = 416 to 423
52	-77	-7	-13	53	-41	16	27	cell = 424 to 431
47	-36	5	-5	52	-14	21	5	cell = 432 to 439
67	-20	46	52	25	2	52	-18	cell = 440 to 447
76	-23	50	-31	5	-2	26	28	cell = 448 to 455
36	10	20	-15	47	-3	46	-3	cell = 456 to 463
16	-31	42	-18	32	-40	52	4	cell = 464 to 471
40	-7	38	9	52	-44	40	-26	cell = 472 to 479
30	-75	8	-13	52	5	29	12	cell = 480 to 487
13	4	56	-24	44	-21	61	-40	cell = 488 to 495
9	-20	-67	-74	-10	-45	-36	-105	cell = 496 to 503
68	5	59	-15	-14	-22	54	-34	cell = 504 to 511
-48	-47	-58	17	-59	-41	-11	-55	cell = 512 to 519
0	-7	-12	-29	-18	-29	12	-13	cell = 520 to 527
10	-36	15	-28	-8	-13	13	-33	cell = 528 to 535
-46	-52	39	-31	-44	-30	-6	-70	cell = 536 to 543
-21	1	26	5	-18	-39	-20	-12	cell = 544 to 551
25	10	-16	-25	7	-22	-30	-11	cell = 552 to 559
-3	-4	-14	-23	-37	-68	-21	-18	cell = 560 to 567
-19	-12	-24	-58	-46	-5	-26	-88	cell = 568 to 575
-46	-29	-7	-31	-61	-6	-13	-19	cell = 576 to 583
-6	-31	-19	1	-21	-53	-22	-42	cell = 584 to 591
-35	-48	4	-50	15	-13	-19	-35	cell = 592 to 599
0	-18	-37	-29	-18	-31	-63	-6	cell = 600 to 607
7	5	-65	-12	-26	-74	-29	-28	cell = 608 to 615
12	-13	-14	-48	-14	-9	-58	-6	cell = 616 to 623
34	-7	14	1	5	4	-40	-7	cell = 624 to 631
-3	-4	-1	-18	6	-23	13	-54	cell = 632 to 639
-40	-62	18	-18	-14	-1	-9	-15	cell = 640 to 647
-22	13	-46	-28	-39	-56	-42	-25	cell = 648 to 655
4	-19	20	-11	-42	-38	10	-16	cell = 656 to 663
-6	-4	-49	10	-9	-31	1	-38	cell = 664 to 671
7	-20	3	-15	-3	-26	4	-5	cell = 672 to 679
-9	4	-34	-28	-18	11	-26	23	cell = 680 to 687
-47	3	0	4	-25	-14	-53	-6	cell = 688 to 695
-30	-28	11	-17	-3	-47	-28	-2	cell = 696 to 703
-18	-37	-24	-22	-27	-25	-10	-2	cell = 704 to 711
14	-22	-15	0	-24	0	38	-12	cell = 712 to 719
-3	-32	30	-27	-19	23	-22	-28	cell = 720 to 727
24	-19	-56	-9	-24	2	-57	-10	cell = 728 to 735
-35	6	-12	-23	22	-21	-26	-42	cell = 736 to 743
-4	-46	-15	-42	0	25	43	-32	cell = 744 to 751
-41	-17	-21	-19	18	-17	6	-23	cell = 752 to 759
-30	-19	6	-24	-34	-31	-13	6	cell = 760 to 767
-36	-28	-51	-18	-12	-6	-37	29	cell = 768 to 775
-29	-8	-16	-7	-4	46	-20	-60	cell = 776 to 783
-33	-30	-38	-86	-17	-35	-20	-21	cell = 784 to 791
-25	1	-11	-54	-12	16	-57	-31	cell = 792 to 799
-34	20	-14	-13	34	-16	6	-10	cell = 800 to 807
-20	-30	-11	-57	2	27	4	-13	cell = 808 to 815
28	1	12	-31	-11	-45	21	0	cell = 816 to 823
-41	-12	-27	-39	-40	16	-24	6	cell = 824 to 831
-41	-30	-37	-12	-31	-31	16	4	cell = 832 to 839
-8	-26	-40	-24	24	-25	-33	-23	cell = 840 to 847
-45	-37	-41	-45	-22	-25	6	-8	cell = 848 to 855
-50	-20	14	8	-3	-11	-20	20	cell = 856 to 863
-42	3	-16	-44	-17	-15	-32	5	cell = 864 to 871
-34	7	-2	18	-2	23	-37	1	cell = 872 to 879
38	-12	-16	-8	0	20	-29	-47	cell = 880 to 887
-13	-10	-7	-14	-20	-28	-44	-40	cell = 888 to 895
-20	-31	-26	-27	17	-7	-19	-21	cell = 896 to 903
-20	-55	-45	-42	-25	15	7	-13	cell = 904 to 911
-3	-57	26	-17	-56	-26	-12	-10	cell = 912 to 919
2	-22	-13	-21	-29	-22	-51	-28	cell = 920 to 927
-39	-15	-26	0	36	19	38	12	cell = 928 to 935
-24	-9	-12	-3	-33	7	-27	-35	cell = 936 to 943
-9	-14	1	-17	-23	-46	-42	-10	cell = 944 to 951
0	-10	-43	-18	-15	-36	-10	-31	cell = 952 to 959
-23	-55	-9	-13	-45	-40	-13	0	cell = 960 to 967
-33	-5	-44	-31	-36	3	-30	-2	cell = 968 to 975
0	-36	-18	-11	-26	-14	54	-38	cell = 976 to 983
29	-20	13	-21	-23	17	-19	-49	cell = 984 to 991
25	14	-10	-30	-41	-46	-10	10	cell = 992 to 999
-13	3	-45	-15	-20	-32	-33	20	cell = 1000 to 1007
-17	-49	-13	-12	-7	-31	-56	-57	cell = 1008 to 1015
-4	-37	-56	-36	1	-33	-14	-52	cell = 1016 to 1023
Calibration values from cell 0 to 1024 for channel 8:

17	27	74	-2	1	15	24	-2	cell = 0 to 7
12	-13	35	26	46	-18	11	-31	cell = 8 to 15
43	13	50	-11	79	-22	51	-12	cell = 16 to 23
94	-14	105	-41	46	-35	51	34	cell = 24 to 31
61	-5	11	-11	39	24	59	-49	cell = 32 to 39
42	-9	52	-10	47	-3	44	24	cell = 40 to 47
69	-14	22	0	68	30	40	7	cell = 48 to 55
58	23	67	-35	50	-3	51	3	cell = 56 to 63
46	-5	59	2	61	-5	45	-10	cell = 64 to 71
58	32	55	-32	30	17	49	-7	cell = 72 to 79
60	15	31	11	46	-19	82	-32	cell = 80 to 87
52	31	53	-5	37	30	63	-2	cell = 88 to 95
57	-20	46	27	66	3	82	13	cell = 96 to 103
85	-27	47	22	45	-10	79	-10	cell = 104 to 111
27	-36	36	-22	33	-44	56	11	cell = 112 to 119
50	25	54	-60	30	1	43	-56	cell = 120 to 127
42	-38	86	-2	93	-37	78	33	cell = 128 to 135
74	1	63	20	21	-10	71	-41	cell = 136 to 143
10	40	54	6	75	8	6	30	cell = 144 to 151
15	-5	53	0	53	29	6	-1	cell = 152 to 159
39	-14	36	8	53	28	74	-14	cell = 160 to 167
27	-18	40	5	60	16	28	-7	cell = 168 to 175
52	-4	83	-13	55	1	13	0	cell = 176 to 183
18	42	7	-33	56	-38	44	6	cell = 184 to 191
9	10	30	-12	41	-27	55	14	cell = 192 to 199
38	6	83	7	26	27	42	-2	cell = 200 to 207
-6	-25	20	9	87	-6	36	31	cell = 208 to 215
1	-10	53	-12	28	18	46	29	cell = 216 to 223
23	32	65	2	45	27	48	-24	cell = 224 to 231
65	-68	63	11	79	18	48	11	cell = 232 to 239
54	4	52	-18	41	32	43	-35	cell = 240 to 247
36	4	51	6	35	31	31	-32	cell = 248 to 255
42	11	55	-1	68	-10	60	13	cell = 256 to 263
43	5	6	-24	47	-15	53	0	cell = 264 to 271
41	14	31	-14	30	-42	48	2	cell = 272 to 279
22	-11	23	-10	49	-22	68	-6	cell = 280 to 287
3	-21	50	-3	53	-12	45	-3	cell = 288 to 295
29	42	45	34	40	-47	70	1	cell = 296 to 303
6	-13	13	-32	7	7	73	-30	cell = 304 to 311
55	-2	48	22	34	-2	45	-11	cell = 312 to 319
62	-8	32	-32	39	-53	49	-45	cell = 320 to 327
43	-32	10	-39	44	35	48	-6	cell = 328 to 335
34	-10	72	-37	28	-9	26	12	cell = 336 to 343
43	10	13	6	87	-1	49	-24	cell = 344 to 351
64	29	32	-29	73	-26	51	30	cell = 352 to 359
29	33	66	-31	57	-11	86	49	cell = 360 to 367
23	-13	49	8	50	14	68	16	cell = 368 to 375
12	-6	69	40	66	-37	39	-27	cell = 376 to 383
54	29	15	-48	-8	-55	53	-2	cell = 384 to 391
42	14	32	-45	48	18	26	3	cell = 392 to 399
39	-15	50	-12	42	7	-2	0	cell = 400 to 407
59	19	42	36	38	-17	17	-26	cell = 408 to 415
59	6	34	3	67	-7	57	-13	cell = 416 to 423
38	5	6	15	29	19	87	-1	cell = 424 to 431
37	-21	34	-26	55	17	25	-26	cell = 432 to 439
71	-28	84	22	50	-59	-15	23	cell = 440 to 447
40	5	51	-15	53	4	54	2	cell = 448 to 455
23	-2	41	-16	38	-18	54	-11	cell = 456 to 463
43	1	12	4	50	-16	36	6	cell = 464 to 471
44	15	58	14	56	51	47	-37	cell = 472 to 479
22	-37	19	24	49	-20	56	-18	cell = 480 to 487
22	-31	41	15	67	24	77	27	cell = 488 to 495
5	-38	0	-85	-63	-70	-6	-55	cell = 496 to 503
44	73	40	31	18	-52	58	-43	cell = 504 to 511
-23	5	24	-41	-36	-34	-30	-61	cell = 512 to 519
-4	-20	-20	-8	-19	-8	-29	-24	cell = 520 to 527
-2	-37	-31	12	-9	-61	6	-8	cell = 528 to 535
-19	-4	-22	-15	-30	1	-19	-22	cell = 536 to 543
-18	-39	-33	-30	23	19	18	-25	cell = 544 to 551
-48	-27	-37	-19	-27	-26	-45	-18	cell = 552 to 559
-47	-48	-21	-9	-62	-6	-33	-24	cell = 560 to 567
-28	-25	-49	-19	-16	-7	-17	-40	cell = 568 to 575
-34	-40	-98	-35	-4	-13	-10	-13	cell = 576 to 583
-17	-14	-29	-16	-47	-13	-33	-50	cell = 584 to 591
-17	-27	-8	-85	-49	-42	-32	-11	cell = 592 to 599
-48	-43	-7	-34	-63	-4	-35	-22	cell = 600 to 607
-36	46	-52	-11	-1	-29	30	-51	cell = 608 to 615
-71	-13	3	-16	-15	-16	-33	-26	cell = 616 to 623
5	-1	11	-23	-16	-14	-14	30	cell = 624 to 631
1	-59	-36	-8	-20	-29	-18	-7	cell = 632 to 639
-28	25	-62	-33	-36	-35	-11	9	cell = 640 to 647
-28	4	-1	-63	-22	-42	-34	-21	cell = 648 to 655
-48	-4	-6	-58	-18	10	0	-22	cell = 656 to 663
-20	-32	-77	15	-2	-6	3	-31	cell = 664 to 671
-47	-32	-39	-6	-6	-5	5	-6	cell = 672 to 679
-39	-28	-72	0	-1	-17	-12	-52	cell = 680 to 687
-43	-4	4	4	-18	5	-32	-6	cell = 688 to 695
-9	-40	-23	16	-16	-9	6	29	cell = 696 to 703
-52	-46	-41	-31	-45	1	-31	-23	cell = 704 to 711
-13	-11	-47	-25	6	-40	-3	-24	cell = 712 to 719
-6	12	-56	-14	-36	-14	11	0	cell = 720 to 727
-15	-17	-36	-8	-22	-24	-3	-57	cell = 728 to 735
-24	26	-23	-22	-22	12	-20	-50	cell = 736 to 743
-26	-16	3	-46	-27	-5	-41	-28	cell = 744 to 751
-15	-30	-43	21	5	-4	-29	-19	cell = 752 to 759
-65	20	13	1	5	-15	-12	-32	cell = 760 to 767
-16	-19	13	-57	-3	10	-49	8	cell = 768 to 775
-40	-2	-23	-60	-19	-2	-49	-45	cell = 776 to 783
15	-45	-26	-47	-26	-20	-23	21	cell = 784 to 791
-38	-31	19	34	-15	-28	-35	-17	cell = 792 to 799
-12	4	-3	-38	-20	-7	-43	-22	cell = 800 to 807
-11	-10	-37	0	-25	9	-17	-11	cell = 808 to 815
-22	13	-9	-32	-7	-28	-26	-31	cell = 816 to 823
-71	-39	-72	-40	-6	-16	-5	0	cell = 824 to 831
6	21	-14	-34	-3	-37	-39	-51	cell = 832 to 839
3	-42	-59	-65	-27	-6	-14	-10	cell = 840 to 847
-28	-11	-4	-20	-59	-17	-8	-18	cell = 848 to 855
-21	-16	-58	-2	27	-73	-33	-38	cell = 856 to 863
-14	-3	-9	13	-4	-11	-62	23	cell = 864 to 871
-35	-13	-3	-5	-1	-13	-16	-2	cell = 872 to 879
-15	-69	6	13	-16	-57	-4	5	cell = 880 to 887
0	7	-62	-17	-15	-37	-33	-40	cell = 888 to 895
8	-6	-30	-22	-7	-48	-37	-6	cell = 896 to 903
5	-28	-34	18	26	11	-34	-25	cell = 904 to 911
-3	-38	-4	13	0	-9	-15	0	cell = 912 to 919
-52	-26	-6	-3	-43	-19	-15	-59	cell = 920 to 927
-50	-37	-43	-38	-45	10	-25	-9	cell = 928 to 935
-53	0	-27	19	-25	-63	-5	24	cell = 936 to 943
-37	-32	-11	-38	40	-3	-56	-9	cell = 944 to 951
-62	-28	-35	-14	-3	-16	-53	-31	cell = 952 to 959
-31	-36	-14	0	-78	-34	7	-14	cell = 960 to 967
-48	-25	-37	-38	39	-53	30	-12	cell = 968 to 975
-45	16	30	-2	-47	-3	-17	-2	cell = 976 to 983
0	-5	5	-26	-24	-4	5	-27	cell = 984 to 991
-37	-38	-10	-25	-21	9	-52	-14	cell = 992 to 999
5	19	-23	-11	-7	-41	-18	-35	cell = 1000 to 1007
-56	-10	-48	-23	-41	-22	-43	11	cell = 1008 to 1015
-22	-41	-62	-12	-70	-4	-45	-53	cell = 1016 to 1023
