Calibration values from cell 0 to 1024 for channel 0:

62	-8	31	-34	72	-20	70	-10	cell = 0 to 7
41	-31	80	-7	4	-1	34	-22	cell = 8 to 15
30	1	52	-11	42	13	59	12	cell = 16 to 23
47	-25	46	-14	21	-6	26	-39	cell = 24 to 31
34	-43	42	-7	16	38	54	-9	cell = 32 to 39
34	35	55	-2	45	-20	61	16	cell = 40 to 47
23	23	45	39	57	30	30	-2	cell = 48 to 55
28	2	44	4	63	29	22	-50	cell = 56 to 63
53	-17	33	-33	52	-13	52	14	cell = 64 to 71
0	-14	74	30	68	-52	33	29	cell = 72 to 79
48	16	66	-25	75	39	64	-59	cell = 80 to 87
7	1	79	-29	59	12	54	-42	cell = 88 to 95
93	6	15	2	52	18	38	-3	cell = 96 to 103
10	26	48	0	29	23	67	7	cell = 104 to 111
75	18	74	-24	47	-3	52	-33	cell = 112 to 119
31	-40	38	-7	27	-24	40	-19	cell = 120 to 127
50	3	42	31	43	8	10	-13	cell = 128 to 135
91	-27	63	16	65	-1	46	-32	cell = 136 to 143
48	2	65	-27	87	-37	46	1	cell = 144 to 151
25	25	48	-26	33	-11	45	-7	cell = 152 to 159
50	15	70	-4	84	-7	21	-2	cell = 160 to 167
11	9	56	-4	20	1	55	-7	cell = 168 to 175
45	14	15	7	44	-39	83	22	cell = 176 to 183
48	11	68	49	64	-44	76	-10	cell = 184 to 191
25	14	26	13	56	-29	30	-19	cell = 192 to 199
29	-33	84	-6	77	13	19	-25	cell = 200 to 207
108	5	70	1	34	-31	24	-36	cell = 208 to 215
32	2	48	-28	63	18	53	-8	cell = 216 to 223
35	-25	44	1	36	18	41	-5	cell = 224 to 231
60	-9	68	16	59	1	70	-17	cell = 232 to 239
36	21	20	-18	42	-40	56	10	cell = 240 to 247
19	0	37	-7	44	1	33	-80	cell = 248 to 255
54	3	51	39	11	23	52	-19	cell = 256 to 263
75	14	1	-4	56	5	31	-2	cell = 264 to 271
40	-2	48	19	43	-17	31	-54	cell = 272 to 279
24	-22	55	5	50	17	18	-24	cell = 280 to 287
8	-12	25	-41	64	8	53	-32	cell = 288 to 295
12	14	62	9	49	-11	35	-55	cell = 296 to 303
30	-5	57	-7	41	-2	74	-44	cell = 304 to 311
33	17	58	-25	58	8	42	12	cell = 312 to 319
41	4	64	4	28	-8	58	-3	cell = 320 to 327
69	-53	53	-6	34	8	35	-1	cell = 328 to 335
44	3	30	-10	53	9	18	36	cell = 336 to 343
50	32	15	27	33	-37	18	-31	cell = 344 to 351
22	-14	-1	-28	44	19	34	-40	cell = 352 to 359
34	3	16	25	20	18	53	8	cell = 360 to 367
34	8	28	-25	24	-21	40	23	cell = 368 to 375
42	-13	24	-4	35	-30	10	-8	cell = 376 to 383
32	-42	50	-2	56	-26	72	40	cell = 384 to 391
48	-5	52	-27	11	18	58	-24	cell = 392 to 399
-10	11	20	34	37	-6	51	0	cell = 400 to 407
43	18	23	-41	-2	15	31	-10	cell = 408 to 415
0	-12	20	19	36	28	60	-17	cell = 416 to 423
60	49	40	-31	80	4	55	-48	cell = 424 to 431
85	-3	25	-34	98	0	38	15	cell = 432 to 439
33	-4	38	13	65	-10	36	22	cell = 440 to 447
47	-4	48	2	47	-15	50	3	cell = 448 to 455
53	32	62	-11	9	29	35	5	cell = 456 to 463
20	17	14	-29	27	-53	32	-1	cell = 464 to 471
13	-15	44	-14	48	-57	76	-18	cell = 472 to 479
30	0	41	-23	50	28	10	10	cell = 480 to 487
78	11	0	41	22	-33	34	-2	cell = 488 to 495
79	-35	-42	-24	0	-93	-34	-43	cell = 496 to 503
9	22	61	5	34	-29	26	-6	cell = 504 to 511
0	-49	-40	-37	-16	-9	-41	-9	cell = 512 to 519
6	11	-54	-5	-7	-11	-5	-40	cell = 520 to 527
-31	-14	-87	-27	-13	-34	-6	-22	cell = 528 to 535
-60	3	-12	4	-19	-21	-49	26	cell = 536 to 543
-56	17	-3	-31	6	-26	-17	3	cell = 544 to 551
-18	-43	-22	-10	-15	-29	-5	14	cell = 552 to 559
-30	19	10	-44	-5	-4	-22	7	cell = 560 to 567
-4	0	-29	-18	-14	-26	-26	-16	cell = 568 to 575
12	-8	13	-24	-15	-48	20	-45	cell = 576 to 583
-30	-2	-17	-12	21	-21	-51	-11	cell = 584 to 591
-64	-11	-6	-48	-21	-51	-34	-8	cell = 592 to 599
-18	13	-15	-41	-18	-15	4	-27	cell = 600 to 607
-29	-18	-17	3	-38	-4	-27	37	cell = 608 to 615
-18	0	-30	-27	-26	-70	25	-1	cell = 616 to 623
-5	-18	-28	-35	-14	-25	0	-22	cell = 624 to 631
2	-16	-28	-51	-35	-12	-39	3	cell = 632 to 639
-31	-30	-24	-9	-10	-58	-40	-51	cell = 640 to 647
-54	-14	-26	-11	-18	-20	-41	-12	cell = 648 to 655
-25	-2	17	-41	-50	5	-18	-6	cell = 656 to 663
23	-34	-34	13	-9	-47	-5	-17	cell = 664 to 671
-16	-12	-19	-8	-41	4	-16	-14	cell = 672 to 679
-8	-14	5	-25	-15	-20	-15	-16	cell = 680 to 687
3	19	-58	-9	27	-14	-30	16	cell = 688 to 695
-33	-50	-32	-21	-57	-2	-54	-35	cell = 696 to 703
-12	-31	-17	-23	-4	-31	-34	2	cell = 704 to 711
-25	8	-23	28	-51	-8	-35	-9	cell = 712 to 719
6	-27	11	-26	-51	6	-9	15	cell = 720 to 727
-9	-20	-56	-11	-28	-16	-54	-26	cell = 728 to 735
-39	8	-53	9	-30	-3	34	-25	cell = 736 to 743
-50	-22	-24	0	-3	-34	-20	-61	cell = 744 to 751
-58	0	-15	-33	16	-34	-10	-45	cell = 752 to 759
-3	-21	-23	-27	-13	-35	-24	5	cell = 760 to 767
-44	-68	-54	-17	-24	-29	-21	-39	cell = 768 to 775
-22	-37	-32	-8	5	-11	-10	-36	cell = 776 to 783
2	-23	34	-29	-29	-47	-31	-29	cell = 784 to 791
-29	-2	-54	-38	-48	-21	4	-43	cell = 792 to 799
-24	-38	-27	-9	-42	-7	-27	-3	cell = 800 to 807
-33	-13	-22	-1	-51	-9	-7	3	cell = 808 to 815
-34	-17	-23	1	-8	-13	-24	-24	cell = 816 to 823
-1	14	-33	-3	17	-23	-35	-24	cell = 824 to 831
-29	-26	4	12	-54	15	-17	-35	cell = 832 to 839
-48	-19	8	-5	-11	-29	-29	-4	cell = 840 to 847
-54	-27	-39	-48	-61	0	-21	6	cell = 848 to 855
-13	-23	-19	9	-32	-11	0	-5	cell = 856 to 863
-22	-16	25	-23	-14	-28	-60	1	cell = 864 to 871
-37	-65	6	-34	-32	-39	4	-34	cell = 872 to 879
-26	-53	-5	-8	-26	-8	-16	1	cell = 880 to 887
-37	-29	-1	-2	-22	8	-34	-20	cell = 888 to 895
-8	29	-16	13	-15	-48	-7	-19	cell = 896 to 903
-2	-35	-42	-26	-9	-12	20	12	cell = 904 to 911
-13	-8	-20	-14	-14	-5	-41	10	cell = 912 to 919
-7	3	-64	-65	-13	-8	-6	-1	cell = 920 to 927
-25	-46	6	-15	10	-43	-29	15	cell = 928 to 935
-50	-18	-26	-4	19	-46	-43	4	cell = 936 to 943
-14	-35	21	-22	-23	-17	-35	-14	cell = 944 to 951
-18	-27	9	9	-32	2	-35	-19	cell = 952 to 959
-22	-30	-19	3	-49	-29	-27	19	cell = 960 to 967
-48	0	-31	-22	-30	-24	6	-25	cell = 968 to 975
2	0	-40	17	-26	29	4	-8	cell = 976 to 983
2	18	2	-16	-53	-25	0	-25	cell = 984 to 991
-5	-27	-38	4	-35	-47	-20	-44	cell = 992 to 999
-17	-20	-20	-21	-22	-26	2	-33	cell = 1000 to 1007
18	-45	-42	-24	-28	-50	-45	-23	cell = 1008 to 1015
-13	12	-4	1	-44	7	-37	22	cell = 1016 to 1023
Calibration values from cell 0 to 1024 for channel 1:

27	0	53	-47	30	6	15	-6	cell = 0 to 7
46	-7	1	-22	52	9	59	19	cell = 8 to 15
23	26	26	-4	20	33	66	-5	cell = 16 to 23
48	-34	17	-1	12	-14	70	-7	cell = 24 to 31
22	23	89	33	67	-12	28	5	cell = 32 to 39
51	6	52	4	66	-30	32	3	cell = 40 to 47
67	-12	51	-12	57	-7	30	-14	cell = 48 to 55
16	-26	32	-4	42	0	29	-44	cell = 56 to 63
56	18	30	3	59	-46	12	19	cell = 64 to 71
51	56	51	0	-11	-20	30	21	cell = 72 to 79
69	42	48	0	70	-5	54	25	cell = 80 to 87
37	6	25	-15	61	-21	33	11	cell = 88 to 95
66	-35	48	-20	20	-25	39	-8	cell = 96 to 103
17	26	67	4	29	19	61	-29	cell = 104 to 111
43	-28	15	0	73	-3	43	-8	cell = 112 to 119
49	-13	48	-4	46	-32	46	-20	cell = 120 to 127
51	1	46	17	23	31	49	19	cell = 128 to 135
36	29	52	2	56	-12	23	-19	cell = 136 to 143
44	-52	48	30	40	-4	55	-50	cell = 144 to 151
53	2	41	-27	31	17	28	-6	cell = 152 to 159
41	0	37	11	29	-23	16	-23	cell = 160 to 167
41	-26	36	-30	11	23	41	1	cell = 168 to 175
47	-22	102	-32	78	32	29	-42	cell = 176 to 183
50	7	20	27	53	-26	23	-42	cell = 184 to 191
1	-24	49	10	15	3	41	23	cell = 192 to 199
32	-19	36	10	73	32	85	-30	cell = 200 to 207
27	-23	45	-29	30	3	43	14	cell = 208 to 215
21	20	71	-19	36	-50	79	-14	cell = 216 to 223
57	-9	17	35	20	27	47	11	cell = 224 to 231
50	18	51	-36	20	-11	92	-7	cell = 232 to 239
28	23	45	1	63	19	41	-10	cell = 240 to 247
24	9	12	36	30	-16	7	19	cell = 248 to 255
61	-28	48	-3	44	-18	42	12	cell = 256 to 263
49	8	-2	-8	47	1	57	12	cell = 264 to 271
57	-18	64	2	49	-5	73	-19	cell = 272 to 279
42	-21	-5	1	45	-8	47	-17	cell = 280 to 287
36	-22	41	-17	98	3	53	-16	cell = 288 to 295
54	10	64	-17	28	-27	33	-22	cell = 296 to 303
30	12	53	-21	49	-2	43	20	cell = 304 to 311
45	-29	60	0	2	27	31	9	cell = 312 to 319
36	-28	15	-44	10	17	53	31	cell = 320 to 327
92	-11	64	13	67	17	58	-38	cell = 328 to 335
55	-45	53	-25	34	-15	54	37	cell = 336 to 343
22	8	16	3	52	3	9	-20	cell = 344 to 351
53	1	24	-16	24	14	29	-17	cell = 352 to 359
76	0	28	24	84	37	33	-13	cell = 360 to 367
33	32	40	-17	43	13	67	3	cell = 368 to 375
16	-18	8	-20	67	-14	56	15	cell = 376 to 383
58	5	9	20	71	19	41	3	cell = 384 to 391
-4	1	65	37	35	-31	-13	-9	cell = 392 to 399
53	4	31	-3	34	0	49	-6	cell = 400 to 407
17	1	66	-29	-5	-16	40	-14	cell = 408 to 415
10	-3	23	-2	10	-8	23	-10	cell = 416 to 423
75	14	67	-31	10	20	34	-11	cell = 424 to 431
56	7	31	18	61	-20	53	15	cell = 432 to 439
26	5	27	-34	2	36	15	1	cell = 440 to 447
60	-19	33	-32	23	12	61	17	cell = 448 to 455
28	-12	36	-20	73	-3	35	-30	cell = 456 to 463
40	-8	72	3	24	9	43	0	cell = 464 to 471
70	-12	24	-20	27	22	57	0	cell = 472 to 479
39	-3	36	11	0	-10	48	0	cell = 480 to 487
-8	-20	37	-47	65	11	55	13	cell = 488 to 495
71	22	-3	-85	-27	-65	-54	-87	cell = 496 to 503
37	-25	83	0	-3	41	68	-40	cell = 504 to 511
7	-29	17	-41	-39	2	-5	20	cell = 512 to 519
-11	-3	-1	-33	-21	-13	-7	-10	cell = 520 to 527
-4	12	-27	-16	4	0	11	-12	cell = 528 to 535
-2	-2	-23	22	-28	-42	-32	-25	cell = 536 to 543
-12	-30	-18	-67	4	-24	-46	-1	cell = 544 to 551
24	-28	-1	4	-26	-54	17	-2	cell = 552 to 559
5	16	-14	3	-15	-56	0	3	cell = 560 to 567
-21	-11	-21	-31	-20	-49	-10	-31	cell = 568 to 575
-7	-31	-45	-18	-5	46	-29	36	cell = 576 to 583
14	-4	-26	0	-22	-21	-29	-7	cell = 584 to 591
13	6	-44	-22	-53	-35	-22	-32	cell = 592 to 599
-7	-24	-3	0	-41	7	-20	-9	cell = 600 to 607
-22	-9	-39	-2	-32	-46	-18	12	cell = 608 to 615
30	-23	-38	-2	-68	-33	-15	-41	cell = 616 to 623
8	-25	-21	-38	5	25	0	2	cell = 624 to 631
-47	4	-11	-16	-51	-10	-35	-20	cell = 632 to 639
-36	-7	-28	-23	-10	-1	-51	-23	cell = 640 to 647
-55	-36	22	9	-45	-2	-5	31	cell = 648 to 655
-22	-30	-10	-19	-51	-23	-26	-1	cell = 656 to 663
-15	-46	-53	29	-17	-42	-31	-11	cell = 664 to 671
-8	-15	-31	-46	-41	-16	-27	-44	cell = 672 to 679
-34	-43	-53	-26	-40	-8	15	-14	cell = 680 to 687
-47	-25	5	-36	-4	-22	-40	-7	cell = 688 to 695
-9	-36	-28	-9	-32	-20	-44	-40	cell = 696 to 703
-7	18	-42	-40	-31	-10	-25	-21	cell = 704 to 711
-35	-24	-26	-59	-12	-11	-32	-15	cell = 712 to 719
-14	-52	-3	-7	20	-11	-15	-15	cell = 720 to 727
-30	0	-20	-48	-41	-20	-28	5	cell = 728 to 735
-47	12	-20	-40	-30	-32	14	-9	cell = 736 to 743
30	-16	-19	2	-20	-14	8	-31	cell = 744 to 751
6	-13	-33	-27	-54	34	-14	-13	cell = 752 to 759
-9	-16	-33	-6	-25	-2	-17	-17	cell = 760 to 767
-30	12	-7	-24	11	-31	11	-13	cell = 768 to 775
-34	35	-21	-15	-37	3	-20	-37	cell = 776 to 783
-38	-30	-24	-9	13	-15	-36	15	cell = 784 to 791
-20	-20	-1	7	-49	-15	-47	28	cell = 792 to 799
-23	-22	-50	-27	-2	-2	-8	-59	cell = 800 to 807
-58	-29	-31	2	-6	-54	-72	-15	cell = 808 to 815
-29	-10	-38	-11	11	19	25	-2	cell = 816 to 823
-13	-28	-35	-16	-30	19	-2	-11	cell = 824 to 831
-19	-2	-32	8	-18	17	-23	-15	cell = 832 to 839
-38	2	-21	-9	-50	-28	13	-16	cell = 840 to 847
-29	-11	-45	-7	-38	-7	11	-12	cell = 848 to 855
-11	-62	-23	5	-19	7	-45	-46	cell = 856 to 863
-28	-44	14	-36	-49	-31	5	-28	cell = 864 to 871
-53	-15	-36	17	-38	-25	0	-13	cell = 872 to 879
-11	10	7	-2	-5	6	-26	-35	cell = 880 to 887
-43	-2	-40	-16	3	-25	6	-33	cell = 888 to 895
-77	-18	-43	-10	-63	-40	-36	-17	cell = 896 to 903
22	-37	-24	23	20	6	14	-8	cell = 904 to 911
-14	-28	-63	-40	-34	-52	-38	-44	cell = 912 to 919
-41	5	-11	-56	28	-38	-20	-22	cell = 920 to 927
-54	1	-13	-9	-23	-9	-21	-29	cell = 928 to 935
-12	-33	-21	-65	-73	-16	-2	-9	cell = 936 to 943
-28	-25	-18	-32	-25	-38	-17	-26	cell = 944 to 951
-25	-25	-32	0	3	13	-29	-12	cell = 952 to 959
-24	-10	-21	-20	-39	3	0	-7	cell = 960 to 967
-5	-42	-26	0	30	-13	-63	22	cell = 968 to 975
10	-10	-19	17	-23	-35	-39	43	cell = 976 to 983
-2	-32	-17	-39	-15	-59	-32	-27	cell = 984 to 991
-27	-8	-34	2	-25	-19	-2	-16	cell = 992 to 999
1	-12	-32	-21	-7	-7	-57	-37	cell = 1000 to 1007
-30	1	-59	-18	-27	-33	-16	-14	cell = 1008 to 1015
-33	-43	2	-13	-18	-43	-23	-11	cell = 1016 to 1023
Calibration values from cell 0 to 1024 for channel 2:

-8	-5	52	-37	24	41	51	-30	cell = 0 to 7
66	-12	60	-49	35	-3	43	-20	cell = 8 to 15
62	-10	53	-5	70	29	56	-11	cell = 16 to 23
16	-24	60	-27	47	4	64	11	cell = 24 to 31
37	-36	31	4	23	-15	6	-25	cell = 32 to 39
72	-9	79	6	14	33	49	3	cell = 40 to 47
46	-3	26	-2	52	-5	41	-3	cell = 48 to 55
28	13	44	-38	53	-3	42	-11	cell = 56 to 63
22	-25	38	-6	40	-27	77	20	cell = 64 to 71
16	-8	53	-20	34	12	35	10	cell = 72 to 79
13	6	35	7	88	-20	33	5	cell = 80 to 87
30	-3	64	1	38	6	41	-12	cell = 88 to 95
46	-25	51	-21	50	18	28	-19	cell = 96 to 103
68	13	20	-10	50	8	70	-15	cell = 104 to 111
5	25	33	23	58	-6	25	1	cell = 112 to 119
13	-5	-2	28	58	20	37	10	cell = 120 to 127
-8	-11	3	-23	31	9	82	-63	cell = 128 to 135
62	-10	38	0	63	34	48	11	cell = 136 to 143
20	-10	45	-6	18	-14	85	34	cell = 144 to 151
62	14	55	-7	2	-8	63	-14	cell = 152 to 159
82	1	42	28	34	-3	54	-9	cell = 160 to 167
15	13	28	-21	42	32	48	-26	cell = 168 to 175
21	-28	40	-21	22	-14	0	-28	cell = 176 to 183
4	0	39	-13	27	-9	33	-2	cell = 184 to 191
17	-33	50	10	45	-18	23	8	cell = 192 to 199
37	-10	38	-1	67	35	58	-45	cell = 200 to 207
23	-20	54	7	54	4	55	36	cell = 208 to 215
50	-8	43	2	-13	6	72	-4	cell = 216 to 223
16	-47	71	5	83	-28	57	32	cell = 224 to 231
69	-42	58	-11	71	-2	66	-15	cell = 232 to 239
86	-6	32	14	2	9	40	-6	cell = 240 to 247
47	-10	57	8	36	-33	22	-14	cell = 248 to 255
20	-9	34	-9	55	-35	42	-19	cell = 256 to 263
38	7	16	-11	46	32	40	19	cell = 264 to 271
39	-6	16	3	10	13	19	11	cell = 272 to 279
41	7	51	-3	19	6	44	6	cell = 280 to 287
45	-20	62	-8	47	-32	71	21	cell = 288 to 295
21	-3	7	-29	51	-26	23	-22	cell = 296 to 303
44	-11	22	-37	57	0	57	-19	cell = 304 to 311
29	27	56	-21	66	0	1	-23	cell = 312 to 319
38	-16	25	-47	48	-19	29	-5	cell = 320 to 327
56	-15	0	3	34	21	75	-11	cell = 328 to 335
15	-7	19	-32	41	16	21	-15	cell = 336 to 343
41	-59	29	1	17	16	54	-21	cell = 344 to 351
54	9	63	20	47	-5	36	5	cell = 352 to 359
48	12	70	-10	72	-27	80	-21	cell = 360 to 367
31	9	26	32	22	10	51	7	cell = 368 to 375
14	-4	64	37	73	47	40	-40	cell = 376 to 383
10	3	36	-3	46	16	9	3	cell = 384 to 391
19	-5	47	0	15	-5	40	7	cell = 392 to 399
29	40	89	6	63	6	53	-29	cell = 400 to 407
-8	4	75	11	58	-5	69	-34	cell = 408 to 415
36	-7	24	12	75	-7	59	-7	cell = 416 to 423
31	-27	35	4	39	10	47	-22	cell = 424 to 431
39	0	43	-41	39	-12	30	-46	cell = 432 to 439
24	-30	53	-2	44	-16	23	-30	cell = 440 to 447
31	0	17	-10	12	21	36	-7	cell = 448 to 455
34	-23	49	-15	20	-5	22	-19	cell = 456 to 463
12	-46	54	-38	8	52	30	2	cell = 464 to 471
36	-18	55	-53	29	-58	52	-14	cell = 472 to 479
68	10	19	-2	41	-17	26	2	cell = 480 to 487
41	32	62	2	78	14	2	-6	cell = 488 to 495
80	-17	-22	-106	-59	-71	-12	-97	cell = 496 to 503
35	-21	19	-22	26	-7	27	-4	cell = 504 to 511
-32	2	-42	-32	9	-27	-52	-42	cell = 512 to 519
-13	42	-46	-37	-3	4	-24	-37	cell = 520 to 527
-1	-5	-39	-35	-21	-3	-12	8	cell = 528 to 535
-20	-49	-6	-1	22	-18	-13	-58	cell = 536 to 543
-32	-49	-28	-47	-13	-24	-7	4	cell = 544 to 551
-14	-27	-70	-19	-25	-15	-6	15	cell = 552 to 559
-4	-12	-42	-10	-35	-30	-57	29	cell = 560 to 567
0	-31	-62	-12	14	-15	-8	16	cell = 568 to 575
-14	-34	-3	-24	-6	-3	-33	-12	cell = 576 to 583
-74	-8	-37	-14	-5	48	-27	-70	cell = 584 to 591
-5	-46	-41	-21	-31	-19	18	-53	cell = 592 to 599
16	-23	-32	-34	-16	-5	-11	-38	cell = 600 to 607
-23	-46	3	-17	-23	2	-6	-29	cell = 608 to 615
-31	-30	-7	-41	-44	-25	7	-47	cell = 616 to 623
-7	-13	1	-25	-4	-13	0	15	cell = 624 to 631
-35	2	4	-13	-63	-41	-25	-28	cell = 632 to 639
-27	-54	-26	-40	8	-31	-11	-22	cell = 640 to 647
-85	-32	-7	-28	14	-13	-29	-18	cell = 648 to 655
-32	-19	-34	-42	-5	-17	-60	7	cell = 656 to 663
-14	3	-15	-37	-11	-57	-6	18	cell = 664 to 671
-21	-19	-59	-3	-10	9	-26	12	cell = 672 to 679
-9	22	-39	12	-28	-27	-18	-30	cell = 680 to 687
-17	-4	-16	-39	-27	9	-26	-5	cell = 688 to 695
-29	-15	-20	-25	-19	-70	-38	-14	cell = 696 to 703
-3	-25	-12	-28	-34	-38	-32	31	cell = 704 to 711
3	8	-36	32	-54	-15	-18	1	cell = 712 to 719
22	-15	-34	-19	0	-25	-37	-1	cell = 720 to 727
-32	-18	-11	-34	-31	-33	-44	-9	cell = 728 to 735
8	16	-6	-22	-25	14	6	8	cell = 736 to 743
16	-25	-18	-13	-3	-36	20	4	cell = 744 to 751
-30	17	18	0	-11	0	-16	-2	cell = 752 to 759
-28	-26	-21	19	-16	-8	-57	-25	cell = 760 to 767
-4	-50	-31	7	-55	-10	12	-17	cell = 768 to 775
-11	-21	-15	-24	-12	-17	-25	-3	cell = 776 to 783
-20	-24	-21	1	62	-20	-64	-29	cell = 784 to 791
8	-19	-19	9	6	-18	-23	15	cell = 792 to 799
-52	-21	-10	43	-23	-12	-33	9	cell = 800 to 807
-37	-12	-32	-23	-13	0	-20	-4	cell = 808 to 815
-56	-20	-15	-14	-14	6	-25	20	cell = 816 to 823
33	-12	13	-25	-18	-20	0	-3	cell = 824 to 831
-32	-8	-37	-24	-24	9	-42	-21	cell = 832 to 839
-45	-20	-31	-6	-41	-2	-4	4	cell = 840 to 847
-25	7	-9	3	-25	-23	-59	19	cell = 848 to 855
12	-6	-46	-44	10	0	-49	-15	cell = 856 to 863
1	-5	-10	7	-27	1	-62	-33	cell = 864 to 871
-44	-35	-9	-26	-19	-18	16	16	cell = 872 to 879
-6	-6	-29	-27	-38	-9	-7	-38	cell = 880 to 887
19	-30	6	-9	-20	-11	-20	-28	cell = 888 to 895
-16	-1	4	-42	-33	-29	-38	20	cell = 896 to 903
-36	20	-4	-20	-29	26	-6	17	cell = 904 to 911
8	18	-17	-10	2	5	-2	1	cell = 912 to 919
-17	5	-31	-24	-21	23	-7	4	cell = 920 to 927
-37	-5	-23	-34	-15	-12	-40	-4	cell = 928 to 935
-8	19	-29	9	-19	-57	1	14	cell = 936 to 943
-26	-35	26	-52	-12	-7	-44	-3	cell = 944 to 951
-23	-13	5	-2	-37	-16	-43	-28	cell = 952 to 959
-23	-25	-36	-28	-26	5	-57	2	cell = 960 to 967
-14	-45	-27	-28	23	-15	-21	-8	cell = 968 to 975
21	37	0	-33	-28	-13	-8	-4	cell = 976 to 983
-60	-49	-9	-33	-41	-12	-37	-44	cell = 984 to 991
-9	-39	-20	-26	-5	4	20	32	cell = 992 to 999
-46	-9	11	12	-30	9	-2	15	cell = 1000 to 1007
-21	-30	-47	-32	-20	10	-84	-41	cell = 1008 to 1015
-28	26	-31	-28	12	-41	-47	-17	cell = 1016 to 1023
Calibration values from cell 0 to 1024 for channel 3:

48	-26	33	-1	47	12	87	-15	cell = 0 to 7
21	-7	45	8	49	-17	67	-15	cell = 8 to 15
46	21	17	6	62	7	23	-11	cell = 16 to 23
47	0	40	-25	48	16	74	-12	cell = 24 to 31
29	10	45	-58	29	-3	67	-44	cell = 32 to 39
11	11	60	-16	29	36	32	6	cell = 40 to 47
21	3	57	-3	32	-6	63	10	cell = 48 to 55
57	-27	8	22	26	-29	70	0	cell = 56 to 63
19	-31	45	-16	35	28	37	-5	cell = 64 to 71
49	-40	71	-49	38	24	60	4	cell = 72 to 79
15	-29	71	-25	43	-37	56	-7	cell = 80 to 87
17	-25	24	0	37	-7	84	-43	cell = 88 to 95
29	37	47	3	51	13	18	-11	cell = 96 to 103
25	-10	21	-6	54	21	50	26	cell = 104 to 111
55	31	26	-3	58	24	57	-6	cell = 112 to 119
27	33	56	2	0	5	44	-35	cell = 120 to 127
28	-19	34	-9	44	-2	63	9	cell = 128 to 135
6	-7	32	-24	32	-39	37	-56	cell = 136 to 143
58	3	56	-16	53	15	59	18	cell = 144 to 151
13	-22	55	-10	44	2	45	5	cell = 152 to 159
41	-19	37	-9	36	-4	69	11	cell = 160 to 167
55	10	44	-3	21	-6	54	-8	cell = 168 to 175
29	24	40	4	27	16	48	0	cell = 176 to 183
57	7	22	24	23	-35	28	-20	cell = 184 to 191
44	-25	6	-14	19	8	9	-20	cell = 192 to 199
54	20	48	6	48	-8	41	-28	cell = 200 to 207
32	-25	27	-11	47	22	67	-18	cell = 208 to 215
98	0	48	-25	-2	11	29	-7	cell = 216 to 223
5	40	44	-21	2	-21	23	-7	cell = 224 to 231
17	25	46	-16	51	-6	58	-27	cell = 232 to 239
24	16	27	-10	59	-17	108	-12	cell = 240 to 247
39	26	57	3	15	-18	34	-23	cell = 248 to 255
5	22	18	-11	29	14	37	15	cell = 256 to 263
64	18	25	-8	12	21	40	16	cell = 264 to 271
-1	-2	64	-33	71	13	36	25	cell = 272 to 279
27	-3	35	3	-3	0	57	10	cell = 280 to 287
8	-24	58	-7	22	17	34	-30	cell = 288 to 295
37	28	25	-6	37	1	35	-34	cell = 296 to 303
44	3	57	-29	22	13	51	18	cell = 304 to 311
29	4	47	-14	44	-3	37	22	cell = 312 to 319
26	-13	56	-28	59	-12	39	-28	cell = 320 to 327
85	35	52	-4	29	-6	43	-18	cell = 328 to 335
36	-14	55	-2	35	28	38	-18	cell = 336 to 343
75	-4	44	-5	54	53	41	-4	cell = 344 to 351
34	0	31	-8	39	-41	46	49	cell = 352 to 359
88	30	69	-4	47	3	68	-7	cell = 360 to 367
24	-34	35	8	39	-40	46	2	cell = 368 to 375
79	1	47	-40	31	19	40	-26	cell = 376 to 383
32	-14	45	43	30	13	31	9	cell = 384 to 391
29	13	37	-39	23	9	7	2	cell = 392 to 399
48	28	0	18	31	-52	33	-25	cell = 400 to 407
53	-15	33	-41	28	-16	52	3	cell = 408 to 415
54	14	49	-6	43	-3	52	-7	cell = 416 to 423
19	-25	71	55	48	4	50	-37	cell = 424 to 431
46	9	49	-36	54	26	32	6	cell = 432 to 439
-30	11	42	-14	56	-23	50	-16	cell = 440 to 447
10	-17	75	26	16	-28	52	18	cell = 448 to 455
55	28	31	-6	35	-8	22	1	cell = 456 to 463
44	34	56	28	-7	21	21	-27	cell = 464 to 471
60	-24	16	-11	40	-19	63	2	cell = 472 to 479
30	0	65	-10	49	12	62	-15	cell = 480 to 487
57	-25	29	22	44	-21	48	-46	cell = 488 to 495
17	-21	-24	-74	-62	-73	-45	-82	cell = 496 to 503
67	14	49	-16	14	5	1	-7	cell = 504 to 511
-50	-10	-36	14	-39	-24	-36	-18	cell = 512 to 519
-5	-11	-17	-27	-21	-18	-22	-7	cell = 520 to 527
-29	17	-31	-5	-2	-65	-21	-39	cell = 528 to 535
-11	-22	-15	-50	-25	2	-22	5	cell = 536 to 543
-19	-11	-27	16	4	10	-45	-12	cell = 544 to 551
0	27	-20	-16	4	-2	-61	-26	cell = 552 to 559
1	-56	-61	14	-14	-14	-4	-4	cell = 560 to 567
-21	-11	-56	-29	-24	-32	-19	-21	cell = 568 to 575
-17	-25	-36	24	-46	-62	3	-40	cell = 576 to 583
-16	-13	-13	-11	-54	-29	7	-14	cell = 584 to 591
-24	-23	-64	-31	-2	-4	-5	2	cell = 592 to 599
-49	-9	-47	7	-1	-6	-44	25	cell = 600 to 607
-36	-37	-36	-26	3	-25	17	-16	cell = 608 to 615
-27	-21	-10	-48	7	-27	-26	-5	cell = 616 to 623
-25	22	-46	14	-57	-5	-5	-5	cell = 624 to 631
4	-22	-15	14	-17	-37	-21	-35	cell = 632 to 639
10	-40	-43	5	-57	23	-34	7	cell = 640 to 647
-1	-62	-26	-16	-36	-18	-31	-12	cell = 648 to 655
-33	1	-15	-9	-21	19	13	21	cell = 656 to 663
-56	-34	-22	-56	-39	-3	18	-13	cell = 664 to 671
-19	-10	-11	6	10	-6	2	-10	cell = 672 to 679
-16	-48	-7	-30	-41	-59	-3	3	cell = 680 to 687
1	-14	-31	-35	-20	-19	-1	-10	cell = 688 to 695
-8	-49	-37	-29	-19	-40	7	-36	cell = 696 to 703
-7	-30	-11	-41	-53	-27	-42	1	cell = 704 to 711
-12	10	-13	-11	-6	-56	-18	10	cell = 712 to 719
-51	-29	-14	0	-11	33	-52	-4	cell = 720 to 727
-47	20	-24	-24	-10	-44	-29	-20	cell = 728 to 735
19	-27	-39	-31	-26	3	-16	-40	cell = 736 to 743
-9	-48	-23	-11	2	-6	23	8	cell = 744 to 751
-16	-25	-38	-9	-10	14	-17	13	cell = 752 to 759
-31	-14	1	-2	-21	-55	-22	-53	cell = 760 to 767
-11	-21	14	18	-27	7	-49	20	cell = 768 to 775
-15	-30	-14	-42	-1	-15	-30	-17	cell = 776 to 783
32	10	-6	1	-2	-8	-26	-7	cell = 784 to 791
11	6	-30	-21	-14	-8	-27	3	cell = 792 to 799
-46	5	-27	3	14	-13	-27	-14	cell = 800 to 807
-28	12	-7	-35	-10	-4	-21	-9	cell = 808 to 815
-19	-43	-13	7	-8	3	-35	-63	cell = 816 to 823
10	-26	-16	-29	-5	-20	-49	11	cell = 824 to 831
-46	3	15	-18	12	11	-2	-13	cell = 832 to 839
6	-25	8	40	15	-9	-58	-1	cell = 840 to 847
5	-26	21	1	-31	0	-58	-16	cell = 848 to 855
-42	-21	-32	25	-2	-54	-25	-30	cell = 856 to 863
-13	14	-16	-14	-23	-12	-22	-18	cell = 864 to 871
-19	-32	-18	2	-34	-18	-54	-1	cell = 872 to 879
-57	-9	-56	-44	-19	-35	-19	-26	cell = 880 to 887
-38	-10	-47	-51	-34	-41	-11	-56	cell = 888 to 895
-2	-53	-11	-11	2	0	-10	31	cell = 896 to 903
-28	9	-13	-18	-31	-14	-21	18	cell = 904 to 911
-19	9	-45	-5	-10	-23	18	-9	cell = 912 to 919
1	-33	-2	-14	-34	6	8	-19	cell = 920 to 927
-61	6	-5	25	0	-48	4	-22	cell = 928 to 935
-8	-16	-5	-10	7	-24	-46	-23	cell = 936 to 943
-6	-9	-27	-6	-16	-12	-62	8	cell = 944 to 951
-1	-29	-15	-31	-8	3	-26	-47	cell = 952 to 959
-30	-7	-6	-37	-27	-39	-44	5	cell = 960 to 967
-29	-45	-33	-9	-37	-25	-18	-4	cell = 968 to 975
-21	-26	-49	-12	-43	-24	-26	-40	cell = 976 to 983
-49	-9	2	-3	-9	-19	-37	-32	cell = 984 to 991
-50	4	-30	-12	-11	-8	-40	3	cell = 992 to 999
-6	-37	-20	-27	-33	-8	-18	15	cell = 1000 to 1007
-42	14	-62	-33	-34	-7	-42	-3	cell = 1008 to 1015
-14	5	-17	-34	-34	15	4	-13	cell = 1016 to 1023
Calibration values from cell 0 to 1024 for channel 4:

29	17	54	-37	45	9	19	-23	cell = 0 to 7
59	11	54	-11	54	-23	14	-31	cell = 8 to 15
33	-32	74	23	11	-13	74	-17	cell = 16 to 23
36	-9	53	-37	46	0	18	-12	cell = 24 to 31
49	-27	50	-16	1	-11	74	-38	cell = 32 to 39
41	12	47	-7	38	32	43	7	cell = 40 to 47
41	-11	49	-9	21	10	47	-34	cell = 48 to 55
54	-11	37	25	14	1	18	-6	cell = 56 to 63
45	-17	26	0	38	34	60	-24	cell = 64 to 71
52	-27	-5	-7	19	24	25	24	cell = 72 to 79
60	22	51	-50	73	-21	73	-49	cell = 80 to 87
42	-8	14	5	58	-6	46	10	cell = 88 to 95
61	0	63	-11	49	-2	33	-32	cell = 96 to 103
55	-32	51	-11	53	-21	55	-12	cell = 104 to 111
48	-30	59	-12	71	-13	34	10	cell = 112 to 119
38	20	32	-3	77	13	60	-1	cell = 120 to 127
31	-2	22	-21	68	-5	75	-23	cell = 128 to 135
26	3	37	-9	37	17	43	5	cell = 136 to 143
37	2	50	17	61	-3	72	-10	cell = 144 to 151
43	-6	41	-7	55	13	90	-17	cell = 152 to 159
55	-44	56	-34	61	-9	73	-5	cell = 160 to 167
40	-27	43	-14	69	3	26	18	cell = 168 to 175
54	-3	15	-29	10	-17	34	-38	cell = 176 to 183
69	10	49	-6	61	0	28	-14	cell = 184 to 191
64	-11	37	21	36	-27	47	1	cell = 192 to 199
37	-16	53	0	35	-4	30	13	cell = 200 to 207
42	-23	46	-1	42	4	24	-6	cell = 208 to 215
53	-21	76	-13	5	-4	27	-26	cell = 216 to 223
48	1	32	-3	29	-2	27	-5	cell = 224 to 231
54	-24	59	0	16	-6	38	-20	cell = 232 to 239
28	1	37	-25	21	0	5	13	cell = 240 to 247
26	-3	21	8	45	-18	32	-11	cell = 248 to 255
53	-18	51	-21	45	-27	67	8	cell = 256 to 263
13	-9	42	19	39	-17	21	-26	cell = 264 to 271
59	-35	48	8	17	8	9	1	cell = 272 to 279
33	-1	71	21	57	-5	23	-11	cell = 280 to 287
36	-30	0	-17	70	2	38	28	cell = 288 to 295
35	7	34	-19	0	10	52	-5	cell = 296 to 303
35	18	41	9	26	3	72	15	cell = 304 to 311
32	-27	38	6	56	-40	-2	-17	cell = 312 to 319
33	-5	16	14	35	-11	24	-35	cell = 320 to 327
57	30	61	-20	47	-1	9	0	cell = 328 to 335
70	-8	27	-11	43	1	60	-32	cell = 336 to 343
58	-6	68	22	8	19	36	-23	cell = 344 to 351
4	4	94	-23	54	-15	27	-20	cell = 352 to 359
33	-6	-9	15	25	5	37	12	cell = 360 to 367
26	-23	65	-27	99	-28	39	-37	cell = 368 to 375
85	-3	53	30	46	-30	29	24	cell = 376 to 383
91	3	45	1	59	2	34	24	cell = 384 to 391
52	32	38	0	-5	9	13	24	cell = 392 to 399
37	-5	26	-19	42	-5	49	-15	cell = 400 to 407
10	-24	57	-21	12	-3	30	-30	cell = 408 to 415
22	5	23	-8	25	33	28	-19	cell = 416 to 423
38	4	10	-13	23	4	53	27	cell = 424 to 431
58	36	4	-30	48	-43	50	24	cell = 432 to 439
25	10	95	42	56	-20	4	-12	cell = 440 to 447
59	10	33	10	4	-7	41	27	cell = 448 to 455
26	-19	35	22	55	6	45	-41	cell = 456 to 463
29	0	51	-8	39	-34	14	5	cell = 464 to 471
26	10	45	-11	35	19	24	-23	cell = 472 to 479
16	-4	43	31	65	-12	50	-41	cell = 480 to 487
35	15	59	12	28	-12	41	-18	cell = 488 to 495
24	-33	-29	-50	-2	-44	-17	-67	cell = 496 to 503
85	-43	7	-35	39	-24	18	-4	cell = 504 to 511
-29	-43	-41	-35	-26	-26	0	5	cell = 512 to 519
-5	-16	-5	12	-17	-27	-23	-9	cell = 520 to 527
9	-8	1	-32	-17	-27	-16	-57	cell = 528 to 535
-14	-24	-29	-19	-20	-31	-48	-25	cell = 536 to 543
-11	-39	-14	0	1	9	1	0	cell = 544 to 551
18	-19	17	-56	-20	-25	-19	-38	cell = 552 to 559
12	-36	-23	2	-10	4	-45	-25	cell = 560 to 567
4	-10	-6	-38	-24	-39	-21	-53	cell = 568 to 575
-2	-28	-20	-9	-15	-28	-28	-11	cell = 576 to 583
-32	-9	-6	5	-15	-16	-17	-39	cell = 584 to 591
-44	9	-42	-25	-70	11	-32	-42	cell = 592 to 599
-64	4	-33	-28	-17	-29	-62	-19	cell = 600 to 607
0	41	-38	-20	-53	-17	-44	-7	cell = 608 to 615
-16	11	-25	-22	2	-8	7	6	cell = 616 to 623
-3	-13	-44	4	7	-11	-41	-61	cell = 624 to 631
-28	-7	2	1	-52	-21	-17	-18	cell = 632 to 639
-48	-13	5	18	-30	0	-17	-3	cell = 640 to 647
-25	-44	-33	-5	-14	1	-14	34	cell = 648 to 655
-42	1	4	-20	-28	-27	-5	-7	cell = 656 to 663
-31	-13	-9	-20	5	-42	-7	-22	cell = 664 to 671
-14	-22	-18	-33	9	13	-51	1	cell = 672 to 679
-27	-38	-14	4	-39	-12	-40	-8	cell = 680 to 687
0	-17	10	-20	-3	-48	14	-42	cell = 688 to 695
-29	-4	-49	8	-6	-12	-37	-22	cell = 696 to 703
-42	-5	-25	-19	-28	40	-34	-26	cell = 704 to 711
-18	-18	21	10	12	-5	-10	-10	cell = 712 to 719
11	40	21	-35	-36	-27	-37	-12	cell = 720 to 727
-15	-25	-21	-10	-20	-58	-18	-28	cell = 728 to 735
-5	-22	-52	-20	-19	-19	-29	-8	cell = 736 to 743
-5	-10	11	24	-22	-9	-20	-37	cell = 744 to 751
-22	-36	-27	7	-36	-14	-34	-3	cell = 752 to 759
-23	-16	-4	6	-26	-9	-16	-18	cell = 760 to 767
-40	-18	-21	-18	1	-57	-40	-48	cell = 768 to 775
-3	-39	-63	10	8	-3	-33	-20	cell = 776 to 783
-41	61	5	-3	13	-43	-13	17	cell = 784 to 791
-13	-19	6	-34	-13	-18	4	-10	cell = 792 to 799
-22	-21	-16	-32	-6	-4	-34	-8	cell = 800 to 807
4	-48	-59	-47	-38	-17	-19	-12	cell = 808 to 815
-14	7	-22	-3	-20	36	-51	10	cell = 816 to 823
-18	42	-32	6	-11	-47	-32	31	cell = 824 to 831
-20	-53	-28	-11	-62	-26	-6	-8	cell = 832 to 839
12	-12	2	2	-21	-27	-38	-4	cell = 840 to 847
-32	-13	14	10	-29	-77	-4	-18	cell = 848 to 855
-40	-13	-35	-6	0	-24	-20	18	cell = 856 to 863
-12	-17	-40	-14	-1	-2	27	11	cell = 864 to 871
-19	22	-41	-22	1	2	6	7	cell = 872 to 879
2	-25	-39	-14	-21	-13	-6	15	cell = 880 to 887
-10	-35	1	0	31	-24	-46	-25	cell = 888 to 895
-55	-47	-18	2	-17	-32	-8	16	cell = 896 to 903
22	-36	-46	-10	-32	14	-16	-1	cell = 904 to 911
-9	-45	-62	6	-17	12	-35	-57	cell = 912 to 919
-25	-14	-24	-6	-19	-42	-6	-30	cell = 920 to 927
-20	-16	-10	-16	0	-34	-3	-5	cell = 928 to 935
-42	-34	-41	-32	-1	-60	-8	-33	cell = 936 to 943
-14	55	-47	-11	-34	-33	-18	-14	cell = 944 to 951
22	1	-32	24	-9	-52	-87	3	cell = 952 to 959
3	-7	-18	-48	-4	-17	-34	-21	cell = 960 to 967
-12	-8	16	-18	-3	-24	-13	-5	cell = 968 to 975
-13	-10	-41	-65	6	-44	-24	-4	cell = 976 to 983
-42	-34	-33	9	-50	-20	-35	-1	cell = 984 to 991
14	-44	3	9	-12	-27	-19	-32	cell = 992 to 999
-18	-24	-7	24	-24	-7	-18	-43	cell = 1000 to 1007
7	-20	-18	-50	-26	-13	7	-13	cell = 1008 to 1015
-24	-35	-34	-44	-45	-26	-1	3	cell = 1016 to 1023
Calibration values from cell 0 to 1024 for channel 5:

21	-26	39	-34	69	14	58	13	cell = 0 to 7
50	-24	50	6	39	-15	59	-33	cell = 8 to 15
47	16	86	0	33	-9	0	8	cell = 16 to 23
26	-6	48	-27	36	11	53	4	cell = 24 to 31
41	-22	18	-4	23	-9	12	8	cell = 32 to 39
9	36	68	-19	55	-9	17	-32	cell = 40 to 47
65	-18	51	-3	14	7	26	-20	cell = 48 to 55
26	2	26	-19	64	-5	24	6	cell = 56 to 63
39	33	68	5	50	-27	83	-13	cell = 64 to 71
45	0	37	-30	50	-23	12	-12	cell = 72 to 79
68	3	73	-2	39	-23	52	-24	cell = 80 to 87
29	-4	38	-11	61	-26	42	-13	cell = 88 to 95
14	-27	34	2	50	15	65	-20	cell = 96 to 103
58	0	35	3	6	-3	32	8	cell = 104 to 111
56	-11	43	13	46	1	16	-21	cell = 112 to 119
58	5	41	-45	43	-11	22	-18	cell = 120 to 127
33	-10	26	-1	79	0	51	-28	cell = 128 to 135
18	7	89	26	32	-9	34	44	cell = 136 to 143
46	-43	48	-12	10	28	30	-35	cell = 144 to 151
25	-3	77	-45	47	9	5	-35	cell = 152 to 159
23	-14	66	-4	96	-28	4	-22	cell = 160 to 167
36	-14	39	19	34	41	40	-30	cell = 168 to 175
23	4	38	2	63	10	57	23	cell = 176 to 183
38	-51	-3	-18	-4	-3	74	-15	cell = 184 to 191
-9	-32	41	-23	41	9	76	-28	cell = 192 to 199
4	31	79	0	33	-15	118	6	cell = 200 to 207
57	3	73	-14	46	1	47	-5	cell = 208 to 215
40	17	72	2	37	-34	52	-14	cell = 216 to 223
81	6	2	-6	53	-54	-5	1	cell = 224 to 231
30	-14	65	-21	71	-19	16	-16	cell = 232 to 239
30	-20	49	-1	15	15	65	12	cell = 240 to 247
30	33	23	-5	63	-50	51	24	cell = 248 to 255
62	-16	48	-7	13	-12	59	15	cell = 256 to 263
53	25	39	22	49	4	34	7	cell = 264 to 271
54	22	39	-21	9	17	44	-26	cell = 272 to 279
1	-7	2	0	75	11	0	-14	cell = 280 to 287
62	-11	69	12	4	13	51	24	cell = 288 to 295
40	7	33	-4	23	32	51	-23	cell = 296 to 303
37	18	39	19	52	-9	18	-9	cell = 304 to 311
89	12	-11	-14	63	29	34	-32	cell = 312 to 319
82	24	21	15	66	-5	54	-33	cell = 320 to 327
3	4	45	17	4	-7	18	-16	cell = 328 to 335
52	11	49	-22	48	17	18	-8	cell = 336 to 343
61	-3	80	-18	-6	10	27	-27	cell = 344 to 351
46	22	22	-44	78	-25	18	10	cell = 352 to 359
7	-4	24	-19	64	21	34	-11	cell = 360 to 367
11	-9	58	-26	71	-3	52	-9	cell = 368 to 375
15	6	28	-19	11	13	39	-41	cell = 376 to 383
20	3	27	-13	23	-4	54	0	cell = 384 to 391
37	-21	43	5	41	0	28	7	cell = 392 to 399
46	17	40	-22	48	-15	41	17	cell = 400 to 407
72	6	50	-6	31	47	41	-19	cell = 408 to 415
58	-18	11	-59	46	-6	16	20	cell = 416 to 423
38	-4	25	-11	35	13	31	5	cell = 424 to 431
78	-2	71	-5	66	-40	37	-12	cell = 432 to 439
52	13	14	13	54	12	32	15	cell = 440 to 447
6	4	108	28	13	-27	58	-23	cell = 448 to 455
36	-5	14	23	21	-13	69	-3	cell = 456 to 463
26	19	24	12	10	-11	6	-12	cell = 464 to 471
56	-3	17	-25	56	31	0	0	cell = 472 to 479
15	42	61	-6	32	-10	54	-25	cell = 480 to 487
15	5	17	-40	8	26	47	-22	cell = 488 to 495
54	12	-36	-62	-19	-77	2	-82	cell = 496 to 503
61	-49	61	-13	72	-48	25	3	cell = 504 to 511
-28	19	-22	7	-28	16	-12	-14	cell = 512 to 519
-6	-7	-7	-36	7	-6	-40	-44	cell = 520 to 527
-14	-22	15	-5	-6	-10	-8	-32	cell = 528 to 535
6	4	-31	7	-8	-28	-25	0	cell = 536 to 543
-45	13	-8	15	-46	-49	-10	-30	cell = 544 to 551
-19	-43	-47	-25	-22	2	-45	-9	cell = 552 to 559
-31	-8	-10	-11	-53	-7	-12	-40	cell = 560 to 567
-32	34	-9	-7	-40	-29	-32	-45	cell = 568 to 575
-29	-31	-2	1	-5	6	-28	-54	cell = 576 to 583
-7	-11	-38	-11	-44	31	-15	-35	cell = 584 to 591
13	-6	-10	-26	1	-52	-38	-16	cell = 592 to 599
-7	17	-26	-28	-41	0	-30	25	cell = 600 to 607
-24	-30	-10	-13	8	0	-7	-32	cell = 608 to 615
-17	-39	-23	-48	5	-6	0	-33	cell = 616 to 623
-22	-14	1	11	-3	-9	-33	-40	cell = 624 to 631
-4	-22	-24	-28	-33	8	-51	-45	cell = 632 to 639
-40	-23	-10	10	15	9	-16	4	cell = 640 to 647
-33	-3	-23	-14	-51	-33	46	-1	cell = 648 to 655
-38	-41	-41	4	-54	-43	0	-5	cell = 656 to 663
-20	-5	-42	-23	22	13	-25	3	cell = 664 to 671
-79	-23	-13	-17	-21	5	-7	7	cell = 672 to 679
-34	2	-18	-26	9	-40	-42	21	cell = 680 to 687
-13	-5	-9	38	4	-13	-27	0	cell = 688 to 695
-29	-14	-22	-6	-62	-9	-30	-10	cell = 696 to 703
-2	-20	-18	-31	-9	-23	-54	-34	cell = 704 to 711
-25	-3	-15	-61	-21	-3	-24	-22	cell = 712 to 719
-35	-32	-30	-41	-15	6	-23	-23	cell = 720 to 727
-18	-14	25	3	13	-43	-10	-23	cell = 728 to 735
8	19	-11	-39	4	-22	-28	-51	cell = 736 to 743
-6	-16	-41	-4	-39	-35	13	-12	cell = 744 to 751
-2	-56	-39	-9	-37	-4	1	-10	cell = 752 to 759
-29	-12	-23	25	-53	-60	-20	-18	cell = 760 to 767
-8	-21	-7	-13	-16	-18	-18	-24	cell = 768 to 775
2	-29	-23	1	-11	-45	-15	16	cell = 776 to 783
-6	-27	2	-27	9	-4	3	-22	cell = 784 to 791
7	-22	-16	3	-32	-35	-34	1	cell = 792 to 799
-27	-48	11	-36	-22	2	-25	-18	cell = 800 to 807
0	-24	17	-26	-21	-1	-32	-21	cell = 808 to 815
-40	-5	24	27	-6	-13	9	3	cell = 816 to 823
2	-8	-5	-44	-59	-26	-34	-2	cell = 824 to 831
-1	6	-10	-42	5	-22	6	-71	cell = 832 to 839
-12	-3	-26	-23	-8	-27	-53	-4	cell = 840 to 847
8	4	-21	12	-8	-9	-17	-28	cell = 848 to 855
-18	-19	-29	-27	-35	-30	-11	15	cell = 856 to 863
-16	-13	-23	-52	-4	-33	-46	-12	cell = 864 to 871
-49	14	-22	-23	-21	-16	-18	-13	cell = 872 to 879
-40	-18	11	-17	21	14	-18	-6	cell = 880 to 887
-29	-11	1	-15	-3	-32	0	1	cell = 888 to 895
0	-45	-20	9	-11	-12	-44	30	cell = 896 to 903
-15	22	-25	2	-10	-10	-37	-45	cell = 904 to 911
11	-21	-39	-37	-34	-20	-23	13	cell = 912 to 919
-1	-29	-18	-34	-34	-34	-60	6	cell = 920 to 927
-17	-19	-15	-22	-19	-48	-10	-21	cell = 928 to 935
-31	21	-4	-7	-36	-15	-22	-12	cell = 936 to 943
-29	-31	-48	-21	7	-43	-17	25	cell = 944 to 951
9	-9	-18	-24	-26	-55	-45	0	cell = 952 to 959
-2	-3	-43	-33	-23	-62	-20	-5	cell = 960 to 967
-5	30	-8	-7	-9	3	-33	-22	cell = 968 to 975
0	-2	-49	-38	-73	-8	-24	-14	cell = 976 to 983
-33	-25	-20	-33	-12	-33	-16	9	cell = 984 to 991
-8	3	-10	-12	-8	-13	-28	-10	cell = 992 to 999
-9	7	-26	-42	-5	5	-34	-38	cell = 1000 to 1007
-29	-26	-38	-24	-78	-13	-43	11	cell = 1008 to 1015
27	-48	-37	-39	6	-25	-61	-38	cell = 1016 to 1023
Calibration values from cell 0 to 1024 for channel 6:

62	19	59	23	16	24	49	-9	cell = 0 to 7
11	9	46	-2	29	-13	75	0	cell = 8 to 15
30	-4	78	1	-5	5	54	-12	cell = 16 to 23
80	-11	46	5	9	7	79	13	cell = 24 to 31
49	-17	78	-29	35	-19	57	-25	cell = 32 to 39
51	6	36	-19	26	-9	55	-13	cell = 40 to 47
32	-16	34	-3	99	-25	78	-15	cell = 48 to 55
51	18	75	-30	58	-13	77	-40	cell = 56 to 63
68	-7	-2	23	45	8	34	-33	cell = 64 to 71
12	15	21	11	34	-3	42	7	cell = 72 to 79
10	-10	53	18	60	5	41	-3	cell = 80 to 87
43	15	72	-3	37	-17	68	17	cell = 88 to 95
51	-6	30	19	22	-3	57	16	cell = 96 to 103
38	-26	28	-31	47	0	42	-27	cell = 104 to 111
50	16	43	-32	65	-2	33	20	cell = 112 to 119
79	-25	78	-19	11	-5	42	-5	cell = 120 to 127
58	-22	45	14	47	7	31	-16	cell = 128 to 135
37	23	55	4	30	40	69	-21	cell = 136 to 143
43	20	40	1	5	4	43	-5	cell = 144 to 151
35	-16	18	3	46	-10	32	-36	cell = 152 to 159
33	-30	37	17	26	-17	61	4	cell = 160 to 167
60	-6	35	12	32	-15	15	44	cell = 168 to 175
62	-29	27	-4	30	-5	28	-27	cell = 176 to 183
66	23	48	-17	40	-9	25	-1	cell = 184 to 191
8	-21	16	8	24	-8	40	-23	cell = 192 to 199
-13	-1	33	-8	53	-28	-5	-31	cell = 200 to 207
37	13	64	-11	-3	-5	6	-21	cell = 208 to 215
51	-1	57	6	17	25	38	34	cell = 216 to 223
54	10	59	-10	29	-16	60	-27	cell = 224 to 231
9	-27	85	-25	63	2	44	6	cell = 232 to 239
12	17	43	13	50	32	63	-33	cell = 240 to 247
44	-13	60	7	37	5	23	24	cell = 248 to 255
45	2	7	-5	42	-46	79	-9	cell = 256 to 263
16	-38	81	11	27	3	82	-9	cell = 264 to 271
56	10	40	43	57	20	39	5	cell = 272 to 279
65	10	48	-18	72	-21	54	-28	cell = 280 to 287
49	7	20	-18	34	-38	49	-2	cell = 288 to 295
62	-32	54	-33	33	6	59	-6	cell = 296 to 303
38	-11	3	-32	34	-14	29	-22	cell = 304 to 311
41	22	30	-3	21	12	47	14	cell = 312 to 319
17	5	56	10	66	6	49	-45	cell = 320 to 327
0	-3	47	-43	71	56	0	-18	cell = 328 to 335
49	1	21	-36	7	-63	55	-51	cell = 336 to 343
31	-10	84	-30	43	0	39	1	cell = 344 to 351
27	5	42	-5	52	6	47	-10	cell = 352 to 359
24	-32	27	23	22	12	29	-30	cell = 360 to 367
53	8	17	32	62	-46	62	10	cell = 368 to 375
16	8	22	-33	68	-44	12	-55	cell = 376 to 383
20	5	28	-29	62	-6	34	2	cell = 384 to 391
66	-9	32	-5	35	-30	52	17	cell = 392 to 399
13	5	55	-19	45	2	36	30	cell = 400 to 407
12	-2	27	1	60	13	39	-6	cell = 408 to 415
48	-26	58	23	3	-18	36	-21	cell = 416 to 423
36	0	93	-15	77	-14	27	-68	cell = 424 to 431
28	2	69	12	42	-25	27	-1	cell = 432 to 439
55	29	57	21	0	28	17	-20	cell = 440 to 447
23	17	63	-22	37	-12	61	0	cell = 448 to 455
43	-13	73	-8	22	34	-2	0	cell = 456 to 463
57	-9	12	-12	14	13	43	-12	cell = 464 to 471
59	-35	43	-5	34	-2	29	-4	cell = 472 to 479
74	2	24	24	70	-47	75	6	cell = 480 to 487
38	-19	45	11	34	16	-24	16	cell = 488 to 495
33	-10	-34	-88	-15	-79	-36	-120	cell = 496 to 503
39	3	57	-7	-4	-11	32	-19	cell = 504 to 511
-22	-19	-55	-40	-76	9	-31	-7	cell = 512 to 519
-14	-52	-6	-24	-23	-2	-29	-11	cell = 520 to 527
-39	-24	-39	-13	15	-10	-36	-43	cell = 528 to 535
-29	-43	-21	-18	-11	-29	17	-19	cell = 536 to 543
-51	8	-1	-1	-30	-13	-33	22	cell = 544 to 551
-14	-6	-5	7	-11	10	-8	-8	cell = 552 to 559
-28	13	-47	-7	-25	-43	-12	23	cell = 560 to 567
0	14	10	-22	-26	-2	-15	-16	cell = 568 to 575
-7	5	-37	3	-22	-28	-36	6	cell = 576 to 583
17	0	-29	5	-17	-41	-21	2	cell = 584 to 591
-37	5	-28	-15	-35	-2	-9	1	cell = 592 to 599
3	12	-42	-14	15	-16	10	-22	cell = 600 to 607
-16	-23	-31	6	-22	-1	-12	-23	cell = 608 to 615
8	-52	-37	-34	-20	18	-4	-15	cell = 616 to 623
-20	3	0	28	-24	-13	3	-10	cell = 624 to 631
0	-37	-40	12	-16	6	-27	5	cell = 632 to 639
-40	8	-17	-24	-7	8	-35	10	cell = 640 to 647
-5	-3	-49	-23	-10	-43	-5	-15	cell = 648 to 655
-27	-24	-17	2	-40	3	-4	10	cell = 656 to 663
-8	-33	-44	-13	-24	-12	-21	0	cell = 664 to 671
5	-26	-20	41	-35	-23	-1	-6	cell = 672 to 679
-38	-35	-17	-4	-13	-42	24	-21	cell = 680 to 687
-5	-57	-5	11	-38	-45	5	-16	cell = 688 to 695
-29	-3	20	-25	-35	-5	17	-35	cell = 696 to 703
-31	10	-1	-7	-29	-30	-5	-25	cell = 704 to 711
-30	-6	-64	-6	-11	14	-17	-36	cell = 712 to 719
-7	-4	-20	-21	-25	-13	-26	-16	cell = 720 to 727
-2	-16	-3	-41	-25	-25	-22	-12	cell = 728 to 735
-33	-9	-40	-27	-13	-43	-27	-13	cell = 736 to 743
-50	7	-36	-29	-24	-59	53	-3	cell = 744 to 751
-37	-21	20	26	-48	-49	-41	-22	cell = 752 to 759
-10	-40	-13	0	-11	-38	-28	-90	cell = 760 to 767
-16	-16	-43	-36	0	-43	-28	20	cell = 768 to 775
-21	-37	-21	-45	-42	-47	-22	-25	cell = 776 to 783
-27	25	-17	0	-45	-8	-34	-21	cell = 784 to 791
-41	17	-61	11	-21	19	-46	3	cell = 792 to 799
8	-28	-22	-31	-29	3	-34	-27	cell = 800 to 807
-34	-26	-65	-15	-22	-17	9	-33	cell = 808 to 815
-16	5	-44	31	-61	-3	-12	-30	cell = 816 to 823
-30	-13	20	-4	-25	-36	-2	-38	cell = 824 to 831
-30	-25	-42	-11	12	-21	-15	8	cell = 832 to 839
-29	-3	-14	-47	-36	-35	-22	20	cell = 840 to 847
-30	-28	-3	-14	-43	11	-9	27	cell = 848 to 855
-51	-19	-4	-31	-10	6	-36	-55	cell = 856 to 863
17	-21	-14	-15	-5	-32	-21	14	cell = 864 to 871
-17	-48	-10	-26	6	-6	-39	-24	cell = 872 to 879
-10	-5	-48	9	-44	-37	-38	-57	cell = 880 to 887
0	-46	-27	-35	-31	-64	-7	-14	cell = 888 to 895
-18	-15	-44	-24	-11	-15	-2	9	cell = 896 to 903
-33	-5	13	13	-16	7	-70	-2	cell = 904 to 911
-2	-42	-1	-21	17	34	-9	31	cell = 912 to 919
-4	-31	-40	-27	-2	-49	-36	-70	cell = 920 to 927
-23	-28	-22	-12	-30	-8	-41	12	cell = 928 to 935
-21	-47	-27	-18	-38	20	-22	22	cell = 936 to 943
-51	-39	-31	-25	-14	-18	2	-23	cell = 944 to 951
-12	-19	-20	2	0	-35	-40	8	cell = 952 to 959
-4	-27	-14	-47	2	-40	-28	8	cell = 960 to 967
3	-46	-22	2	-17	-10	-12	0	cell = 968 to 975
20	-33	-31	-14	-36	10	-27	-27	cell = 976 to 983
-14	-7	15	-17	-51	-5	7	-9	cell = 984 to 991
1	29	-36	-46	-25	-23	-18	15	cell = 992 to 999
11	-30	-41	-17	-21	-15	-32	7	cell = 1000 to 1007
-8	-20	-15	-27	12	-18	-6	-35	cell = 1008 to 1015
-13	-30	-12	-52	-8	15	-34	-41	cell = 1016 to 1023
Calibration values from cell 0 to 1024 for channel 7:

38	21	28	35	52	6	46	-33	cell = 0 to 7
40	51	23	23	25	1	50	-36	cell = 8 to 15
1	0	22	-35	42	-9	32	-28	cell = 16 to 23
52	6	27	39	27	-9	65	-19	cell = 24 to 31
16	-24	36	-8	35	9	55	-14	cell = 32 to 39
52	42	43	-23	68	-39	36	-17	cell = 40 to 47
36	3	48	-16	-32	31	28	31	cell = 48 to 55
114	-42	25	2	47	7	32	-22	cell = 56 to 63
40	-9	19	0	52	12	62	-12	cell = 64 to 71
36	6	37	-13	60	-22	21	-14	cell = 72 to 79
39	28	34	-9	82	-71	64	-34	cell = 80 to 87
7	-8	31	48	61	-16	12	-2	cell = 88 to 95
44	-24	25	11	82	1	31	-42	cell = 96 to 103
91	-11	81	-11	80	6	59	-21	cell = 104 to 111
24	-25	31	-29	42	36	67	-9	cell = 112 to 119
29	-24	34	4	35	-36	4	4	cell = 120 to 127
20	20	74	-57	62	-2	22	-19	cell = 128 to 135
26	-7	21	-42	57	-19	82	-20	cell = 136 to 143
20	-7	41	-9	14	16	38	-29	cell = 144 to 151
38	12	56	-17	27	0	43	-26	cell = 152 to 159
38	-14	66	-10	13	-33	37	9	cell = 160 to 167
25	14	46	-27	70	0	51	-26	cell = 168 to 175
52	6	22	12	24	-11	61	-28	cell = 176 to 183
30	3	33	-34	78	-29	31	1	cell = 184 to 191
19	8	41	-9	30	0	29	-20	cell = 192 to 199
26	1	57	-11	55	31	58	-3	cell = 200 to 207
36	0	64	-9	29	23	48	19	cell = 208 to 215
40	-24	85	-7	4	-38	68	-30	cell = 216 to 223
17	-5	50	-42	14	-19	56	-22	cell = 224 to 231
35	5	80	-15	32	-12	77	-12	cell = 232 to 239
44	45	3	21	21	-26	16	0	cell = 240 to 247
48	5	57	16	48	-6	16	16	cell = 248 to 255
48	-32	59	0	49	-20	53	-22	cell = 256 to 263
19	-7	32	2	72	-3	55	12	cell = 264 to 271
44	-7	40	5	44	-21	25	0	cell = 272 to 279
30	-15	5	-34	-19	-14	41	1	cell = 280 to 287
63	-21	37	-17	25	-12	3	-9	cell = 288 to 295
42	-16	66	0	37	-23	15	-42	cell = 296 to 303
34	-5	59	-12	20	9	6	0	cell = 304 to 311
39	0	23	-14	18	-36	27	-3	cell = 312 to 319
10	-13	32	1	32	-5	29	-44	cell = 320 to 327
13	54	28	27	41	3	38	-19	cell = 328 to 335
34	-42	46	13	38	9	56	-10	cell = 336 to 343
24	-28	45	-51	42	-16	44	21	cell = 344 to 351
53	-16	60	-11	13	6	56	5	cell = 352 to 359
52	-16	62	24	7	31	39	-56	cell = 360 to 367
53	-16	14	-23	29	-35	12	-11	cell = 368 to 375
42	25	44	-30	14	-7	44	-17	cell = 376 to 383
11	6	75	36	59	-4	41	-23	cell = 384 to 391
21	-15	49	9	4	-26	48	4	cell = 392 to 399
15	44	87	9	40	-24	40	8	cell = 400 to 407
76	31	16	-1	49	4	48	-43	cell = 408 to 415
42	-21	20	-2	87	-5	51	-6	cell = 416 to 423
40	-29	-8	13	45	7	46	-44	cell = 424 to 431
46	12	40	8	35	-1	59	16	cell = 432 to 439
40	-22	53	-11	29	-22	32	-38	cell = 440 to 447
12	-1	32	-86	18	19	53	-10	cell = 448 to 455
16	-13	36	10	51	-18	34	-13	cell = 456 to 463
39	9	30	-13	71	32	37	28	cell = 464 to 471
7	-30	30	5	48	-44	5	-46	cell = 472 to 479
19	-19	45	-31	14	-20	32	-50	cell = 480 to 487
47	10	0	-21	26	43	28	-15	cell = 488 to 495
10	-11	-1	-60	-49	-93	-28	-78	cell = 496 to 503
29	-36	33	-2	12	-12	55	-24	cell = 504 to 511
-11	-8	-33	-5	-41	-56	3	-36	cell = 512 to 519
-48	-40	-45	-24	13	-63	-40	-31	cell = 520 to 527
-11	1	-1	0	-28	-37	-22	2	cell = 528 to 535
-40	36	0	-17	2	35	-30	-1	cell = 536 to 543
-26	-35	-40	-36	-21	-7	-10	-17	cell = 544 to 551
-16	4	-31	-33	-58	-44	-22	-3	cell = 552 to 559
-23	-15	-11	14	1	-19	-20	-1	cell = 560 to 567
-8	-20	-27	-31	-18	0	-34	-47	cell = 568 to 575
11	-18	-46	18	20	-21	4	4	cell = 576 to 583
-31	6	-29	-32	-43	21	-40	-47	cell = 584 to 591
-2	-28	-45	-12	-4	-20	-27	-7	cell = 592 to 599
-37	4	-28	-22	-30	-48	5	-30	cell = 600 to 607
-25	-50	-48	-26	0	1	-55	14	cell = 608 to 615
-31	38	-20	-40	-11	26	-37	-2	cell = 616 to 623
10	-40	-20	11	-23	26	-32	14	cell = 624 to 631
-4	-23	-7	-5	-31	-59	-43	-10	cell = 632 to 639
-42	19	-2	16	-10	-19	-40	-7	cell = 640 to 647
-7	-26	-12	-36	-5	-43	7	-3	cell = 648 to 655
0	-10	-20	-13	-10	-8	-25	-12	cell = 656 to 663
-20	-42	-32	-21	-22	-30	-20	-25	cell = 664 to 671
17	-6	-12	-7	18	-31	31	-8	cell = 672 to 679
-21	-36	-9	-2	7	-6	9	14	cell = 680 to 687
-5	-16	-18	-38	-35	-22	-29	-3	cell = 688 to 695
39	-12	-17	30	-22	-10	-28	-9	cell = 696 to 703
-25	-6	-5	-19	-27	-10	20	-43	cell = 704 to 711
-14	-26	-42	-22	-27	-18	-57	12	cell = 712 to 719
-6	-43	-8	-51	-31	5	-62	-13	cell = 720 to 727
-57	8	-26	-1	-17	2	-40	-18	cell = 728 to 735
16	-31	-40	8	9	-18	-12	-2	cell = 736 to 743
-17	-22	-35	-24	-2	-5	-3	-16	cell = 744 to 751
2	7	-18	-8	1	-39	-13	5	cell = 752 to 759
-13	10	-29	-66	17	-27	21	-24	cell = 760 to 767
-23	-8	-9	-12	-25	-17	-6	-17	cell = 768 to 775
-2	-26	-37	21	-13	7	-17	6	cell = 776 to 783
3	-30	-30	14	-3	-1	-13	1	cell = 784 to 791
-32	-23	-18	-9	-15	-51	16	0	cell = 792 to 799
-16	-40	-11	27	14	-39	4	-22	cell = 800 to 807
-9	0	-24	-2	-17	-19	-8	-2	cell = 808 to 815
2	-29	16	-31	-8	4	24	-30	cell = 816 to 823
-30	-23	-47	33	-29	-22	-13	-21	cell = 824 to 831
1	-27	-38	-36	-29	-22	-39	-42	cell = 832 to 839
-3	-13	-10	-5	-5	1	-3	-10	cell = 840 to 847
-6	0	-8	18	-6	-41	-11	-12	cell = 848 to 855
-3	-2	-20	12	0	-29	-24	-67	cell = 856 to 863
-41	-56	-27	-12	5	1	-20	-25	cell = 864 to 871
-43	-22	-9	-40	-22	-14	-37	-13	cell = 872 to 879
-31	-5	-11	-16	-26	0	-18	-19	cell = 880 to 887
-9	-53	19	-28	7	-11	-33	22	cell = 888 to 895
-15	-19	-22	27	23	-17	-11	-10	cell = 896 to 903
30	20	-4	-12	-8	-9	-9	-24	cell = 904 to 911
-3	-4	-25	-24	-27	-9	7	18	cell = 912 to 919
8	-11	6	-7	-43	-16	-35	-48	cell = 920 to 927
-69	3	-39	-23	-41	-25	-10	-13	cell = 928 to 935
-10	6	-44	-16	-4	-29	-32	14	cell = 936 to 943
9	39	-13	-14	-10	-19	-14	0	cell = 944 to 951
-42	-7	-53	-16	22	-22	-34	10	cell = 952 to 959
-16	-16	-21	-12	-2	-74	-28	-31	cell = 960 to 967
-36	-12	-31	-46	1	2	32	-10	cell = 968 to 975
-32	-38	-10	0	6	0	26	0	cell = 976 to 983
-25	3	15	1	-13	19	-21	5	cell = 984 to 991
-14	-22	-11	-9	-8	-15	-8	19	cell = 992 to 999
9	-5	-30	-3	4	-26	-26	-35	cell = 1000 to 1007
-23	-14	-10	-22	-12	17	-25	-13	cell = 1008 to 1015
32	6	-15	-8	-17	-40	0	-19	cell = 1016 to 1023
Calibration values from cell 0 to 1024 for channel 8:

14	15	39	-43	55	16	27	-13	cell = 0 to 7
11	-3	11	-8	10	0	48	-10	cell = 8 to 15
10	-8	35	-3	37	-3	51	-2	cell = 16 to 23
33	1	47	0	50	7	36	-20	cell = 24 to 31
21	-8	50	9	50	2	78	-8	cell = 32 to 39
14	-20	57	-3	56	-19	33	-37	cell = 40 to 47
65	18	47	12	27	-19	77	20	cell = 48 to 55
49	32	13	-32	61	-16	88	-36	cell = 56 to 63
41	-36	36	-11	-10	-56	52	22	cell = 64 to 71
49	-36	48	-9	25	-46	51	-3	cell = 72 to 79
58	-56	82	4	34	14	2	0	cell = 80 to 87
68	-26	75	-32	35	-16	60	-36	cell = 88 to 95
-10	-22	92	-31	36	28	61	39	cell = 96 to 103
38	-7	72	-37	56	1	66	-4	cell = 104 to 111
36	21	32	-15	81	-24	60	-21	cell = 112 to 119
76	-25	71	-45	51	9	68	-4	cell = 120 to 127
87	21	-4	-22	27	-9	99	0	cell = 128 to 135
23	14	24	-32	38	24	39	16	cell = 136 to 143
44	13	20	-6	85	26	24	-29	cell = 144 to 151
50	32	82	-36	29	3	32	1	cell = 152 to 159
45	40	36	-18	47	-32	36	-13	cell = 160 to 167
66	-17	56	33	54	-36	29	-22	cell = 168 to 175
56	3	54	12	44	-6	56	-37	cell = 176 to 183
35	-46	32	30	46	-9	56	11	cell = 184 to 191
48	-32	-6	0	50	12	46	30	cell = 192 to 199
42	23	37	27	50	10	46	-15	cell = 200 to 207
11	39	11	14	2	25	63	39	cell = 208 to 215
48	16	45	-49	43	-9	54	-50	cell = 216 to 223
73	-9	47	-17	17	2	53	-41	cell = 224 to 231
22	0	27	-23	57	19	27	-27	cell = 232 to 239
12	1	52	-14	75	-6	43	6	cell = 240 to 247
27	62	54	1	79	-35	39	-42	cell = 248 to 255
54	-25	22	-41	70	-8	47	-13	cell = 256 to 263
76	-11	50	-13	38	10	45	11	cell = 264 to 271
35	-32	69	-6	16	-16	59	-23	cell = 272 to 279
24	-2	13	8	42	2	34	-33	cell = 280 to 287
31	-19	55	14	42	29	17	-22	cell = 288 to 295
64	-4	87	-4	7	-9	35	17	cell = 296 to 303
47	-19	70	-2	57	0	50	-16	cell = 304 to 311
38	-11	53	-13	34	11	49	-3	cell = 312 to 319
43	-4	36	1	62	-15	49	-23	cell = 320 to 327
24	25	20	-23	71	33	22	-5	cell = 328 to 335
38	38	16	11	37	18	49	-6	cell = 336 to 343
53	1	11	-29	85	-6	26	-10	cell = 344 to 351
94	-21	62	24	5	18	27	-3	cell = 352 to 359
28	-4	74	-17	17	11	39	10	cell = 360 to 367
67	-4	31	-18	54	18	19	19	cell = 368 to 375
29	-52	40	0	55	-1	35	-2	cell = 376 to 383
-7	17	29	-6	19	9	34	3	cell = 384 to 391
77	-27	76	-31	29	14	47	-26	cell = 392 to 399
33	14	28	-22	30	-16	45	3	cell = 400 to 407
81	-22	81	3	33	0	64	-21	cell = 408 to 415
38	-13	82	-43	59	-16	33	-18	cell = 416 to 423
40	-39	21	-9	62	-13	67	-2	cell = 424 to 431
44	-14	36	19	61	-1	10	-20	cell = 432 to 439
66	-32	51	10	48	-15	32	-8	cell = 440 to 447
33	-8	68	1	15	22	33	-6	cell = 448 to 455
71	15	40	20	72	1	25	-19	cell = 456 to 463
42	44	52	-37	48	-27	32	-37	cell = 464 to 471
45	-27	21	-15	70	21	12	-4	cell = 472 to 479
8	-38	5	-11	43	1	60	-38	cell = 480 to 487
31	1	57	28	89	-15	61	-21	cell = 488 to 495
32	-3	-47	-95	-11	-41	-13	-38	cell = 496 to 503
82	-46	-8	-54	29	-20	4	-7	cell = 504 to 511
-43	-34	9	2	-40	-1	3	-36	cell = 512 to 519
-36	-3	-37	-2	-57	16	-31	-33	cell = 520 to 527
-1	-39	-16	-43	-23	-1	-47	-25	cell = 528 to 535
-34	3	-36	0	-12	-6	-39	19	cell = 536 to 543
-18	0	-31	26	17	13	-8	13	cell = 544 to 551
-50	-25	-30	-1	-50	-37	-9	5	cell = 552 to 559
-36	-26	-32	-16	-14	-1	-6	5	cell = 560 to 567
1	-3	-50	-12	-36	-11	-31	-40	cell = 568 to 575
-14	-46	-6	2	7	-35	1	21	cell = 576 to 583
-23	-13	-11	-22	-57	-5	19	15	cell = 584 to 591
37	-29	-15	-29	-15	-5	-36	-13	cell = 592 to 599
21	4	-50	-36	-18	-20	-41	-30	cell = 600 to 607
-12	-37	-12	-29	-19	14	5	-69	cell = 608 to 615
23	-21	-5	-3	15	-41	-14	-35	cell = 616 to 623
-48	-21	-33	-16	-11	-13	-42	-56	cell = 624 to 631
-21	-11	21	-16	8	-17	-16	-46	cell = 632 to 639
-40	-24	-18	-9	29	-9	-32	-10	cell = 640 to 647
14	5	-52	-25	-24	4	-17	20	cell = 648 to 655
-41	-7	-11	-13	-39	-38	-15	17	cell = 656 to 663
-55	-32	-43	-14	13	-39	-23	-9	cell = 664 to 671
-34	-13	-22	0	-26	-23	-18	6	cell = 672 to 679
-14	9	-22	-34	2	1	-61	-18	cell = 680 to 687
1	-47	-22	3	34	-35	4	-22	cell = 688 to 695
-11	-1	-7	-20	-33	-26	-21	-14	cell = 696 to 703
-30	-42	-24	-17	6	-3	-29	10	cell = 704 to 711
-13	-16	16	-1	-20	-10	-39	-17	cell = 712 to 719
-11	-14	15	-30	-3	-15	-26	-11	cell = 720 to 727
-16	-3	-45	-21	-34	-35	-38	-10	cell = 728 to 735
14	-35	-56	-48	-32	-49	-21	-15	cell = 736 to 743
-40	-25	4	-20	-21	19	-14	-59	cell = 744 to 751
-29	-21	-21	-5	-23	-29	4	-33	cell = 752 to 759
-48	-21	-26	-45	-70	-32	-35	-61	cell = 760 to 767
-13	-6	-49	-2	2	-35	-70	11	cell = 768 to 775
15	-28	-22	-49	-30	4	12	-19	cell = 776 to 783
6	-11	-29	-48	-6	-38	-14	0	cell = 784 to 791
-8	-19	5	-9	-14	-9	3	-13	cell = 792 to 799
-6	-45	4	0	-27	-26	-44	-30	cell = 800 to 807
-1	20	3	-11	-28	-6	-36	-46	cell = 808 to 815
-11	2	-29	8	8	-5	-34	14	cell = 816 to 823
-24	-60	-26	-54	8	-28	-32	-42	cell = 824 to 831
-23	8	19	-26	-2	-20	-8	25	cell = 832 to 839
-37	-46	-19	8	-31	-13	-27	-58	cell = 840 to 847
-39	-41	-36	-10	20	9	-33	1	cell = 848 to 855
-30	-26	-49	-5	-15	-17	-2	-15	cell = 856 to 863
-39	-2	-41	-14	-20	10	-10	-25	cell = 864 to 871
-24	-23	-27	0	-26	6	-4	12	cell = 872 to 879
-27	38	-37	-34	-4	-5	-7	-16	cell = 880 to 887
-58	-1	-6	-28	-16	-52	-14	-7	cell = 888 to 895
-10	4	-14	-11	-16	-1	2	-7	cell = 896 to 903
10	-14	-16	-28	-24	34	-19	-55	cell = 904 to 911
-15	10	-14	-10	14	-7	-14	-4	cell = 912 to 919
-33	-31	-79	-8	-12	6	-6	-26	cell = 920 to 927
-66	-18	-30	-10	-30	-10	-28	-9	cell = 928 to 935
15	-41	-14	-52	-9	-36	-35	10	cell = 936 to 943
-26	9	-14	-13	-25	-13	-6	-16	cell = 944 to 951
-12	-37	-29	-18	-1	-5	-24	15	cell = 952 to 959
-19	-54	-13	-11	-12	-35	-33	-21	cell = 960 to 967
-8	7	-40	-58	-59	-14	-51	-44	cell = 968 to 975
-37	3	-25	-28	-52	-34	-25	-26	cell = 976 to 983
-42	3	-18	-62	-19	4	-16	1	cell = 984 to 991
-77	-25	9	8	-32	7	-55	-1	cell = 992 to 999
-45	-22	0	-13	2	-17	-16	25	cell = 1000 to 1007
-19	-17	-34	-2	-20	-12	-13	-36	cell = 1008 to 1015
0	1	-38	-13	-14	-49	-30	-4	cell = 1016 to 1023
