Calibration values from cell 0 to 1024 for channel 0:

28	-2	63	-10	58	2	65	-9	cell = 0 to 7
47	-14	38	-1	12	19	65	0	cell = 8 to 15
34	-5	76	18	26	-7	88	-13	cell = 16 to 23
48	-18	39	3	10	7	43	14	cell = 24 to 31
67	9	49	-54	39	1	65	-21	cell = 32 to 39
26	-26	68	-4	48	-17	63	-16	cell = 40 to 47
9	9	29	34	67	-14	10	-2	cell = 48 to 55
56	-2	44	16	57	-15	56	-15	cell = 56 to 63
68	-17	19	-17	42	14	39	12	cell = 64 to 71
39	6	60	-27	38	-5	28	-5	cell = 72 to 79
29	7	30	-26	48	5	36	1	cell = 80 to 87
28	-48	42	-14	82	16	14	0	cell = 88 to 95
57	-26	72	16	55	-33	43	-45	cell = 96 to 103
64	-15	70	-37	45	-16	72	2	cell = 104 to 111
73	14	46	7	67	-1	53	24	cell = 112 to 119
55	-8	57	-10	26	-26	38	24	cell = 120 to 127
37	-32	46	-16	29	22	40	-18	cell = 128 to 135
41	-7	78	2	3	-31	96	-50	cell = 136 to 143
73	2	64	-5	-3	3	40	-28	cell = 144 to 151
76	3	12	-10	52	50	56	3	cell = 152 to 159
36	-42	57	24	47	-5	2	-8	cell = 160 to 167
60	-11	16	0	29	13	96	13	cell = 168 to 175
73	-3	43	-13	40	18	17	-19	cell = 176 to 183
51	13	49	-27	23	17	41	9	cell = 184 to 191
42	-10	43	9	59	-14	75	41	cell = 192 to 199
44	-23	14	-12	51	-39	55	11	cell = 200 to 207
66	5	35	-12	62	21	51	12	cell = 208 to 215
30	-3	14	-30	72	16	47	-34	cell = 216 to 223
58	6	56	-18	15	-10	19	-12	cell = 224 to 231
65	-42	21	1	55	-8	29	-2	cell = 232 to 239
55	-13	84	-21	16	-2	12	-29	cell = 240 to 247
33	-24	36	21	19	-25	28	-37	cell = 248 to 255
70	-13	43	43	40	5	39	-48	cell = 256 to 263
28	6	68	3	20	-33	52	0	cell = 264 to 271
35	12	26	46	48	16	40	-34	cell = 272 to 279
55	-58	60	9	33	-22	89	-58	cell = 280 to 287
40	2	28	52	84	-58	25	-48	cell = 288 to 295
15	-17	32	-17	38	39	39	-26	cell = 296 to 303
7	-16	29	22	40	33	59	8	cell = 304 to 311
23	1	38	-39	28	9	52	-6	cell = 312 to 319
19	-45	34	-17	48	-33	41	3	cell = 320 to 327
58	-9	2	-30	39	-26	50	-22	cell = 328 to 335
16	-32	49	-27	36	-4	43	15	cell = 336 to 343
59	-43	50	-16	41	-12	64	-5	cell = 344 to 351
57	-27	47	-12	32	-1	54	-27	cell = 352 to 359
19	-69	64	-42	97	-35	73	-28	cell = 360 to 367
56	-5	49	6	48	-1	55	-25	cell = 368 to 375
73	-34	31	-36	23	15	11	11	cell = 376 to 383
45	6	62	-1	16	0	35	2	cell = 384 to 391
70	1	37	0	20	-31	-4	34	cell = 392 to 399
50	-4	76	-19	14	25	19	4	cell = 400 to 407
41	-22	3	12	61	-24	71	-31	cell = 408 to 415
3	24	73	-40	53	-40	57	-15	cell = 416 to 423
43	38	22	-2	51	-5	48	-26	cell = 424 to 431
1	-41	32	-21	15	-5	64	-4	cell = 432 to 439
2	-12	28	-6	15	-7	59	-52	cell = 440 to 447
34	-25	48	-44	24	4	27	-11	cell = 448 to 455
31	15	9	-11	27	-15	33	22	cell = 456 to 463
66	-19	62	-24	-17	-9	57	-20	cell = 464 to 471
36	-5	65	10	30	-8	36	-23	cell = 472 to 479
26	10	33	-1	81	-13	41	-9	cell = 480 to 487
39	-46	32	-30	18	-25	67	-9	cell = 488 to 495
47	-14	-13	-93	7	-90	-3	-80	cell = 496 to 503
40	16	18	12	67	7	11	-26	cell = 504 to 511
17	-12	14	17	52	-9	-72	-47	cell = 512 to 519
-9	-29	4	-36	-35	0	-33	-1	cell = 520 to 527
-37	-21	-12	-1	-22	0	-23	-8	cell = 528 to 535
-7	-49	-21	-43	28	7	-26	-21	cell = 536 to 543
-13	-25	-2	-16	-54	-78	-29	-14	cell = 544 to 551
5	9	-18	-32	-45	-17	-7	8	cell = 552 to 559
-49	-2	-15	-31	-29	-78	-55	-45	cell = 560 to 567
-48	-34	-26	-2	-30	-52	-7	-4	cell = 568 to 575
-45	-7	-56	22	-26	-40	-2	-1	cell = 576 to 583
-54	-60	-43	-1	-33	-3	5	-31	cell = 584 to 591
-13	8	-52	-25	-16	-14	-32	-20	cell = 592 to 599
-32	-14	-35	-6	-18	-22	-17	21	cell = 600 to 607
-6	15	-35	-16	14	-26	-32	-30	cell = 608 to 615
6	-28	-5	-5	-18	-8	30	-24	cell = 616 to 623
13	-31	7	-7	-42	-31	-55	-20	cell = 624 to 631
-16	-18	-17	-33	4	-27	-41	15	cell = 632 to 639
-24	9	-2	-1	-19	7	-3	-23	cell = 640 to 647
-26	-4	-14	20	-33	-20	-19	-47	cell = 648 to 655
-15	5	10	-77	-34	-40	-24	-19	cell = 656 to 663
-19	-6	1	19	13	-5	-5	-20	cell = 664 to 671
-30	-41	9	-31	5	-3	0	-20	cell = 672 to 679
-12	-25	-2	-20	1	5	-54	-28	cell = 680 to 687
-6	-25	-53	-24	-24	-49	12	-19	cell = 688 to 695
-2	-48	-29	-10	-27	23	-20	-2	cell = 696 to 703
4	-70	-21	-49	-11	-15	-27	-18	cell = 704 to 711
-24	-37	-40	-10	-39	-9	20	-14	cell = 712 to 719
-21	17	2	-40	-19	-28	0	-9	cell = 720 to 727
-7	27	0	-44	-5	-22	2	-24	cell = 728 to 735
-2	1	-26	-6	-6	-24	-39	-1	cell = 736 to 743
-49	-36	-28	-2	-29	-46	-43	-5	cell = 744 to 751
14	-12	24	-27	-28	-8	29	-44	cell = 752 to 759
-12	-37	-42	-21	-30	-42	-54	9	cell = 760 to 767
-40	-9	12	-5	-10	-4	-25	-30	cell = 768 to 775
-20	-27	-42	12	-23	-50	-30	-35	cell = 776 to 783
-17	20	-24	5	-29	-24	-32	6	cell = 784 to 791
9	-54	-42	-21	-26	-33	16	-3	cell = 792 to 799
-20	3	-72	44	-8	-6	-35	18	cell = 800 to 807
-13	12	-9	34	15	-5	-6	7	cell = 808 to 815
-10	36	-26	-29	-6	-33	-60	35	cell = 816 to 823
-27	-7	-31	-27	-26	-15	-60	-21	cell = 824 to 831
7	30	-21	-6	-13	-28	2	-10	cell = 832 to 839
-44	9	-8	-3	16	-40	-24	-25	cell = 840 to 847
-31	-23	-35	-19	-24	-34	-36	-33	cell = 848 to 855
-22	-6	-26	-27	7	-30	-26	13	cell = 856 to 863
-11	-19	-23	-12	-39	-18	-9	1	cell = 864 to 871
-59	22	-12	-12	-19	-15	11	-21	cell = 872 to 879
-6	-3	-17	14	-57	7	0	-20	cell = 880 to 887
7	-26	-70	5	-21	2	-19	-43	cell = 888 to 895
-12	-40	-33	67	-55	-1	-13	10	cell = 896 to 903
-26	-27	-47	-46	-17	-36	10	-54	cell = 904 to 911
-24	6	-33	-16	14	-43	-8	38	cell = 912 to 919
7	13	1	-47	2	-18	-25	-16	cell = 920 to 927
4	-13	-40	-12	-19	-10	-53	5	cell = 928 to 935
0	-8	-78	-22	-12	-29	-25	-6	cell = 936 to 943
9	-46	-24	17	-18	-14	-42	-3	cell = 944 to 951
-8	20	4	15	-36	1	-7	-4	cell = 952 to 959
-5	-34	-30	27	-3	-30	-13	-7	cell = 960 to 967
-11	15	-3	32	-49	-12	-25	-25	cell = 968 to 975
-15	-17	-37	2	-65	-6	-61	-1	cell = 976 to 983
-11	-36	-22	-19	-37	-4	-42	26	cell = 984 to 991
-27	-18	19	-16	-22	-7	4	34	cell = 992 to 999
-13	-9	-33	-27	-12	15	-17	0	cell = 1000 to 1007
-7	-20	12	-17	-50	-44	-20	5	cell = 1008 to 1015
-19	-52	-41	-51	-28	-15	-15	9	cell = 1016 to 1023
Calibration values from cell 0 to 1024 for channel 1:

53	5	47	-5	-14	41	40	-52	cell = 0 to 7
-1	-3	46	-5	38	22	34	-17	cell = 8 to 15
35	-17	43	-39	1	7	51	3	cell = 16 to 23
38	-53	75	-1	10	8	44	2	cell = 24 to 31
50	-6	35	-6	30	4	16	9	cell = 32 to 39
-5	-31	22	1	82	-9	68	-6	cell = 40 to 47
80	10	28	-7	8	0	33	15	cell = 48 to 55
62	-8	78	2	25	-3	57	19	cell = 56 to 63
47	3	58	-45	60	30	35	-4	cell = 64 to 71
42	8	53	-17	45	-20	55	0	cell = 72 to 79
44	1	69	16	56	-34	64	17	cell = 80 to 87
53	-15	15	-17	33	-13	57	-16	cell = 88 to 95
39	-21	74	29	64	21	85	-21	cell = 96 to 103
68	13	25	1	53	12	39	-10	cell = 104 to 111
55	-7	58	3	65	-34	35	1	cell = 112 to 119
63	30	38	-7	46	-31	44	-5	cell = 120 to 127
92	14	49	-25	34	25	44	5	cell = 128 to 135
15	21	51	-14	19	-8	55	-15	cell = 136 to 143
49	21	50	-23	22	13	85	6	cell = 144 to 151
38	-3	61	4	58	-17	24	-1	cell = 152 to 159
82	-25	78	25	43	15	66	-9	cell = 160 to 167
55	-14	16	-32	54	1	22	-1	cell = 168 to 175
4	25	48	22	26	17	53	7	cell = 176 to 183
34	-11	63	-25	32	-29	28	-6	cell = 184 to 191
86	5	24	19	58	-2	38	-34	cell = 192 to 199
29	-8	62	-20	65	-25	53	4	cell = 200 to 207
71	9	60	8	32	-33	48	-4	cell = 208 to 215
65	7	51	-48	0	-13	71	-2	cell = 216 to 223
3	-5	55	-20	41	12	60	-30	cell = 224 to 231
22	1	70	-51	5	-47	31	-19	cell = 232 to 239
19	-7	14	-43	57	-33	65	-33	cell = 240 to 247
25	-22	23	-26	13	-5	54	-16	cell = 248 to 255
46	-23	78	7	46	-14	37	-44	cell = 256 to 263
20	-10	21	-19	6	-1	18	-18	cell = 264 to 271
25	16	30	17	9	16	45	-2	cell = 272 to 279
32	7	36	-13	38	-12	27	13	cell = 280 to 287
57	26	90	-18	74	-13	73	-39	cell = 288 to 295
8	13	63	-26	36	-1	26	-42	cell = 296 to 303
40	-57	75	-45	78	17	56	40	cell = 304 to 311
62	-10	26	3	92	-33	27	-35	cell = 312 to 319
12	20	65	10	65	-18	66	0	cell = 320 to 327
68	-48	4	-10	82	11	50	-10	cell = 328 to 335
60	-20	25	-32	62	33	33	-7	cell = 336 to 343
29	-36	61	16	43	-33	36	-11	cell = 344 to 351
45	-29	74	6	44	33	13	-33	cell = 352 to 359
18	-23	14	3	31	-22	48	-32	cell = 360 to 367
42	14	39	23	21	-18	70	-39	cell = 368 to 375
24	-20	18	-39	56	-7	53	-11	cell = 376 to 383
45	35	44	42	72	0	53	-11	cell = 384 to 391
25	3	75	-20	55	-36	26	-31	cell = 392 to 399
56	-7	-12	-13	49	19	65	-8	cell = 400 to 407
2	-23	46	-19	53	8	42	9	cell = 408 to 415
0	-51	40	6	29	-33	39	-27	cell = 416 to 423
47	-20	62	3	19	-59	31	33	cell = 424 to 431
15	-23	35	-5	0	-40	6	0	cell = 432 to 439
42	-20	72	-30	34	-21	73	-30	cell = 440 to 447
23	-5	48	5	38	-12	16	-36	cell = 448 to 455
25	35	61	-30	41	1	31	-45	cell = 456 to 463
25	-7	6	-18	55	-68	77	-16	cell = 464 to 471
79	-12	28	-20	19	-17	71	3	cell = 472 to 479
27	-31	76	-36	45	23	55	-17	cell = 480 to 487
-25	-50	10	27	48	-21	89	-44	cell = 488 to 495
62	-6	-34	-72	-41	-85	-20	-84	cell = 496 to 503
10	-33	20	-42	70	-4	8	-25	cell = 504 to 511
-3	-2	-13	1	-10	-30	-33	-3	cell = 512 to 519
-6	-34	-37	-1	23	6	-53	1	cell = 520 to 527
-5	23	-48	-28	17	-49	-10	-23	cell = 528 to 535
-56	-8	-19	-10	-19	-26	-49	27	cell = 536 to 543
-6	-21	1	24	-22	-20	-8	-10	cell = 544 to 551
-13	-29	-40	-26	-35	-19	-72	11	cell = 552 to 559
-3	5	-12	-24	-2	-2	-53	-20	cell = 560 to 567
-49	2	-58	-37	-2	-40	-36	-6	cell = 568 to 575
-18	-8	-39	14	7	-35	-17	-18	cell = 576 to 583
-52	-3	19	-12	-38	-18	-34	6	cell = 584 to 591
-22	-26	-20	-28	-2	-43	1	-25	cell = 592 to 599
-64	48	-30	-8	-10	23	9	-18	cell = 600 to 607
-11	3	-46	-32	-24	26	-29	-8	cell = 608 to 615
-28	-7	-47	4	-8	-15	3	29	cell = 616 to 623
-31	-29	-36	-45	48	7	-7	7	cell = 624 to 631
-19	-50	-48	-37	-5	6	-3	17	cell = 632 to 639
-16	-31	9	-19	-43	14	-19	-7	cell = 640 to 647
-28	-24	-27	7	-46	-8	-59	4	cell = 648 to 655
1	30	-16	-59	-12	0	-6	9	cell = 656 to 663
-4	-21	-14	-49	-54	-8	-21	-1	cell = 664 to 671
-52	-18	-15	-33	-16	34	-2	-22	cell = 672 to 679
-61	-3	-22	0	-26	-33	-56	-33	cell = 680 to 687
-16	-32	0	-21	-29	-9	-17	-14	cell = 688 to 695
-35	-44	-26	19	-11	-23	6	21	cell = 696 to 703
-4	-50	-10	-13	-2	-81	-21	-19	cell = 704 to 711
-2	-34	-21	6	-37	-2	-16	15	cell = 712 to 719
-21	-38	9	4	-57	-36	-29	-13	cell = 720 to 727
-7	-16	-9	35	-31	-22	20	-21	cell = 728 to 735
-30	-22	-68	-25	-7	-40	-48	-27	cell = 736 to 743
-25	-1	-21	-22	0	-19	-63	-30	cell = 744 to 751
-24	3	1	-14	-31	-20	-14	0	cell = 752 to 759
-23	-69	-43	22	17	-30	-29	19	cell = 760 to 767
10	0	-1	-18	-25	-38	-5	-16	cell = 768 to 775
-6	-29	3	-7	22	-12	-51	7	cell = 776 to 783
-23	-57	-37	-63	1	-56	23	-10	cell = 784 to 791
-40	3	1	-17	-16	-17	-9	-26	cell = 792 to 799
-42	-19	5	-38	-71	-5	-37	0	cell = 800 to 807
-23	-24	-15	-32	-60	1	-16	-44	cell = 808 to 815
-27	-3	0	-10	-14	-14	-2	-13	cell = 816 to 823
-46	27	-24	-35	0	2	-40	10	cell = 824 to 831
-39	-8	-15	-36	-5	0	-12	11	cell = 832 to 839
-17	-9	-51	-26	-13	-21	27	-39	cell = 840 to 847
27	-13	30	-5	-29	4	-8	-24	cell = 848 to 855
6	-17	-1	5	-23	-15	-6	-28	cell = 856 to 863
9	-28	-10	-7	26	-20	-20	14	cell = 864 to 871
-36	3	-17	-2	-10	-29	-37	-30	cell = 872 to 879
25	8	-36	-26	-10	-55	-30	-30	cell = 880 to 887
-12	22	-36	-3	-31	9	-8	-10	cell = 888 to 895
-21	-42	-38	-2	-37	-26	-18	-29	cell = 896 to 903
-26	-6	-38	9	2	-21	-23	-6	cell = 904 to 911
1	-25	-28	9	-27	14	-16	-20	cell = 912 to 919
-39	-10	9	-21	-25	-28	-12	30	cell = 920 to 927
-9	-24	-35	-67	3	-11	-42	-10	cell = 928 to 935
-29	-6	-29	-6	2	10	2	41	cell = 936 to 943
48	-26	-59	1	-35	6	18	-15	cell = 944 to 951
-43	13	-24	-34	-6	25	-13	7	cell = 952 to 959
3	-16	-43	29	-19	-43	-12	11	cell = 960 to 967
-6	-17	-36	11	-10	-1	5	-38	cell = 968 to 975
-28	-35	-76	19	-16	16	2	-43	cell = 976 to 983
-15	-15	-11	-18	5	5	-26	-12	cell = 984 to 991
2	-32	7	-8	2	-13	-65	-60	cell = 992 to 999
-26	-28	-38	3	-49	-18	9	-7	cell = 1000 to 1007
-10	-56	-12	-19	8	-46	-30	-2	cell = 1008 to 1015
-1	7	-17	-28	-5	-33	-52	-18	cell = 1016 to 1023
Calibration values from cell 0 to 1024 for channel 2:

12	19	80	-25	54	2	41	-33	cell = 0 to 7
48	8	43	38	54	1	68	-39	cell = 8 to 15
52	20	49	-19	-2	-29	28	16	cell = 16 to 23
37	-26	44	9	38	-38	42	-28	cell = 24 to 31
51	-11	64	-56	55	50	34	-36	cell = 32 to 39
61	-12	56	-35	17	7	5	-5	cell = 40 to 47
47	-2	41	41	36	-10	55	-14	cell = 48 to 55
33	-15	18	45	44	-24	25	8	cell = 56 to 63
49	27	107	7	32	-12	65	-14	cell = 64 to 71
50	-22	27	-13	45	-21	36	-13	cell = 72 to 79
-9	3	46	-24	1	-9	62	-10	cell = 80 to 87
24	-9	60	-8	22	52	104	-3	cell = 88 to 95
84	21	20	3	62	8	60	-29	cell = 96 to 103
57	7	36	-9	88	-33	26	-36	cell = 104 to 111
29	7	44	-21	70	-14	51	-40	cell = 112 to 119
18	8	52	-30	39	-4	45	-18	cell = 120 to 127
29	37	43	14	54	-42	47	-9	cell = 128 to 135
39	-27	54	-9	59	-34	50	7	cell = 136 to 143
2	-20	60	12	51	1	86	-25	cell = 144 to 151
35	-33	74	-7	-11	-17	25	1	cell = 152 to 159
50	24	35	-6	31	-6	41	-9	cell = 160 to 167
60	8	34	-15	56	34	20	-32	cell = 168 to 175
17	-28	67	13	51	12	42	-7	cell = 176 to 183
35	-23	23	-28	57	20	25	9	cell = 184 to 191
-8	-22	86	-19	47	-24	31	-37	cell = 192 to 199
33	2	37	-49	31	7	42	-5	cell = 200 to 207
37	-9	68	-19	32	-24	60	9	cell = 208 to 215
28	-11	50	-10	54	-20	34	-16	cell = 216 to 223
50	34	6	-30	17	-17	77	25	cell = 224 to 231
23	3	68	9	58	-5	51	-36	cell = 232 to 239
40	4	52	-5	0	-18	11	-40	cell = 240 to 247
50	-13	19	-15	-5	8	58	-14	cell = 248 to 255
49	-14	48	-6	54	-1	54	-45	cell = 256 to 263
49	-13	69	-6	30	-21	44	-46	cell = 264 to 271
72	30	30	-26	61	-21	19	-25	cell = 272 to 279
45	-25	66	-32	11	-15	35	9	cell = 280 to 287
51	-16	46	-21	95	7	52	-44	cell = 288 to 295
51	20	73	-46	60	-20	61	-37	cell = 296 to 303
63	8	75	-28	62	4	29	-2	cell = 304 to 311
43	-41	62	-35	2	-5	57	-29	cell = 312 to 319
59	-24	55	-1	25	-9	64	-2	cell = 320 to 327
69	16	48	-46	35	16	65	-3	cell = 328 to 335
84	7	8	-51	56	-30	45	-15	cell = 336 to 343
39	-6	3	-49	38	-14	63	-19	cell = 344 to 351
-8	18	32	29	52	-24	72	-10	cell = 352 to 359
23	31	36	-12	25	-15	67	-45	cell = 360 to 367
14	-4	63	-7	76	0	41	12	cell = 368 to 375
17	-5	24	20	-5	-19	54	-58	cell = 376 to 383
92	-19	51	3	2	17	1	-30	cell = 384 to 391
62	43	39	-15	26	10	40	-36	cell = 392 to 399
43	-12	47	-59	15	-6	34	-32	cell = 400 to 407
7	28	11	31	34	-31	68	-51	cell = 408 to 415
61	-4	30	-31	75	16	34	6	cell = 416 to 423
44	-10	41	-36	55	49	12	-15	cell = 424 to 431
40	-31	32	26	62	37	38	0	cell = 432 to 439
48	-6	57	-33	20	0	42	-28	cell = 440 to 447
52	-3	39	-2	68	-7	45	-27	cell = 448 to 455
81	11	35	-7	59	0	72	-37	cell = 456 to 463
53	-3	17	15	18	-22	30	-17	cell = 464 to 471
42	20	47	24	24	-25	59	-20	cell = 472 to 479
41	-15	-21	-29	59	3	23	-32	cell = 480 to 487
48	7	48	-17	25	-51	35	8	cell = 488 to 495
35	-50	13	-75	-36	-63	-47	-81	cell = 496 to 503
-4	-7	32	-19	55	35	-3	-60	cell = 504 to 511
-12	-9	-39	14	-25	-11	-42	13	cell = 512 to 519
-31	-12	-20	-14	-14	-47	13	15	cell = 520 to 527
-27	-16	-4	-21	-16	2	21	-44	cell = 528 to 535
-62	-2	-22	5	-31	-38	-23	-5	cell = 536 to 543
-5	-23	-30	-37	-43	-21	-44	-19	cell = 544 to 551
-47	-48	-79	12	14	-31	-11	-16	cell = 552 to 559
-35	-66	1	-19	-47	-28	-2	-40	cell = 560 to 567
-11	-43	2	-26	9	-15	-38	25	cell = 568 to 575
-3	24	-27	3	-12	2	-44	24	cell = 576 to 583
-26	34	-8	-12	-40	-21	-10	-20	cell = 584 to 591
2	26	4	-12	24	-43	-48	-11	cell = 592 to 599
-23	-23	-48	-39	-3	-29	24	-13	cell = 600 to 607
9	-35	8	5	1	-54	-58	-47	cell = 608 to 615
-42	-28	1	-21	-56	-10	-9	11	cell = 616 to 623
-3	7	-19	-23	-22	-35	-30	2	cell = 624 to 631
-34	-19	-64	-7	-35	-14	-3	15	cell = 632 to 639
-12	-26	-24	4	-17	-9	-56	-17	cell = 640 to 647
-16	-34	-19	-13	8	3	-30	0	cell = 648 to 655
5	-1	-29	-19	-39	-30	-29	-30	cell = 656 to 663
10	-15	-24	-23	11	-25	-7	10	cell = 664 to 671
-33	-21	-62	-8	-44	10	-29	6	cell = 672 to 679
-26	3	-21	-2	-35	-37	-13	-14	cell = 680 to 687
-43	-11	-41	4	-18	22	-29	-16	cell = 688 to 695
16	-18	-37	-10	-43	-19	11	-25	cell = 696 to 703
-47	-32	15	-24	-10	0	20	-15	cell = 704 to 711
-12	8	-16	-27	-1	13	-24	-25	cell = 712 to 719
-34	-19	-16	32	2	-20	-30	12	cell = 720 to 727
-36	-30	14	-10	-23	0	-2	-3	cell = 728 to 735
17	-8	-73	-3	19	29	-55	19	cell = 736 to 743
12	-2	-40	-11	-7	-36	-12	-13	cell = 744 to 751
-20	-50	-31	-24	-18	-27	-70	-4	cell = 752 to 759
3	-34	-5	6	-43	-4	-37	2	cell = 760 to 767
-14	-13	16	-7	-18	0	-11	-7	cell = 768 to 775
0	-11	-25	-39	-21	3	-7	33	cell = 776 to 783
-33	0	3	37	30	-17	-31	-17	cell = 784 to 791
-24	-35	-20	-49	0	-35	-18	-20	cell = 792 to 799
6	-2	-7	38	1	-6	-69	-14	cell = 800 to 807
-50	-20	-48	-20	-48	-35	-17	-8	cell = 808 to 815
-8	29	-38	-1	-27	11	-39	7	cell = 816 to 823
-10	-1	-2	6	-31	0	-33	13	cell = 824 to 831
-13	-13	-28	21	2	13	-24	30	cell = 832 to 839
-27	-1	-54	-8	7	0	-51	-8	cell = 840 to 847
-25	40	-15	18	0	-20	-51	1	cell = 848 to 855
5	-17	-39	6	-35	-18	-44	7	cell = 856 to 863
-44	-8	-13	11	-42	-40	-27	-16	cell = 864 to 871
-50	-28	-10	4	-10	-36	-21	39	cell = 872 to 879
3	-30	17	-24	-7	-32	7	1	cell = 880 to 887
-27	26	-30	-25	-23	-47	1	1	cell = 888 to 895
-20	24	-20	13	-10	-50	36	15	cell = 896 to 903
-23	-3	-37	-46	-29	-40	-38	-7	cell = 904 to 911
28	-24	-16	0	-11	17	-26	22	cell = 912 to 919
-14	-52	2	3	-63	-7	-17	-33	cell = 920 to 927
-7	-10	-39	-9	-18	-19	-29	-55	cell = 928 to 935
-10	6	-63	11	-50	-27	-23	49	cell = 936 to 943
-21	-41	-55	8	-20	-41	-25	-4	cell = 944 to 951
-18	-27	0	-14	-7	-28	-43	6	cell = 952 to 959
9	17	-21	7	22	-30	19	2	cell = 960 to 967
-9	-7	-20	-43	-27	-46	2	-37	cell = 968 to 975
-22	2	-30	-40	-4	-35	1	-22	cell = 976 to 983
-50	-35	-48	-19	-23	-35	-32	2	cell = 984 to 991
-62	-29	6	-51	-27	14	-5	-51	cell = 992 to 999
-21	-4	-30	-27	2	-4	4	-22	cell = 1000 to 1007
-30	-15	-40	-12	-16	-11	-29	-5	cell = 1008 to 1015
-24	-18	-47	-17	-22	-4	-16	0	cell = 1016 to 1023
Calibration values from cell 0 to 1024 for channel 3:

31	-13	48	-25	45	-25	41	7	cell = 0 to 7
44	14	35	-30	23	-2	74	-9	cell = 8 to 15
27	5	56	2	66	-12	35	-9	cell = 16 to 23
55	-4	24	7	2	22	47	-8	cell = 24 to 31
-9	2	50	-12	38	-13	11	45	cell = 32 to 39
59	26	30	1	57	8	58	-40	cell = 40 to 47
32	-16	53	-8	28	-20	66	-15	cell = 48 to 55
26	-32	57	-30	55	-13	25	4	cell = 56 to 63
49	5	113	-44	61	9	35	10	cell = 64 to 71
15	33	44	-26	47	-5	35	-6	cell = 72 to 79
73	19	45	-16	39	-12	29	-16	cell = 80 to 87
35	-32	37	15	35	-27	10	-5	cell = 88 to 95
68	-6	62	-8	47	-4	41	7	cell = 96 to 103
34	-23	30	0	29	8	28	-35	cell = 104 to 111
66	6	26	-29	39	-40	38	37	cell = 112 to 119
32	-17	70	9	45	29	60	19	cell = 120 to 127
62	45	29	-7	7	18	82	-2	cell = 128 to 135
27	15	31	-32	91	-58	19	31	cell = 136 to 143
49	47	61	-29	19	-21	58	22	cell = 144 to 151
32	-12	47	-51	60	-1	47	-16	cell = 152 to 159
38	26	21	-58	-8	0	53	6	cell = 160 to 167
51	-22	49	21	52	4	54	-43	cell = 168 to 175
49	13	75	-33	43	15	96	8	cell = 176 to 183
29	-6	55	15	54	-12	44	9	cell = 184 to 191
57	-11	54	12	43	-3	26	-39	cell = 192 to 199
44	6	71	-39	26	2	61	-51	cell = 200 to 207
47	39	24	-17	85	-36	32	37	cell = 208 to 215
-8	-33	28	-20	81	-12	35	-38	cell = 216 to 223
43	-12	81	-15	27	6	62	-12	cell = 224 to 231
70	-34	17	10	21	19	47	-2	cell = 232 to 239
47	-6	42	-26	12	34	25	-18	cell = 240 to 247
41	12	89	-11	101	4	26	-28	cell = 248 to 255
42	-14	21	11	56	29	58	-23	cell = 256 to 263
26	-4	38	-42	61	-6	56	43	cell = 264 to 271
-4	-26	17	2	47	2	63	-44	cell = 272 to 279
-7	8	-2	-19	44	-28	67	12	cell = 280 to 287
26	22	71	-32	54	-1	55	-29	cell = 288 to 295
33	12	86	-3	47	-26	40	16	cell = 296 to 303
41	-7	52	-59	3	-23	45	-10	cell = 304 to 311
51	-15	44	-24	49	-18	17	-31	cell = 312 to 319
16	-21	74	-25	35	39	52	-31	cell = 320 to 327
44	-23	22	-15	28	-2	85	-24	cell = 328 to 335
32	-19	28	-13	41	-33	58	-14	cell = 336 to 343
36	-10	65	-25	26	-12	56	9	cell = 344 to 351
17	10	73	-10	49	23	72	-22	cell = 352 to 359
37	1	87	-2	-1	-22	41	8	cell = 360 to 367
25	-8	34	-48	51	-38	13	-44	cell = 368 to 375
14	-21	41	32	47	-7	56	-40	cell = 376 to 383
48	44	21	-47	19	-28	17	-67	cell = 384 to 391
30	-8	48	-13	50	13	25	1	cell = 392 to 399
25	41	26	-33	31	-15	46	6	cell = 400 to 407
40	-15	10	-10	-15	-5	20	-19	cell = 408 to 415
22	28	49	-62	39	-20	29	-20	cell = 416 to 423
23	-6	22	-62	68	-23	22	-8	cell = 424 to 431
10	-26	56	15	59	19	34	-32	cell = 432 to 439
32	-16	55	-33	23	0	60	-16	cell = 440 to 447
35	-39	45	-32	41	-2	37	-32	cell = 448 to 455
3	0	9	11	79	6	57	8	cell = 456 to 463
76	-38	12	22	20	-34	38	-67	cell = 464 to 471
104	-43	42	-35	55	-30	36	-7	cell = 472 to 479
45	14	86	15	62	20	49	-9	cell = 480 to 487
12	-31	38	-11	50	-6	5	-10	cell = 488 to 495
25	-52	13	-126	-22	-49	-20	-104	cell = 496 to 503
41	4	28	-3	25	15	40	14	cell = 504 to 511
-25	4	-2	-11	-31	-12	2	-9	cell = 512 to 519
-4	-22	-49	-14	-55	-29	-18	29	cell = 520 to 527
-31	21	-28	-8	-41	-23	-7	-27	cell = 528 to 535
-53	-14	-21	-37	-28	-11	-41	4	cell = 536 to 543
-25	-6	-45	-55	4	-17	-10	-32	cell = 544 to 551
-20	-7	4	-31	-63	-45	-48	-9	cell = 552 to 559
-5	-47	-50	-13	-31	-60	-51	-34	cell = 560 to 567
-27	21	-25	-46	-31	-18	-30	-34	cell = 568 to 575
33	2	-22	-14	-11	-12	-44	-22	cell = 576 to 583
0	-44	13	-38	0	-7	-45	-5	cell = 584 to 591
-18	-7	8	-6	-39	-6	-39	-74	cell = 592 to 599
-31	-49	-31	-13	-10	-7	-25	-28	cell = 600 to 607
5	-4	-6	-8	-36	-5	-40	-7	cell = 608 to 615
15	12	-4	-29	11	1	-45	23	cell = 616 to 623
-4	-15	-28	-7	-9	-41	-48	6	cell = 624 to 631
-27	3	-29	10	-20	-11	-17	-22	cell = 632 to 639
-22	-9	-21	-25	-14	-39	-61	7	cell = 640 to 647
24	-21	-6	-23	-38	-14	-15	-16	cell = 648 to 655
-10	-39	-17	-17	-37	-17	-63	11	cell = 656 to 663
-26	-6	-13	38	-8	18	12	-34	cell = 664 to 671
-28	-36	-70	-24	-8	-12	-34	-41	cell = 672 to 679
-30	-22	-15	5	-15	28	17	2	cell = 680 to 687
0	-5	-38	-35	0	-3	-19	-14	cell = 688 to 695
-22	-47	-37	30	-7	-4	17	-50	cell = 696 to 703
9	-5	-11	16	11	-5	-23	-9	cell = 704 to 711
-26	-28	-56	-21	-7	-6	15	-9	cell = 712 to 719
-20	3	-53	-19	-13	-10	-23	-15	cell = 720 to 727
5	16	-23	31	-25	-12	-33	-31	cell = 728 to 735
-20	-3	-18	-1	5	-29	-47	0	cell = 736 to 743
-32	-47	-30	52	-13	-31	-30	22	cell = 744 to 751
-4	15	0	-49	-33	-8	0	-3	cell = 752 to 759
-34	-8	-65	-75	-39	-14	-2	-11	cell = 760 to 767
28	-21	-24	-4	2	1	-44	-22	cell = 768 to 775
-46	34	-5	-21	-20	-32	-32	-13	cell = 776 to 783
-17	-13	-6	12	-28	7	-11	19	cell = 784 to 791
8	-32	-50	-4	-44	4	-8	3	cell = 792 to 799
9	3	-10	25	14	0	-54	13	cell = 800 to 807
6	-7	-3	12	-6	-39	-30	-29	cell = 808 to 815
-11	18	-11	-11	-39	-7	-10	-40	cell = 816 to 823
-27	-68	3	-31	-31	6	-43	-6	cell = 824 to 831
-3	-44	-35	-42	-23	-11	-64	43	cell = 832 to 839
-36	-21	8	-20	-13	51	-27	-9	cell = 840 to 847
-12	-54	1	-14	-56	31	-35	-13	cell = 848 to 855
-20	-6	-35	13	-2	-14	-12	9	cell = 856 to 863
3	-14	-26	15	-49	-19	-39	-35	cell = 864 to 871
0	-49	-15	-7	-56	2	-28	-14	cell = 872 to 879
-32	23	-40	11	11	-4	25	-19	cell = 880 to 887
22	-3	-39	19	-12	-6	18	4	cell = 888 to 895
-40	-20	-2	-14	-31	-24	-37	-23	cell = 896 to 903
11	1	-25	-6	-29	-37	-18	14	cell = 904 to 911
-9	16	-32	-31	7	26	-10	-27	cell = 912 to 919
-9	1	-4	-44	21	-6	-20	-37	cell = 920 to 927
20	17	-19	-19	11	-43	-24	0	cell = 928 to 935
-47	-29	-21	5	-7	-46	5	-25	cell = 936 to 943
-35	-10	-8	-19	-18	-27	-22	-9	cell = 944 to 951
8	-12	-17	6	-30	11	-44	-63	cell = 952 to 959
-16	-35	-11	-28	25	-19	-26	-31	cell = 960 to 967
-15	2	-5	29	-19	-51	-27	24	cell = 968 to 975
4	-33	-33	-60	54	-10	-64	-17	cell = 976 to 983
-29	-34	-22	-15	-37	41	-41	-2	cell = 984 to 991
-5	-30	-6	8	-20	-10	-16	-18	cell = 992 to 999
1	-54	29	13	-2	-37	0	-59	cell = 1000 to 1007
38	-46	-38	-18	-5	28	-43	-43	cell = 1008 to 1015
-30	23	-7	-30	-51	-15	-19	9	cell = 1016 to 1023
Calibration values from cell 0 to 1024 for channel 4:

57	-15	-3	-24	46	24	33	18	cell = 0 to 7
50	-6	46	17	38	28	56	-57	cell = 8 to 15
82	-34	41	0	63	-35	16	34	cell = 16 to 23
25	27	64	-18	26	-27	13	4	cell = 24 to 31
59	4	83	19	40	-2	59	-22	cell = 32 to 39
35	-33	35	-19	51	22	59	-35	cell = 40 to 47
45	-33	76	-13	29	-5	84	-14	cell = 48 to 55
57	25	39	-27	33	-27	67	-19	cell = 56 to 63
68	8	0	7	92	48	57	-2	cell = 64 to 71
58	-36	58	8	29	-13	39	-13	cell = 72 to 79
32	-10	80	-11	25	20	59	-26	cell = 80 to 87
18	-6	19	-9	50	5	64	-8	cell = 88 to 95
12	-7	47	-8	46	-4	25	-8	cell = 96 to 103
45	-45	22	-19	16	-10	56	15	cell = 104 to 111
45	-29	54	10	23	0	53	-23	cell = 112 to 119
36	-3	62	-34	59	-11	45	18	cell = 120 to 127
44	3	49	-53	13	16	33	3	cell = 128 to 135
46	9	46	18	62	-21	30	6	cell = 136 to 143
20	-28	66	-18	37	33	38	11	cell = 144 to 151
40	-32	45	-17	44	-16	37	-24	cell = 152 to 159
27	6	19	-17	80	-17	35	-11	cell = 160 to 167
69	-44	35	-8	52	12	49	-39	cell = 168 to 175
64	-7	46	9	52	-24	49	-24	cell = 176 to 183
9	-8	40	-33	43	16	30	-29	cell = 184 to 191
40	-16	-20	-21	25	-8	40	-28	cell = 192 to 199
31	42	59	4	63	-4	-13	-27	cell = 200 to 207
38	-16	27	0	49	-16	10	21	cell = 208 to 215
-13	11	63	-53	59	-14	32	-11	cell = 216 to 223
39	36	14	-7	52	28	36	-16	cell = 224 to 231
26	11	26	31	21	13	47	18	cell = 232 to 239
58	-24	60	3	20	38	43	39	cell = 240 to 247
23	-5	64	-7	52	8	38	-20	cell = 248 to 255
39	21	73	-4	21	16	28	31	cell = 256 to 263
27	1	56	7	19	11	56	1	cell = 264 to 271
41	32	13	6	87	-30	36	3	cell = 272 to 279
41	-24	53	-3	52	-10	33	-14	cell = 280 to 287
95	8	48	18	42	-9	46	-21	cell = 288 to 295
51	29	6	-20	31	2	59	14	cell = 296 to 303
63	-18	45	-38	49	-3	38	-37	cell = 304 to 311
48	5	41	3	55	44	100	-33	cell = 312 to 319
15	13	54	-12	34	-9	52	-30	cell = 320 to 327
25	-29	34	0	51	-7	42	-35	cell = 328 to 335
41	1	36	-37	67	2	60	-31	cell = 336 to 343
10	-35	40	-18	20	21	56	-41	cell = 344 to 351
39	3	35	18	40	-5	43	1	cell = 352 to 359
-1	-7	9	16	46	24	56	-22	cell = 360 to 367
43	-47	54	-7	57	-10	44	-44	cell = 368 to 375
45	-35	25	19	19	24	46	-11	cell = 376 to 383
75	32	46	-13	-7	-15	56	-17	cell = 384 to 391
37	-30	66	-55	33	-6	75	-8	cell = 392 to 399
11	14	36	-20	40	9	12	-10	cell = 400 to 407
51	-31	45	6	22	-17	-10	-13	cell = 408 to 415
35	-19	50	30	23	-25	23	-37	cell = 416 to 423
-3	-13	72	18	70	-8	66	-4	cell = 424 to 431
38	45	76	14	33	45	11	-20	cell = 432 to 439
53	27	35	-2	80	10	46	-16	cell = 440 to 447
44	26	88	-9	42	14	37	11	cell = 448 to 455
18	-16	24	-30	68	6	8	9	cell = 456 to 463
40	-33	20	11	26	-1	45	25	cell = 464 to 471
20	-21	36	-7	33	-18	45	-29	cell = 472 to 479
55	22	26	-28	18	13	73	-8	cell = 480 to 487
13	69	57	-23	30	-14	56	-24	cell = 488 to 495
24	-25	-28	-74	-3	-99	-56	-97	cell = 496 to 503
13	-28	7	-19	41	-18	31	-25	cell = 504 to 511
-58	-39	-5	-8	-6	-41	-11	-47	cell = 512 to 519
-28	-10	-46	15	-11	-13	-20	12	cell = 520 to 527
-16	14	-64	-68	-12	-12	-59	-14	cell = 528 to 535
8	-30	-87	2	-46	-36	-24	-24	cell = 536 to 543
-37	-36	0	7	1	-16	-20	1	cell = 544 to 551
-21	8	-14	-2	-8	5	-49	-8	cell = 552 to 559
17	3	-20	2	-17	-19	-65	10	cell = 560 to 567
13	-46	-18	-2	-10	-22	-34	34	cell = 568 to 575
-21	-8	-43	-21	-31	-33	-29	-19	cell = 576 to 583
-52	1	9	-40	-48	27	-44	4	cell = 584 to 591
0	-26	-60	16	-26	-63	-42	-37	cell = 592 to 599
-4	-33	-24	36	-7	5	-24	-49	cell = 600 to 607
-9	-15	0	-11	1	-19	-12	-35	cell = 608 to 615
-27	-4	-5	-47	-29	15	-19	37	cell = 616 to 623
-23	-2	2	-23	-7	7	-21	-47	cell = 624 to 631
-38	29	-23	-31	-34	0	-19	3	cell = 632 to 639
6	1	-3	-36	-3	-45	-16	-41	cell = 640 to 647
-25	-23	7	-20	-23	-13	-17	-16	cell = 648 to 655
-28	0	-37	-19	-15	-23	-63	-27	cell = 656 to 663
-25	-29	19	-24	-49	-29	-14	-27	cell = 664 to 671
-12	20	-40	-27	9	-10	-19	-58	cell = 672 to 679
-47	-6	-37	-23	-35	-5	-11	16	cell = 680 to 687
-54	-5	-6	-13	-14	-4	-48	9	cell = 688 to 695
-59	-21	-78	-26	-10	-37	11	30	cell = 696 to 703
-38	-24	28	22	13	-47	-42	-19	cell = 704 to 711
-7	-13	-35	-21	-23	-15	-22	-41	cell = 712 to 719
2	-68	-6	-18	0	4	0	-28	cell = 720 to 727
-34	7	-60	-3	-29	5	-18	14	cell = 728 to 735
-10	-52	25	19	25	-7	-24	-36	cell = 736 to 743
-15	-12	-62	-14	23	-2	-42	-39	cell = 744 to 751
-20	-22	-18	-19	-43	-18	-52	34	cell = 752 to 759
15	0	-20	8	0	-7	-57	-52	cell = 760 to 767
18	-59	-40	5	-21	-34	9	47	cell = 768 to 775
-26	3	-41	-8	-26	7	-19	-26	cell = 776 to 783
-10	-34	-12	-37	-30	-54	-12	-4	cell = 784 to 791
11	-3	-8	-7	10	5	-23	-26	cell = 792 to 799
-68	-1	-1	-26	-24	-35	5	-26	cell = 800 to 807
-22	-48	-35	-7	-3	-56	-3	-24	cell = 808 to 815
-1	-15	-25	-48	-36	-17	-24	-16	cell = 816 to 823
-63	2	23	-37	-11	-40	4	-18	cell = 824 to 831
-36	16	-23	-27	11	13	-24	-1	cell = 832 to 839
-21	-25	19	-21	-21	-14	-23	0	cell = 840 to 847
-7	-27	-3	0	-46	2	-40	-7	cell = 848 to 855
12	12	-26	-31	-29	-47	-15	6	cell = 856 to 863
-22	-16	-29	-31	-36	18	5	-46	cell = 864 to 871
-14	-42	-4	-47	-25	-18	-38	8	cell = 872 to 879
22	-19	37	-13	1	4	-16	-35	cell = 880 to 887
-10	-36	-31	-17	26	-17	-22	-10	cell = 888 to 895
18	-71	-35	-20	-17	-20	-2	-15	cell = 896 to 903
-18	-20	-26	-23	-18	-7	-42	-15	cell = 904 to 911
3	-38	-43	-32	17	-13	-33	-23	cell = 912 to 919
-1	11	-30	-6	-11	-53	-17	-3	cell = 920 to 927
-17	18	-13	-8	-37	5	-9	1	cell = 928 to 935
5	-23	-10	-4	18	16	-11	-13	cell = 936 to 943
-20	15	2	22	-20	-49	-44	-8	cell = 944 to 951
-5	-30	10	-38	-33	-3	-13	16	cell = 952 to 959
-32	4	-29	9	-6	-9	-7	-21	cell = 960 to 967
-43	17	14	14	-7	-23	-16	7	cell = 968 to 975
-30	-26	-36	-15	-23	-34	-30	0	cell = 976 to 983
-28	-78	-2	-20	-16	8	-4	0	cell = 984 to 991
-68	-48	12	-13	-22	-26	-37	10	cell = 992 to 999
-80	-6	-32	-13	-50	-38	-9	5	cell = 1000 to 1007
-18	-9	-18	-21	-19	-2	20	-25	cell = 1008 to 1015
3	-22	-36	-20	-7	-22	-64	6	cell = 1016 to 1023
Calibration values from cell 0 to 1024 for channel 5:

47	-3	84	-8	44	22	35	-30	cell = 0 to 7
52	16	76	-19	10	-28	46	-50	cell = 8 to 15
69	7	73	-48	15	13	27	-45	cell = 16 to 23
29	16	27	-21	16	17	36	-20	cell = 24 to 31
39	1	69	9	59	17	40	-14	cell = 32 to 39
31	-19	86	-16	16	1	27	-12	cell = 40 to 47
32	-12	22	-22	39	-21	63	-11	cell = 48 to 55
30	31	6	-46	32	-21	82	7	cell = 56 to 63
32	13	29	-17	9	-23	41	-12	cell = 64 to 71
14	24	69	-11	35	6	56	-22	cell = 72 to 79
65	7	86	12	69	-28	74	-29	cell = 80 to 87
91	-21	58	5	42	6	14	-14	cell = 88 to 95
48	46	53	33	54	33	61	-6	cell = 96 to 103
32	-6	42	9	28	-8	7	-20	cell = 104 to 111
66	28	75	14	37	-9	46	-25	cell = 112 to 119
8	-9	72	-53	41	7	65	-26	cell = 120 to 127
29	26	61	3	57	-8	85	-4	cell = 128 to 135
32	12	23	-41	44	0	93	-5	cell = 136 to 143
-7	-7	51	-7	32	-5	11	-32	cell = 144 to 151
2	1	51	8	40	5	53	-10	cell = 152 to 159
30	0	75	-45	70	34	24	-23	cell = 160 to 167
7	4	79	-15	45	-7	33	-15	cell = 168 to 175
21	-46	31	-13	61	9	54	4	cell = 176 to 183
5	10	53	15	40	-5	53	-54	cell = 184 to 191
57	-15	-12	6	57	-37	52	-36	cell = 192 to 199
35	33	37	-19	73	10	52	17	cell = 200 to 207
43	-17	42	-5	70	-32	33	-7	cell = 208 to 215
45	-15	79	-26	40	-19	47	-17	cell = 216 to 223
52	30	81	-16	22	-44	62	-43	cell = 224 to 231
50	20	24	-7	38	-25	16	40	cell = 232 to 239
48	-11	22	-10	26	4	25	-46	cell = 240 to 247
21	19	37	-7	74	31	40	-41	cell = 248 to 255
20	24	76	-38	54	-34	47	-3	cell = 256 to 263
37	23	65	12	43	12	55	6	cell = 264 to 271
49	20	44	-18	30	-21	36	-6	cell = 272 to 279
39	-25	16	15	62	18	51	15	cell = 280 to 287
23	3	-3	2	48	0	20	11	cell = 288 to 295
59	-15	40	-11	35	-37	36	-35	cell = 296 to 303
42	0	19	-11	48	19	77	-13	cell = 304 to 311
11	-14	17	-32	36	15	50	19	cell = 312 to 319
29	-18	25	0	-11	-4	45	-27	cell = 320 to 327
32	39	60	-7	23	0	52	-17	cell = 328 to 335
65	1	62	-7	21	-20	58	-27	cell = 336 to 343
56	-21	41	8	26	-16	21	-5	cell = 344 to 351
45	8	57	2	47	-8	1	3	cell = 352 to 359
57	-5	78	-13	24	19	-3	-35	cell = 360 to 367
65	-40	55	-16	48	-11	15	6	cell = 368 to 375
40	-11	50	-22	40	-24	44	-25	cell = 376 to 383
58	-23	68	8	51	-33	35	-34	cell = 384 to 391
49	-7	44	1	62	12	17	1	cell = 392 to 399
22	-55	57	2	48	-7	39	-16	cell = 400 to 407
42	-32	69	0	43	-28	79	4	cell = 408 to 415
50	-2	54	-12	3	-27	48	-4	cell = 416 to 423
27	-18	71	-28	44	-14	16	-10	cell = 424 to 431
24	-3	18	-37	48	-18	49	-9	cell = 432 to 439
3	-22	22	-46	29	-34	22	-41	cell = 440 to 447
22	12	84	-15	32	3	38	-23	cell = 448 to 455
41	-32	15	-28	31	8	4	1	cell = 456 to 463
60	31	43	-6	52	15	44	-28	cell = 464 to 471
60	-26	20	-16	3	-19	52	-15	cell = 472 to 479
55	-10	43	-50	18	-31	47	-12	cell = 480 to 487
83	-4	-16	8	71	-22	30	-31	cell = 488 to 495
3	-24	30	-89	-32	-59	-24	-89	cell = 496 to 503
26	-7	55	36	29	-30	11	24	cell = 504 to 511
-16	-7	24	16	4	-39	-13	-8	cell = 512 to 519
4	13	-21	-6	21	11	-25	-24	cell = 520 to 527
7	-29	-35	-48	-10	-34	-62	5	cell = 528 to 535
-36	-39	-36	-21	-10	-38	-37	-19	cell = 536 to 543
-35	-9	-38	-26	-22	31	-38	-12	cell = 544 to 551
11	13	-71	-26	-14	-7	-27	-21	cell = 552 to 559
-19	9	-33	-29	-26	1	-36	-24	cell = 560 to 567
6	-5	-16	17	-29	3	-22	5	cell = 568 to 575
0	33	-30	-23	17	-3	-5	25	cell = 576 to 583
-5	-40	0	35	-48	-71	-15	-37	cell = 584 to 591
-63	15	-8	-14	-16	-37	-29	-45	cell = 592 to 599
-14	-31	-55	15	-22	-16	-22	-6	cell = 600 to 607
-38	-23	-21	-2	-37	23	-46	-39	cell = 608 to 615
-13	-29	-9	-8	-38	-38	-25	4	cell = 616 to 623
-47	-14	52	-13	28	-19	-49	-7	cell = 624 to 631
28	-26	-18	-4	-26	-22	26	-25	cell = 632 to 639
-19	-14	-66	2	-39	-55	-36	-1	cell = 640 to 647
-16	29	-25	-4	-10	-25	15	-62	cell = 648 to 655
31	-9	-4	-66	-24	6	3	0	cell = 656 to 663
15	-49	-13	-20	-45	-14	0	-11	cell = 664 to 671
-3	-6	-18	-79	42	-28	32	-25	cell = 672 to 679
-10	12	16	-75	15	0	17	-11	cell = 680 to 687
-9	-24	9	-17	-7	29	-38	41	cell = 688 to 695
-43	-27	-8	-15	-2	-17	1	-30	cell = 696 to 703
-13	-27	-29	-8	-26	-45	-51	-24	cell = 704 to 711
-47	-27	-24	-11	-18	-16	-84	-12	cell = 712 to 719
-3	20	-55	16	3	3	-27	-9	cell = 720 to 727
-41	-17	-9	-15	-31	-38	-60	-14	cell = 728 to 735
9	-29	-28	-7	-13	-22	-39	-36	cell = 736 to 743
-63	3	-32	-15	-45	-21	-2	-26	cell = 744 to 751
-14	-23	-55	-31	-10	-46	-20	-36	cell = 752 to 759
-57	14	-10	17	-24	0	-51	4	cell = 760 to 767
-33	-6	-61	-21	-29	-42	-17	-27	cell = 768 to 775
-14	-38	-28	-2	-17	17	-46	13	cell = 776 to 783
-39	-43	6	-30	2	-4	-14	2	cell = 784 to 791
-23	-31	-19	-27	-31	3	-46	-64	cell = 792 to 799
5	-7	-4	-46	-44	-40	-8	14	cell = 800 to 807
-7	-25	-21	-1	8	10	-9	-36	cell = 808 to 815
-62	-22	-9	46	-18	-17	-18	-31	cell = 816 to 823
-50	-1	-21	-26	-21	-27	-65	-5	cell = 824 to 831
-3	0	-26	0	-31	-5	-28	33	cell = 832 to 839
-16	-15	12	-22	-43	-32	0	29	cell = 840 to 847
-3	-40	-12	37	-13	-21	7	-16	cell = 848 to 855
-61	-41	19	16	-35	-11	-5	-24	cell = 856 to 863
10	-46	-26	-4	-30	33	50	21	cell = 864 to 871
21	-29	-16	-20	-42	-14	-31	-30	cell = 872 to 879
34	-40	-24	22	6	-25	-10	-23	cell = 880 to 887
-19	-68	-23	-12	-10	-22	15	-22	cell = 888 to 895
-7	-23	24	-10	-19	-22	-63	14	cell = 896 to 903
-21	4	-22	2	-22	-9	-3	-6	cell = 904 to 911
-44	-42	-42	-42	-28	-36	-39	-3	cell = 912 to 919
19	-47	-11	-12	11	-50	-25	-33	cell = 920 to 927
-53	8	-14	-11	-12	-19	-35	6	cell = 928 to 935
-21	17	-45	-15	2	-52	-7	-4	cell = 936 to 943
-17	12	-5	-13	-34	34	-38	-4	cell = 944 to 951
9	24	-3	-29	-12	-47	-11	13	cell = 952 to 959
-30	-7	-13	2	21	-10	-9	16	cell = 960 to 967
-21	-25	-46	-26	-41	-24	-12	3	cell = 968 to 975
-25	-19	33	-11	-4	14	-58	3	cell = 976 to 983
7	12	13	12	-28	-18	-33	-18	cell = 984 to 991
19	-31	-17	-37	-32	-19	-35	-24	cell = 992 to 999
14	-26	-51	11	11	-36	-13	-35	cell = 1000 to 1007
-40	-28	16	-3	-10	-38	-16	-18	cell = 1008 to 1015
-66	1	28	-23	-2	-7	-10	3	cell = 1016 to 1023
Calibration values from cell 0 to 1024 for channel 6:

43	-11	67	0	29	-17	39	-5	cell = 0 to 7
43	-23	22	-16	28	-13	13	30	cell = 8 to 15
57	-25	45	-13	32	22	10	-36	cell = 16 to 23
13	-13	51	-19	65	5	70	-27	cell = 24 to 31
82	-8	-4	-44	31	27	70	-26	cell = 32 to 39
14	-17	81	-9	71	-16	35	-18	cell = 40 to 47
25	-13	44	-46	35	-36	31	-6	cell = 48 to 55
48	-38	-14	2	73	2	31	0	cell = 56 to 63
45	0	64	-18	45	-6	74	-13	cell = 64 to 71
38	6	47	-5	24	-44	71	-7	cell = 72 to 79
36	-45	59	0	50	3	11	-23	cell = 80 to 87
31	0	73	14	16	-9	40	22	cell = 88 to 95
68	23	40	4	52	18	53	14	cell = 96 to 103
10	11	46	25	45	-26	95	-15	cell = 104 to 111
66	15	10	-3	19	-16	82	3	cell = 112 to 119
76	-31	-2	-42	-3	37	48	28	cell = 120 to 127
68	4	37	-44	25	32	52	-12	cell = 128 to 135
56	-23	69	-40	67	38	46	30	cell = 136 to 143
79	8	56	-17	52	26	6	-24	cell = 144 to 151
46	-27	45	18	49	-2	60	-8	cell = 152 to 159
33	14	19	-43	28	9	16	-12	cell = 160 to 167
30	-18	48	-11	46	6	72	-30	cell = 168 to 175
54	-7	35	20	95	17	72	48	cell = 176 to 183
89	42	47	-46	28	15	74	-4	cell = 184 to 191
11	-1	20	-15	31	-48	37	33	cell = 192 to 199
37	-17	45	25	60	-19	35	7	cell = 200 to 207
39	-30	60	-4	45	-10	57	-57	cell = 208 to 215
-9	-13	31	-7	29	-6	36	-14	cell = 216 to 223
20	-21	37	-17	60	-15	54	-58	cell = 224 to 231
36	28	15	-7	26	-6	30	-11	cell = 232 to 239
51	18	106	-29	70	21	60	-12	cell = 240 to 247
10	-8	18	2	67	-17	32	-6	cell = 248 to 255
75	2	58	-17	46	-25	43	-24	cell = 256 to 263
68	9	64	-3	38	-2	28	-2	cell = 264 to 271
42	-27	91	19	35	16	7	-40	cell = 272 to 279
13	-31	65	35	20	2	62	-4	cell = 280 to 287
49	16	62	-17	67	-20	39	-4	cell = 288 to 295
58	12	37	-41	60	-67	28	6	cell = 296 to 303
33	32	7	12	37	13	26	27	cell = 304 to 311
84	-6	16	-13	39	-19	34	11	cell = 312 to 319
55	-26	51	-29	59	19	28	-25	cell = 320 to 327
35	-4	64	-17	18	6	-16	-1	cell = 328 to 335
12	-8	7	-12	17	-18	73	-37	cell = 336 to 343
41	-19	29	-14	25	11	47	-25	cell = 344 to 351
69	-1	63	-8	10	-6	23	-19	cell = 352 to 359
44	-32	51	-17	48	-2	51	-27	cell = 360 to 367
72	29	33	-35	61	30	20	-29	cell = 368 to 375
26	1	37	-47	40	-52	24	-29	cell = 376 to 383
36	-16	22	-4	43	-4	0	-26	cell = 384 to 391
74	-34	10	-14	11	-20	50	-41	cell = 392 to 399
31	-8	44	-1	42	26	66	-52	cell = 400 to 407
58	-39	48	19	34	-24	55	-43	cell = 408 to 415
25	-5	71	9	46	-6	36	-19	cell = 416 to 423
47	5	42	-4	28	-34	23	-7	cell = 424 to 431
28	-12	17	4	66	9	59	-14	cell = 432 to 439
0	-12	64	-38	45	-27	57	-46	cell = 440 to 447
15	-15	68	-61	49	-40	78	-16	cell = 448 to 455
8	-23	50	-1	51	7	30	2	cell = 456 to 463
19	3	63	-7	27	27	47	10	cell = 464 to 471
55	5	38	-37	41	8	5	24	cell = 472 to 479
32	-27	57	-28	41	-36	-11	-12	cell = 480 to 487
45	-21	66	-28	19	-3	58	-4	cell = 488 to 495
86	-48	-38	-51	-35	-83	-36	-95	cell = 496 to 503
44	-40	10	4	-7	-22	21	-38	cell = 504 to 511
-2	-61	-49	14	3	4	-9	31	cell = 512 to 519
-55	-26	-47	-10	-51	-36	8	-19	cell = 520 to 527
-16	-50	-3	16	17	13	-6	-17	cell = 528 to 535
4	-6	-43	-65	-4	2	-7	-25	cell = 536 to 543
-48	-28	-21	-8	-52	23	-16	-34	cell = 544 to 551
-16	-17	-58	-28	-19	-21	22	-61	cell = 552 to 559
-24	-38	-25	-35	9	-4	-41	-4	cell = 560 to 567
8	-18	-47	-15	-25	-18	-12	4	cell = 568 to 575
-31	-15	-42	-1	-20	-25	-16	-18	cell = 576 to 583
-7	13	8	18	-47	4	-16	-20	cell = 584 to 591
-47	-15	-36	-30	-4	-30	32	5	cell = 592 to 599
-28	5	-28	-46	-23	31	-36	7	cell = 600 to 607
-4	-28	5	-49	-13	-40	-20	12	cell = 608 to 615
-45	-8	-32	-18	18	11	-12	-55	cell = 616 to 623
-19	-25	-37	-6	-33	-3	3	-29	cell = 624 to 631
-32	1	-4	2	-7	5	-11	-4	cell = 632 to 639
-22	14	-34	2	-37	-28	-34	-2	cell = 640 to 647
-15	7	-24	3	-12	-32	-16	9	cell = 648 to 655
-45	6	-47	-28	-13	-15	-62	-40	cell = 656 to 663
-81	-14	10	34	-13	-39	-22	4	cell = 664 to 671
6	3	-26	-15	1	-68	5	-22	cell = 672 to 679
24	-22	-16	3	-39	32	8	-24	cell = 680 to 687
10	-40	-19	3	-34	-64	-27	-20	cell = 688 to 695
-17	-33	1	0	-3	-11	-28	10	cell = 696 to 703
-28	-14	-3	-12	-5	-20	-29	-57	cell = 704 to 711
-61	-19	-28	-21	1	-11	-54	-18	cell = 712 to 719
-24	-21	-20	-40	0	-2	-20	-22	cell = 720 to 727
3	-32	33	5	-14	-25	-19	-23	cell = 728 to 735
10	-26	-28	9	-16	-2	-57	-39	cell = 736 to 743
-16	-4	-59	-26	-4	14	-42	-8	cell = 744 to 751
37	21	21	0	-1	0	29	8	cell = 752 to 759
-5	-16	-10	-28	-31	-17	-28	-12	cell = 760 to 767
26	-3	0	-26	-11	0	-27	-22	cell = 768 to 775
3	-50	-30	25	1	-6	-8	-32	cell = 776 to 783
-22	-21	-22	-4	-21	24	-39	-8	cell = 784 to 791
-61	-23	-39	-29	-31	-18	-51	-42	cell = 792 to 799
-18	-32	-39	-4	11	6	-43	2	cell = 800 to 807
-23	9	1	-18	7	-5	-23	0	cell = 808 to 815
-34	12	-24	-26	-23	10	-26	-49	cell = 816 to 823
-20	2	-30	25	-63	19	14	8	cell = 824 to 831
-35	-25	-16	-63	15	-13	-27	10	cell = 832 to 839
15	11	1	-43	-41	-6	-10	-47	cell = 840 to 847
11	-2	-27	8	-26	-18	2	3	cell = 848 to 855
-27	-21	-31	-5	-45	-45	-56	-40	cell = 856 to 863
-43	-2	9	-6	-9	-29	-31	0	cell = 864 to 871
15	-35	-28	14	-59	18	-36	0	cell = 872 to 879
-30	1	-18	-11	8	9	-27	-12	cell = 880 to 887
-11	-41	-22	36	-54	-58	-47	20	cell = 888 to 895
-23	-16	-18	4	21	15	0	22	cell = 896 to 903
-13	-3	-28	-47	16	0	-28	4	cell = 904 to 911
-31	6	12	-7	-43	-10	16	-26	cell = 912 to 919
-4	-22	-20	10	-66	-48	1	8	cell = 920 to 927
-20	9	-37	-32	-56	-3	-31	-11	cell = 928 to 935
-5	-5	-14	8	-17	24	-2	-6	cell = 936 to 943
-34	-3	0	-35	-9	-37	-2	-20	cell = 944 to 951
4	-21	5	4	-17	-22	16	-12	cell = 952 to 959
-50	7	4	11	9	4	-16	-13	cell = 960 to 967
-35	-15	-24	41	6	-38	-58	-23	cell = 968 to 975
-37	-7	-27	-10	11	-12	-35	-27	cell = 976 to 983
-44	-62	-4	-36	-13	-14	2	-26	cell = 984 to 991
-2	-43	1	-18	-44	-7	11	26	cell = 992 to 999
-52	-37	-3	-6	6	-1	-3	1	cell = 1000 to 1007
-37	-12	-28	-35	-58	-24	-26	-5	cell = 1008 to 1015
-27	17	-55	-19	-20	-14	-43	8	cell = 1016 to 1023
Calibration values from cell 0 to 1024 for channel 7:

14	31	10	-24	25	-24	1	-16	cell = 0 to 7
42	-42	27	16	0	11	37	-33	cell = 8 to 15
56	-57	38	-9	41	-18	56	1	cell = 16 to 23
70	-26	82	-9	5	3	49	-19	cell = 24 to 31
81	10	59	10	31	13	73	-1	cell = 32 to 39
9	5	43	-37	60	10	3	26	cell = 40 to 47
40	25	67	-14	98	-4	58	4	cell = 48 to 55
61	-10	37	-24	48	6	48	-17	cell = 56 to 63
47	-2	29	-30	49	-24	9	-22	cell = 64 to 71
47	7	13	-20	53	-32	51	-22	cell = 72 to 79
83	8	2	55	44	19	62	-32	cell = 80 to 87
24	19	58	-20	35	-16	57	-17	cell = 88 to 95
62	-5	48	-46	51	9	59	-10	cell = 96 to 103
32	7	19	0	5	3	57	-27	cell = 104 to 111
33	-40	33	9	13	7	15	-25	cell = 112 to 119
43	-50	63	-47	18	1	27	-46	cell = 120 to 127
68	2	32	0	61	-22	30	10	cell = 128 to 135
54	12	71	-19	24	5	77	8	cell = 136 to 143
-7	-7	3	-25	53	-14	47	3	cell = 144 to 151
38	1	52	4	66	8	50	-15	cell = 152 to 159
61	13	46	-5	23	-24	47	-31	cell = 160 to 167
48	0	45	-2	73	0	52	-4	cell = 168 to 175
36	12	51	-10	39	-3	33	-36	cell = 176 to 183
19	-43	24	21	40	-21	40	-11	cell = 184 to 191
67	18	27	-14	81	15	47	-14	cell = 192 to 199
58	-14	28	-18	76	-4	35	-34	cell = 200 to 207
61	-19	21	30	42	31	26	14	cell = 208 to 215
14	14	30	-34	13	-28	44	-11	cell = 216 to 223
40	1	33	-4	30	-14	53	-18	cell = 224 to 231
23	-13	43	3	33	-64	70	-24	cell = 232 to 239
70	37	34	-31	59	7	11	-31	cell = 240 to 247
51	-8	69	-41	55	-4	50	-45	cell = 248 to 255
54	-2	66	-10	50	-26	35	-17	cell = 256 to 263
69	-15	60	-38	-3	1	37	-51	cell = 264 to 271
40	-35	57	-30	14	-19	35	-19	cell = 272 to 279
29	-22	52	2	12	-1	30	16	cell = 280 to 287
74	-63	31	-3	50	-27	36	40	cell = 288 to 295
108	-39	34	-5	49	17	51	-16	cell = 296 to 303
35	-28	74	-8	38	43	45	-4	cell = 304 to 311
3	14	71	-5	40	-17	31	-8	cell = 312 to 319
67	1	84	3	-8	-33	86	2	cell = 320 to 327
62	-1	45	-31	9	-11	48	43	cell = 328 to 335
17	9	56	-8	47	12	74	-8	cell = 336 to 343
72	-10	44	-42	8	-21	54	-37	cell = 344 to 351
12	-26	25	36	45	26	74	10	cell = 352 to 359
13	-25	37	-29	52	-7	33	-2	cell = 360 to 367
40	-22	1	-8	-13	-7	54	-2	cell = 368 to 375
31	-11	36	10	65	-28	17	-51	cell = 376 to 383
57	39	69	-25	29	-12	6	-12	cell = 384 to 391
12	-41	92	33	10	20	32	3	cell = 392 to 399
2	-37	54	20	-13	0	53	7	cell = 400 to 407
36	-9	18	-33	58	-21	13	-2	cell = 408 to 415
20	7	44	6	5	11	52	-20	cell = 416 to 423
28	-25	45	-33	44	-21	-3	-48	cell = 424 to 431
21	0	60	-60	50	-14	49	31	cell = 432 to 439
80	4	19	-61	26	-3	19	-5	cell = 440 to 447
48	-46	99	-21	17	23	33	-12	cell = 448 to 455
60	11	57	-24	47	-12	45	14	cell = 456 to 463
30	-26	63	-29	29	-12	37	-27	cell = 464 to 471
-7	-52	71	-21	12	17	28	3	cell = 472 to 479
46	9	13	-30	76	-1	60	-43	cell = 480 to 487
39	-3	62	-11	44	0	45	-18	cell = 488 to 495
41	-42	-42	-73	-67	-87	-52	-112	cell = 496 to 503
40	24	71	4	52	-9	22	32	cell = 504 to 511
-12	-9	-31	-27	-23	8	-44	-36	cell = 512 to 519
-16	7	-44	-15	28	-74	13	3	cell = 520 to 527
-2	39	33	-38	-43	-8	-24	-20	cell = 528 to 535
-21	5	-8	8	-45	3	-24	2	cell = 536 to 543
-31	-36	-27	-32	-11	-40	-18	15	cell = 544 to 551
-39	-32	-2	6	4	-3	-54	-48	cell = 552 to 559
-22	-15	0	-34	13	-27	-62	-71	cell = 560 to 567
-27	-44	-1	-41	4	-33	-59	9	cell = 568 to 575
-53	3	-17	2	-28	-9	-15	-16	cell = 576 to 583
1	1	-25	25	-36	-17	-15	3	cell = 584 to 591
-25	8	-29	15	-1	-35	-27	-14	cell = 592 to 599
-9	-71	-15	-52	-16	-48	20	-14	cell = 600 to 607
-3	-21	-12	11	3	-9	-17	-27	cell = 608 to 615
2	-7	-14	-36	-13	5	-16	13	cell = 616 to 623
-11	-26	-27	-5	-26	22	-50	-44	cell = 624 to 631
-1	-12	-56	-64	-41	-23	-16	-35	cell = 632 to 639
-20	18	-31	-28	-36	-28	-20	-24	cell = 640 to 647
-7	-17	-7	-2	-35	2	-23	4	cell = 648 to 655
5	-7	16	-26	-19	-9	-56	-6	cell = 656 to 663
0	-36	-37	24	4	6	7	-18	cell = 664 to 671
4	-3	-16	22	-20	-35	0	-14	cell = 672 to 679
-8	-23	-14	-2	-2	-51	-64	-22	cell = 680 to 687
22	-46	-24	-29	3	-4	-11	-3	cell = 688 to 695
-22	2	6	10	-11	-17	-3	-9	cell = 696 to 703
-7	2	-11	0	-27	-25	-49	-24	cell = 704 to 711
-52	-33	14	-38	0	-17	-48	-8	cell = 712 to 719
9	-19	-39	11	6	-35	-36	-75	cell = 720 to 727
-53	1	-48	-42	8	21	-7	-23	cell = 728 to 735
-19	-8	-20	-25	-38	-20	-15	-34	cell = 736 to 743
15	-11	-61	-5	24	-20	-54	-6	cell = 744 to 751
-38	25	-22	31	13	-11	-49	-17	cell = 752 to 759
-46	-36	-9	-54	-2	-59	-54	-16	cell = 760 to 767
-63	-15	1	-34	-27	-2	-25	-48	cell = 768 to 775
-15	-47	6	18	12	-47	-61	-29	cell = 776 to 783
-20	-7	-3	-14	-31	-37	-49	-41	cell = 784 to 791
-2	-41	-3	48	8	-41	55	-17	cell = 792 to 799
6	-24	-24	0	6	-47	-10	0	cell = 800 to 807
-12	-4	-27	-23	0	-38	-29	12	cell = 808 to 815
-3	-36	32	-12	28	-12	-8	-2	cell = 816 to 823
33	21	-35	-25	-5	-31	7	1	cell = 824 to 831
-7	-27	-57	0	-24	-17	-24	2	cell = 832 to 839
-36	0	4	-10	1	4	-34	6	cell = 840 to 847
7	10	-22	18	-36	4	1	-24	cell = 848 to 855
4	12	-37	-10	-25	-7	-28	-17	cell = 856 to 863
20	21	22	-18	3	-33	-29	-8	cell = 864 to 871
-15	-20	-6	-16	-13	13	-52	30	cell = 872 to 879
-18	-26	-28	-19	-43	-8	-21	19	cell = 880 to 887
-30	6	-50	5	-41	-2	-5	-32	cell = 888 to 895
-2	-21	5	-64	-24	-4	-21	-1	cell = 896 to 903
-22	-23	-8	-12	-18	-47	15	-32	cell = 904 to 911
12	46	15	-46	5	-18	9	4	cell = 912 to 919
-20	-23	19	14	-37	-24	-14	-3	cell = 920 to 927
9	-9	-20	-20	0	0	2	3	cell = 928 to 935
-12	-7	45	14	-32	-27	-38	-7	cell = 936 to 943
3	-56	31	-18	-23	-19	-21	47	cell = 944 to 951
-45	-9	-11	10	29	-11	4	-24	cell = 952 to 959
-3	-4	-23	-5	-33	-3	-48	-20	cell = 960 to 967
-41	-2	-44	-8	15	-44	-27	-10	cell = 968 to 975
-3	-42	-6	-43	-37	-17	-33	-23	cell = 976 to 983
-20	-50	-2	-12	-49	-8	-66	-5	cell = 984 to 991
-6	25	-40	-20	-24	-47	-6	-4	cell = 992 to 999
-14	-8	-24	12	-6	-2	5	8	cell = 1000 to 1007
18	-10	0	-11	-61	-13	-12	-35	cell = 1008 to 1015
-9	-42	-2	-4	-40	-18	-19	4	cell = 1016 to 1023
Calibration values from cell 0 to 1024 for channel 8:

108	-15	62	15	35	-29	12	3	cell = 0 to 7
7	-26	35	-9	34	6	57	2	cell = 8 to 15
81	-15	91	37	16	-12	31	24	cell = 16 to 23
-4	0	52	-51	30	18	44	-41	cell = 24 to 31
31	10	82	-11	65	21	61	5	cell = 32 to 39
49	-13	93	-55	62	1	73	-3	cell = 40 to 47
45	-26	63	21	73	6	57	-15	cell = 48 to 55
66	-29	14	-30	46	3	4	-5	cell = 56 to 63
12	-24	23	16	59	11	33	-24	cell = 64 to 71
31	3	38	30	53	22	56	-34	cell = 72 to 79
52	1	61	0	44	19	24	16	cell = 80 to 87
56	-3	72	-53	44	-12	30	-14	cell = 88 to 95
42	4	49	0	27	6	36	-7	cell = 96 to 103
59	-49	48	-15	81	6	83	-48	cell = 104 to 111
47	-42	82	-39	50	-8	53	-9	cell = 112 to 119
20	6	73	10	55	-10	71	-22	cell = 120 to 127
29	24	63	-8	54	-5	108	-37	cell = 128 to 135
8	-21	61	19	58	-18	43	-36	cell = 136 to 143
54	0	45	-14	28	15	4	-7	cell = 144 to 151
24	-15	47	8	24	-38	99	15	cell = 152 to 159
53	-6	85	-17	34	4	63	-19	cell = 160 to 167
42	-14	44	-39	72	-36	74	3	cell = 168 to 175
62	10	32	-7	27	-27	40	-9	cell = 176 to 183
60	-16	67	0	38	8	44	-25	cell = 184 to 191
36	21	74	24	31	-6	2	-28	cell = 192 to 199
17	3	24	-21	33	-4	44	-34	cell = 200 to 207
61	-10	72	-3	55	37	50	-5	cell = 208 to 215
40	2	79	-16	47	5	46	-42	cell = 216 to 223
22	-35	38	-11	64	-13	23	-19	cell = 224 to 231
27	-49	55	-58	41	-25	66	1	cell = 232 to 239
60	-21	73	-7	24	5	30	-36	cell = 240 to 247
38	-23	73	-41	85	0	41	-26	cell = 248 to 255
22	-4	28	0	59	-40	47	-28	cell = 256 to 263
42	28	31	9	83	-4	32	-25	cell = 264 to 271
33	9	-11	-32	36	-5	37	44	cell = 272 to 279
35	8	86	-14	21	-23	47	17	cell = 280 to 287
18	-40	38	23	27	3	72	14	cell = 288 to 295
32	-35	29	-69	49	33	61	26	cell = 296 to 303
67	-24	65	-16	53	-18	50	-14	cell = 304 to 311
25	-17	50	-24	24	7	41	-24	cell = 312 to 319
49	17	38	-50	86	-8	34	-5	cell = 320 to 327
16	-5	74	7	59	-6	13	-47	cell = 328 to 335
31	-27	61	-25	59	27	53	-15	cell = 336 to 343
17	-28	31	-5	48	-20	42	-10	cell = 344 to 351
61	-6	75	0	71	31	96	-21	cell = 352 to 359
43	-12	44	-38	18	-25	52	-10	cell = 360 to 367
11	7	54	-7	78	90	45	12	cell = 368 to 375
15	-12	57	-62	35	-6	44	-24	cell = 376 to 383
38	3	55	-3	53	-19	37	3	cell = 384 to 391
70	12	60	19	65	14	69	-36	cell = 392 to 399
44	-16	21	-66	59	-21	17	-9	cell = 400 to 407
65	22	29	-22	66	-14	56	-10	cell = 408 to 415
25	-8	79	-28	49	-43	49	-2	cell = 416 to 423
46	-37	73	-20	33	-7	97	-9	cell = 424 to 431
15	-8	45	-60	28	4	42	-19	cell = 432 to 439
36	-29	40	-5	79	-14	58	49	cell = 440 to 447
69	2	54	36	27	-11	45	-14	cell = 448 to 455
51	-16	28	-18	30	-18	55	9	cell = 456 to 463
16	8	51	-14	49	11	50	7	cell = 464 to 471
-6	-14	25	-5	34	-20	67	-14	cell = 472 to 479
73	-22	67	-8	18	-11	45	9	cell = 480 to 487
60	27	22	-37	-14	36	66	-24	cell = 488 to 495
61	-4	-19	-90	-5	-46	-2	-90	cell = 496 to 503
46	-44	25	-42	55	-27	60	30	cell = 504 to 511
-27	19	-32	18	-30	1	-9	-36	cell = 512 to 519
-34	-24	-27	-29	-8	5	-9	-20	cell = 520 to 527
-42	-23	-21	-20	-24	-5	-19	-20	cell = 528 to 535
-27	3	-31	-30	-20	-15	11	16	cell = 536 to 543
16	-35	-35	7	-19	-25	-12	-55	cell = 544 to 551
-32	7	-35	-16	-14	15	-27	-7	cell = 552 to 559
-50	-25	-38	27	-17	-27	0	-30	cell = 560 to 567
6	-25	-15	-20	18	-37	-26	6	cell = 568 to 575
-8	-5	-18	-9	-76	7	-38	7	cell = 576 to 583
-19	-32	-13	27	-19	-24	-35	-19	cell = 584 to 591
-15	-26	-51	-17	-19	-14	-45	-36	cell = 592 to 599
-17	-17	-19	-17	-4	-41	-18	-6	cell = 600 to 607
-10	-42	-14	-4	-30	-13	-60	24	cell = 608 to 615
-18	-14	-8	19	-65	-28	-13	-1	cell = 616 to 623
-44	-13	-18	-1	-26	-33	-42	-18	cell = 624 to 631
6	-19	-57	14	-37	-16	-16	-25	cell = 632 to 639
4	-30	24	-11	-25	-16	-14	-26	cell = 640 to 647
-45	-12	-46	0	21	-34	5	4	cell = 648 to 655
-55	-15	-27	-29	-11	-30	-44	-8	cell = 656 to 663
-36	3	-17	-30	-5	1	9	-19	cell = 664 to 671
0	-4	-20	-29	-6	-40	-51	-50	cell = 672 to 679
-15	5	-4	-10	0	-40	-36	1	cell = 680 to 687
-3	1	-56	12	-27	-11	-19	-2	cell = 688 to 695
-5	-31	-32	-19	-5	-27	-41	-12	cell = 696 to 703
-2	4	-34	-39	-57	-15	-21	-9	cell = 704 to 711
-62	-62	-4	-29	-19	-28	-33	-5	cell = 712 to 719
-11	-12	-32	0	-22	-59	28	4	cell = 720 to 727
-37	-2	-10	-4	-18	-6	-11	-18	cell = 728 to 735
6	2	-14	-31	2	14	-26	12	cell = 736 to 743
-34	-38	-26	-14	-24	-35	-26	-11	cell = 744 to 751
2	-17	-43	0	-39	-32	-52	-14	cell = 752 to 759
-50	-9	19	-17	1	-9	-48	26	cell = 760 to 767
-27	-52	4	-12	1	6	-26	-31	cell = 768 to 775
-38	-31	-23	-58	-21	-31	-18	-17	cell = 776 to 783
-60	-34	19	-36	-39	18	9	-57	cell = 784 to 791
-3	-38	-32	-3	-5	-67	-51	-48	cell = 792 to 799
15	-32	-24	-2	-47	-27	-54	9	cell = 800 to 807
-13	-9	-16	-32	3	-42	0	-21	cell = 808 to 815
-21	-16	-15	-5	-5	-18	-11	1	cell = 816 to 823
-40	-19	-23	6	-22	-27	-30	9	cell = 824 to 831
-17	-57	-38	-19	-48	-18	-19	28	cell = 832 to 839
4	-57	19	-30	-46	-7	-46	-3	cell = 840 to 847
-10	-42	-35	-12	2	-12	-21	5	cell = 848 to 855
-44	-22	-17	-36	-7	-2	-39	1	cell = 856 to 863
10	-17	-61	-37	-29	-41	-15	-49	cell = 864 to 871
-39	-20	-8	-20	-33	-22	16	-51	cell = 872 to 879
-29	-36	-16	17	-36	-29	-27	-47	cell = 880 to 887
-24	20	-28	-29	-27	13	-4	-21	cell = 888 to 895
-25	-9	-13	-23	-13	-31	-36	-22	cell = 896 to 903
-20	-18	-35	-18	-35	4	-40	-27	cell = 904 to 911
0	-21	-30	-32	-2	-27	-12	-33	cell = 912 to 919
-31	-42	-6	-22	2	-20	-51	-33	cell = 920 to 927
-1	-19	-23	3	-24	3	25	-38	cell = 928 to 935
-11	8	-7	-9	26	-22	-44	24	cell = 936 to 943
-12	-31	-49	22	4	19	-5	0	cell = 944 to 951
-19	-17	26	-4	10	-9	-13	20	cell = 952 to 959
-33	-31	-14	16	13	-31	32	9	cell = 960 to 967
-63	-23	2	-18	-6	-17	7	-10	cell = 968 to 975
-22	-37	-26	-24	-17	-19	-49	-34	cell = 976 to 983
-16	-57	-13	-42	-29	-54	-72	-4	cell = 984 to 991
12	-2	-24	-21	8	-10	-4	-1	cell = 992 to 999
-27	-36	-45	-22	5	3	-12	-9	cell = 1000 to 1007
9	15	-9	-29	2	-23	37	-37	cell = 1008 to 1015
1	-25	-53	9	-18	-53	-55	5	cell = 1016 to 1023
