Calibration values from cell 0 to 1024 for channel 0:

30	11	31	30	50	-41	52	-13	cell = 0 to 7
33	19	22	-29	31	-5	31	-14	cell = 8 to 15
66	-21	27	-20	21	-8	33	-22	cell = 16 to 23
26	7	36	-15	25	0	64	52	cell = 24 to 31
36	17	20	-28	-6	-23	15	-10	cell = 32 to 39
46	-38	33	-7	48	33	74	-1	cell = 40 to 47
70	31	59	-13	15	27	57	18	cell = 48 to 55
58	-7	50	-24	57	-19	60	-5	cell = 56 to 63
18	9	22	-6	70	13	41	47	cell = 64 to 71
75	6	66	-12	28	-8	47	-12	cell = 72 to 79
41	-32	30	-30	33	-14	50	-23	cell = 80 to 87
60	-11	-10	-40	12	-12	21	-23	cell = 88 to 95
67	-24	42	10	23	-10	63	-25	cell = 96 to 103
32	-20	46	15	14	12	29	-35	cell = 104 to 111
51	-30	41	-25	48	-12	67	-32	cell = 112 to 119
49	17	44	-28	12	-6	13	4	cell = 120 to 127
66	12	57	-20	73	-11	36	40	cell = 128 to 135
80	-15	64	-12	58	-15	43	-69	cell = 136 to 143
27	23	49	-35	56	-30	35	29	cell = 144 to 151
26	21	67	-15	21	-28	12	-44	cell = 152 to 159
51	17	51	-5	59	8	29	-17	cell = 160 to 167
93	0	14	12	32	-53	61	5	cell = 168 to 175
50	23	57	-18	60	-29	31	-64	cell = 176 to 183
28	-2	53	-10	44	8	41	-10	cell = 184 to 191
35	20	34	-31	52	28	46	-18	cell = 192 to 199
47	-17	52	-24	66	-47	4	-4	cell = 200 to 207
41	30	81	-2	35	-37	19	-22	cell = 208 to 215
73	-28	22	-19	33	-13	81	-3	cell = 216 to 223
4	-24	68	2	75	-31	19	6	cell = 224 to 231
16	12	66	32	74	8	49	-7	cell = 232 to 239
79	-13	52	-26	52	-2	71	-25	cell = 240 to 247
28	13	43	-34	11	-33	65	-15	cell = 248 to 255
36	-24	48	-25	43	20	31	-30	cell = 256 to 263
73	-10	42	-8	45	-5	33	15	cell = 264 to 271
48	14	26	27	58	6	89	-9	cell = 272 to 279
23	-19	45	21	50	-6	48	-26	cell = 280 to 287
-6	30	69	-4	33	-12	28	-35	cell = 288 to 295
38	17	69	-40	43	-17	82	-20	cell = 296 to 303
75	-4	83	-21	42	4	63	-14	cell = 304 to 311
22	-27	65	-64	79	-53	23	-15	cell = 312 to 319
40	-9	70	4	55	-25	38	-14	cell = 320 to 327
45	34	49	-52	35	-12	53	-25	cell = 328 to 335
22	-5	52	-13	17	15	19	3	cell = 336 to 343
19	-54	78	-13	54	-3	81	-6	cell = 344 to 351
38	-3	41	-2	48	13	49	13	cell = 352 to 359
93	-3	40	-12	8	28	31	19	cell = 360 to 367
19	-24	52	21	43	26	25	-20	cell = 368 to 375
30	-24	28	6	40	-21	40	-41	cell = 376 to 383
21	18	82	6	22	3	83	-36	cell = 384 to 391
61	-23	38	1	6	-10	42	-35	cell = 392 to 399
53	-20	22	-50	38	29	58	14	cell = 400 to 407
28	39	11	-6	67	4	27	-24	cell = 408 to 415
20	33	26	-26	11	1	31	22	cell = 416 to 423
39	-6	61	11	49	8	26	-14	cell = 424 to 431
32	-22	42	-21	30	-12	25	2	cell = 432 to 439
22	13	28	1	43	-29	25	-35	cell = 440 to 447
18	-15	34	19	17	-26	41	-41	cell = 448 to 455
23	-13	32	8	25	20	27	-14	cell = 456 to 463
45	38	83	-17	48	-26	36	-44	cell = 464 to 471
10	29	0	-37	52	39	89	17	cell = 472 to 479
-5	21	61	8	30	-23	49	-10	cell = 480 to 487
-3	6	32	-6	64	22	21	19	cell = 488 to 495
40	43	-32	-74	-26	-47	-16	-92	cell = 496 to 503
58	15	59	-17	-6	42	56	9	cell = 504 to 511
20	-63	26	-6	-13	-3	-16	-13	cell = 512 to 519
-54	9	-15	6	23	-40	8	-16	cell = 520 to 527
15	-10	-29	-39	-19	-44	16	7	cell = 528 to 535
-8	-9	12	4	-8	-23	4	-15	cell = 536 to 543
-56	-10	2	13	-5	-16	10	23	cell = 544 to 551
-4	-27	-43	-29	-6	11	-36	4	cell = 552 to 559
-10	-18	-21	-1	-34	17	-20	-43	cell = 560 to 567
-26	-8	-20	-13	-19	16	-20	-37	cell = 568 to 575
14	-21	-11	8	-12	-9	5	-26	cell = 576 to 583
-58	-59	-18	-4	-40	-79	-19	-3	cell = 584 to 591
-21	-18	-26	12	-32	-8	-27	-11	cell = 592 to 599
7	-1	9	-36	1	-10	15	-34	cell = 600 to 607
15	-55	-8	-5	-8	24	2	39	cell = 608 to 615
8	-1	-45	13	-28	-28	-37	-2	cell = 616 to 623
-4	-5	-24	-14	-14	-27	-51	-10	cell = 624 to 631
1	-18	-26	-34	-20	17	-20	-3	cell = 632 to 639
-27	-38	-13	9	-39	-4	-3	-8	cell = 640 to 647
-11	-34	-16	-46	-15	-18	-2	-8	cell = 648 to 655
-13	1	-17	4	3	-35	-37	-13	cell = 656 to 663
-26	8	-23	-36	-13	0	1	10	cell = 664 to 671
-18	-8	-17	-8	-28	8	-20	-19	cell = 672 to 679
4	1	-43	-43	1	-31	32	13	cell = 680 to 687
-2	-9	-28	0	22	-13	-45	-7	cell = 688 to 695
-33	30	-33	21	-27	-22	-8	-37	cell = 696 to 703
2	-17	-30	-5	-2	-3	-37	-3	cell = 704 to 711
4	-41	-66	-28	11	-9	-4	-37	cell = 712 to 719
-37	-24	-7	-50	0	-54	-39	-17	cell = 720 to 727
-29	-37	-28	8	-37	11	-63	-32	cell = 728 to 735
-46	30	-1	12	-18	-43	-17	-25	cell = 736 to 743
-26	11	-29	-28	-28	-13	-23	-47	cell = 744 to 751
-13	26	1	-29	-33	0	-34	-26	cell = 752 to 759
8	0	-41	-30	-55	-26	-22	-9	cell = 760 to 767
-21	-10	16	-35	5	-56	-30	-25	cell = 768 to 775
-42	-33	3	-40	-12	3	-19	-4	cell = 776 to 783
3	-26	-3	-2	2	-44	-11	-10	cell = 784 to 791
-10	-33	-42	-7	5	-35	-21	-13	cell = 792 to 799
-9	-36	-25	-48	-20	-26	-9	-27	cell = 800 to 807
-19	-22	-21	-39	-20	-57	-19	0	cell = 808 to 815
-33	-7	-36	-19	10	0	-4	-48	cell = 816 to 823
-7	-49	-12	-18	-13	-13	-33	-3	cell = 824 to 831
-52	10	-26	35	-3	-23	-49	-7	cell = 832 to 839
-11	-49	-32	-10	-23	-24	-23	-9	cell = 840 to 847
-34	0	-29	-26	-18	-59	-47	-13	cell = 848 to 855
-37	0	31	-44	-3	-2	-29	-6	cell = 856 to 863
-53	-8	-8	9	-6	-13	-16	9	cell = 864 to 871
-13	11	-48	27	-32	-6	14	-20	cell = 872 to 879
-57	-32	-25	15	-3	-30	36	-31	cell = 880 to 887
-51	-17	-53	-49	-33	-7	-3	40	cell = 888 to 895
-49	-9	-53	14	-32	-21	-39	-19	cell = 896 to 903
-11	-38	-36	-25	-52	15	-33	-6	cell = 904 to 911
-23	-10	-12	-2	-12	-45	5	-57	cell = 912 to 919
4	-23	-35	-29	-9	3	-18	-31	cell = 920 to 927
-42	-34	-30	-17	-22	-10	-26	6	cell = 928 to 935
5	-58	-56	-51	4	-53	-61	24	cell = 936 to 943
-7	6	-39	-22	39	-25	-44	-25	cell = 944 to 951
-47	-24	-45	-11	-25	-6	-52	-40	cell = 952 to 959
13	-15	-23	-17	13	1	8	-25	cell = 960 to 967
-21	-6	-16	16	-22	-20	-20	12	cell = 968 to 975
-1	-29	-47	0	-4	-27	-58	5	cell = 976 to 983
-16	-43	-8	17	-5	-46	-14	-31	cell = 984 to 991
-14	-4	-53	-26	6	-9	-31	-17	cell = 992 to 999
-10	-9	-18	-13	-18	-13	-19	-4	cell = 1000 to 1007
-48	-25	7	-1	-77	-46	-45	-30	cell = 1008 to 1015
18	-21	23	-9	-87	-36	-17	13	cell = 1016 to 1023
Calibration values from cell 0 to 1024 for channel 1:

48	-21	54	9	61	9	44	-31	cell = 0 to 7
64	-20	36	-57	26	-20	40	-33	cell = 8 to 15
9	15	63	0	61	-8	-2	-20	cell = 16 to 23
56	-28	63	-15	69	1	45	-17	cell = 24 to 31
20	54	25	-25	21	-9	31	6	cell = 32 to 39
40	0	27	-55	51	34	64	-46	cell = 40 to 47
66	-39	52	-14	10	-11	52	-41	cell = 48 to 55
49	-12	46	-9	40	-31	41	-19	cell = 56 to 63
46	-25	82	-30	48	-4	64	-16	cell = 64 to 71
52	1	75	-5	7	6	10	-21	cell = 72 to 79
27	-2	11	-20	61	-8	24	8	cell = 80 to 87
66	14	60	3	13	-20	79	-21	cell = 88 to 95
5	-15	58	0	19	-25	21	-20	cell = 96 to 103
53	17	49	-15	39	1	59	15	cell = 104 to 111
33	17	38	11	8	-38	41	-22	cell = 112 to 119
52	-48	44	-7	58	-2	41	28	cell = 120 to 127
23	0	63	-19	52	-19	87	4	cell = 128 to 135
37	-22	55	27	73	32	39	-17	cell = 136 to 143
55	16	-14	-20	1	6	54	-19	cell = 144 to 151
40	-40	61	-15	15	24	55	-25	cell = 152 to 159
40	-8	55	-21	10	4	42	-59	cell = 160 to 167
10	-36	43	-16	42	1	83	3	cell = 168 to 175
32	-37	66	-43	18	23	53	0	cell = 176 to 183
25	17	66	-17	67	-33	104	-4	cell = 184 to 191
27	19	27	-26	54	1	21	-36	cell = 192 to 199
37	11	35	-13	60	-25	68	-34	cell = 200 to 207
74	-2	64	13	40	-6	69	-26	cell = 208 to 215
26	17	38	-2	51	-50	45	7	cell = 216 to 223
27	-7	27	8	53	-29	46	-17	cell = 224 to 231
37	-27	76	-11	21	-12	58	-19	cell = 232 to 239
46	-23	65	-15	71	5	53	0	cell = 240 to 247
42	-14	16	10	34	-13	26	15	cell = 248 to 255
40	23	75	-4	11	-8	31	19	cell = 256 to 263
25	-28	47	-47	30	-50	42	-8	cell = 264 to 271
63	-41	49	0	44	-4	61	-35	cell = 272 to 279
44	0	70	-15	38	11	32	-35	cell = 280 to 287
72	16	35	-17	41	43	30	7	cell = 288 to 295
40	14	-5	-30	26	-7	43	-9	cell = 296 to 303
71	42	43	-2	42	-17	32	-54	cell = 304 to 311
33	-10	93	-21	34	5	49	-20	cell = 312 to 319
32	12	45	-5	30	3	52	-31	cell = 320 to 327
20	-39	41	-16	42	7	71	-12	cell = 328 to 335
54	-26	41	-46	25	9	89	-5	cell = 336 to 343
43	-14	13	16	49	-24	37	2	cell = 344 to 351
43	25	59	-14	31	11	62	7	cell = 352 to 359
14	8	65	-45	28	23	50	-12	cell = 360 to 367
59	-14	66	-12	41	-10	58	-16	cell = 368 to 375
38	-3	40	-2	23	-9	65	-14	cell = 376 to 383
39	0	23	9	50	6	40	-7	cell = 384 to 391
22	15	60	3	16	-45	25	7	cell = 392 to 399
27	31	24	-13	41	24	45	-25	cell = 400 to 407
30	-4	32	22	41	-27	52	13	cell = 408 to 415
26	-25	38	22	61	8	28	9	cell = 416 to 423
58	28	57	0	52	43	43	-12	cell = 424 to 431
0	0	92	-18	61	-10	13	21	cell = 432 to 439
35	-25	29	-28	28	50	63	-16	cell = 440 to 447
63	11	65	-6	19	26	51	9	cell = 448 to 455
52	19	75	-35	20	-6	47	-31	cell = 456 to 463
52	10	23	-14	12	12	45	7	cell = 464 to 471
5	30	52	-18	41	-6	8	-25	cell = 472 to 479
69	16	54	-12	78	2	-7	-41	cell = 480 to 487
45	2	26	-14	63	-47	72	-41	cell = 488 to 495
32	8	-15	-99	-19	-95	-23	-115	cell = 496 to 503
19	-44	37	2	75	27	56	-2	cell = 504 to 511
-22	-18	-23	-18	-10	-3	-46	-23	cell = 512 to 519
-43	-28	-6	-43	-16	-43	4	-48	cell = 520 to 527
4	0	28	-42	-34	-4	-18	12	cell = 528 to 535
-27	-43	-55	-38	1	8	-9	-4	cell = 536 to 543
-16	-30	3	13	6	-10	-30	-10	cell = 544 to 551
-10	-21	-35	-25	-15	-15	10	-11	cell = 552 to 559
64	-21	-22	-22	10	-45	-35	-56	cell = 560 to 567
-14	-42	-56	-11	-6	-37	4	-27	cell = 568 to 575
-26	-24	-37	1	-29	-11	0	-24	cell = 576 to 583
-42	2	-38	29	-26	-20	-7	3	cell = 584 to 591
4	-48	0	-10	17	-3	2	10	cell = 592 to 599
-32	-44	-50	-32	0	-12	3	-13	cell = 600 to 607
-11	-53	17	17	-16	-18	-40	-4	cell = 608 to 615
-36	6	-19	-40	-7	-18	-16	-12	cell = 616 to 623
-16	6	-5	23	-25	-19	-22	-16	cell = 624 to 631
-37	-36	-28	-26	-52	9	-25	-4	cell = 632 to 639
25	-16	-12	5	-31	-19	-27	12	cell = 640 to 647
-31	6	-15	-44	-10	7	-13	-13	cell = 648 to 655
-17	-7	2	-6	-20	-6	-23	-5	cell = 656 to 663
-43	-51	-15	-11	-40	-9	-49	-45	cell = 664 to 671
-25	21	-23	-5	-17	-25	-40	-29	cell = 672 to 679
-25	-18	-14	-20	2	-25	-1	-15	cell = 680 to 687
-48	-1	-51	-41	-21	-16	-38	-28	cell = 688 to 695
-17	2	-17	-19	-8	8	-37	-14	cell = 696 to 703
-11	-44	10	-2	-40	0	-41	-5	cell = 704 to 711
-14	8	-11	-2	-39	-48	-34	12	cell = 712 to 719
-22	-25	-33	-20	-2	-31	-17	-3	cell = 720 to 727
-24	-17	2	-25	-47	-45	-39	-23	cell = 728 to 735
-22	-38	-55	-5	-11	-43	-6	26	cell = 736 to 743
-61	-10	-43	-37	-11	-11	-25	-32	cell = 744 to 751
11	25	-19	-6	9	8	-29	36	cell = 752 to 759
7	-23	-61	-22	-22	-29	-19	-36	cell = 760 to 767
-11	18	26	-35	45	-26	-28	0	cell = 768 to 775
-39	-35	-53	-20	-35	18	-35	-1	cell = 776 to 783
-14	-25	-28	0	-6	-35	-80	22	cell = 784 to 791
-30	-14	-22	-46	-24	5	-29	10	cell = 792 to 799
8	3	-9	-10	-24	-13	-64	26	cell = 800 to 807
1	-17	-35	-2	-4	-47	-11	32	cell = 808 to 815
-10	-39	-9	-9	-16	6	-68	5	cell = 816 to 823
-43	-16	-10	-13	-49	-6	-30	-13	cell = 824 to 831
-3	-2	-6	15	-24	-39	-8	-26	cell = 832 to 839
-53	-29	55	3	-32	-22	-18	-11	cell = 840 to 847
10	-26	-3	-10	-23	-42	-46	-54	cell = 848 to 855
-4	10	1	4	-11	-33	13	-21	cell = 856 to 863
-26	-5	-28	5	-30	-12	-32	-21	cell = 864 to 871
-17	-22	-26	39	-71	-44	9	1	cell = 872 to 879
-20	9	-15	-20	-16	-32	-10	35	cell = 880 to 887
-43	-41	-16	0	-18	18	-56	13	cell = 888 to 895
-5	-18	-5	-30	-19	-28	-34	14	cell = 896 to 903
-51	-19	1	-2	-10	4	-18	16	cell = 904 to 911
-24	33	-38	-29	-28	17	4	2	cell = 912 to 919
-1	-8	-58	-18	-6	-22	-42	-15	cell = 920 to 927
-13	9	8	-17	-10	-13	4	-21	cell = 928 to 935
-38	-15	-23	-55	-9	8	-36	-21	cell = 936 to 943
-35	-24	-38	-7	-18	13	-25	-30	cell = 944 to 951
26	-33	-49	14	-6	12	-38	8	cell = 952 to 959
-29	-11	-8	-35	-12	-51	-21	-30	cell = 960 to 967
-26	12	-31	-23	-24	-3	-27	-12	cell = 968 to 975
-5	-22	-43	-37	-15	-6	-39	-2	cell = 976 to 983
-48	-21	-27	-1	15	17	-23	-51	cell = 984 to 991
-27	-10	-53	-3	1	25	-77	-30	cell = 992 to 999
-5	-17	-26	-25	-26	13	-16	-17	cell = 1000 to 1007
-67	-26	-43	0	10	-31	-60	-39	cell = 1008 to 1015
-21	-10	0	-25	4	35	-49	3	cell = 1016 to 1023
Calibration values from cell 0 to 1024 for channel 2:

44	-9	57	11	67	-15	5	-13	cell = 0 to 7
57	-19	27	-5	30	-9	75	11	cell = 8 to 15
30	9	13	25	40	-3	56	-39	cell = 16 to 23
20	-2	38	-3	45	27	42	-8	cell = 24 to 31
22	6	24	-15	45	-19	53	13	cell = 32 to 39
50	11	62	-22	25	-6	37	-4	cell = 40 to 47
30	-19	32	-10	39	-32	68	-10	cell = 48 to 55
38	-34	11	-11	35	-6	92	12	cell = 56 to 63
40	6	51	12	13	0	39	-46	cell = 64 to 71
60	-3	-1	16	-8	-1	46	-27	cell = 72 to 79
30	12	62	-9	40	-1	54	-16	cell = 80 to 87
35	23	50	3	50	24	67	-33	cell = 88 to 95
61	8	38	-11	31	17	33	-23	cell = 96 to 103
34	-24	31	27	49	10	75	-45	cell = 104 to 111
64	-10	49	-27	19	54	49	19	cell = 112 to 119
27	3	6	-26	40	-4	78	14	cell = 120 to 127
40	13	36	-17	32	-8	23	-23	cell = 128 to 135
47	-13	43	8	28	-3	33	-2	cell = 136 to 143
79	-2	28	-35	-7	23	56	-25	cell = 144 to 151
36	-4	71	-28	42	13	45	3	cell = 152 to 159
48	10	32	-9	47	-4	65	9	cell = 160 to 167
36	-45	52	-2	34	-13	25	-19	cell = 168 to 175
49	-15	29	-56	82	29	1	-11	cell = 176 to 183
5	-10	59	-16	46	-13	76	18	cell = 184 to 191
67	-24	74	4	8	2	18	-26	cell = 192 to 199
48	10	42	18	72	13	74	-47	cell = 200 to 207
35	12	49	18	36	1	56	2	cell = 208 to 215
10	-36	0	-33	43	-23	41	2	cell = 216 to 223
40	-29	30	-23	46	3	19	-22	cell = 224 to 231
77	7	39	24	-4	-7	53	-3	cell = 232 to 239
67	-3	41	-20	28	-16	75	-20	cell = 240 to 247
31	-39	52	-13	27	6	46	-45	cell = 248 to 255
57	1	47	3	50	-3	16	-16	cell = 256 to 263
16	13	64	21	34	4	17	7	cell = 264 to 271
34	-18	73	-3	68	-6	34	-26	cell = 272 to 279
53	-18	43	1	25	25	72	-45	cell = 280 to 287
44	-16	54	6	72	-5	81	18	cell = 288 to 295
34	4	62	4	55	-13	28	-28	cell = 296 to 303
16	-22	57	-5	0	-4	17	-23	cell = 304 to 311
37	-6	72	28	38	-28	51	-3	cell = 312 to 319
69	-3	13	-19	55	25	42	-25	cell = 320 to 327
12	-22	48	-40	5	-24	54	-19	cell = 328 to 335
27	-10	14	-20	54	-12	37	-9	cell = 336 to 343
44	5	50	-39	36	-21	59	0	cell = 344 to 351
43	16	48	9	26	13	26	38	cell = 352 to 359
67	-16	30	-16	-5	23	31	-11	cell = 360 to 367
44	5	72	-23	25	27	45	-18	cell = 368 to 375
47	20	44	-37	-2	-17	48	-9	cell = 376 to 383
8	-7	45	-27	18	18	13	-21	cell = 384 to 391
34	-21	72	-5	39	-4	45	-31	cell = 392 to 399
6	-5	36	-5	33	23	1	13	cell = 400 to 407
30	10	73	-35	74	-16	11	-11	cell = 408 to 415
85	7	18	-22	35	15	15	6	cell = 416 to 423
49	22	44	11	23	-23	38	-34	cell = 424 to 431
47	-13	89	-24	38	-17	47	-27	cell = 432 to 439
26	-19	37	-14	61	21	26	16	cell = 440 to 447
62	-21	98	2	34	20	52	-17	cell = 448 to 455
46	-4	42	1	11	2	47	-3	cell = 456 to 463
42	-25	46	36	24	26	69	9	cell = 464 to 471
46	24	35	0	36	-23	14	11	cell = 472 to 479
35	20	34	-11	14	-15	62	-31	cell = 480 to 487
49	-5	29	17	47	21	43	-9	cell = 488 to 495
27	16	-21	-85	-43	-100	-25	-52	cell = 496 to 503
50	-8	65	-54	43	-8	92	2	cell = 504 to 511
-52	-5	1	-13	13	-5	4	3	cell = 512 to 519
-22	2	-16	3	-59	-1	-18	-10	cell = 520 to 527
-9	-27	-12	1	-30	-33	-59	7	cell = 528 to 535
-8	-14	-42	-24	-26	-10	-29	-36	cell = 536 to 543
-50	10	-52	4	-1	-5	-8	-8	cell = 544 to 551
-3	-14	-17	-8	-16	-12	-26	-31	cell = 552 to 559
-40	-2	9	-5	-8	-43	6	-37	cell = 560 to 567
-15	-31	-43	-9	-25	-35	-20	16	cell = 568 to 575
-45	11	-32	-18	30	-24	-24	-3	cell = 576 to 583
-20	22	-42	-20	-20	-20	-40	-17	cell = 584 to 591
-14	-16	0	-38	15	-15	27	-31	cell = 592 to 599
21	-4	-70	-5	-2	-18	2	-12	cell = 600 to 607
-16	-8	-63	36	-4	-9	-9	-2	cell = 608 to 615
-4	24	-55	-48	-28	-14	-17	-11	cell = 616 to 623
-24	-35	-16	-34	4	-9	15	11	cell = 624 to 631
-43	-11	-41	-41	-26	-5	-47	-9	cell = 632 to 639
-53	-67	-12	13	-15	-35	-26	-15	cell = 640 to 647
-37	-21	-41	-22	-18	21	-12	-12	cell = 648 to 655
-1	-33	-14	-19	-6	-47	-11	-35	cell = 656 to 663
7	-32	6	8	-26	-53	-52	9	cell = 664 to 671
-16	-42	-19	-75	-51	-7	-27	-9	cell = 672 to 679
-20	-3	-3	19	-35	-9	-7	21	cell = 680 to 687
2	-5	-14	-22	1	21	-57	-10	cell = 688 to 695
32	-10	-34	-32	15	-22	-3	-15	cell = 696 to 703
-42	34	-62	-21	-45	-63	-26	21	cell = 704 to 711
-30	-42	-18	-16	29	-4	8	-21	cell = 712 to 719
-31	-14	-52	8	-20	-21	-44	-9	cell = 720 to 727
-45	9	-23	-34	4	-32	-19	-24	cell = 728 to 735
-30	-8	-9	-18	-3	4	-13	-51	cell = 736 to 743
-46	-47	-11	-33	-24	-21	-10	-24	cell = 744 to 751
-56	-33	-12	-26	2	1	-15	-5	cell = 752 to 759
-30	-7	-53	-12	-12	11	-13	31	cell = 760 to 767
-27	-41	-45	33	-12	-45	-9	17	cell = 768 to 775
-7	-35	-19	20	-10	6	-35	30	cell = 776 to 783
-28	4	-8	-20	-23	17	-21	-28	cell = 784 to 791
-25	-8	-34	6	7	-6	-26	-46	cell = 792 to 799
-3	25	-21	-8	-8	-21	-2	-2	cell = 800 to 807
-27	-3	4	-19	-29	-30	-33	-4	cell = 808 to 815
-16	-32	-35	9	-10	-25	-18	-12	cell = 816 to 823
-2	-15	-22	11	-49	-17	-31	-27	cell = 824 to 831
-1	15	-58	-32	21	-15	-17	18	cell = 832 to 839
-41	-2	-1	-31	13	0	-37	-29	cell = 840 to 847
-11	-2	-25	-23	-39	28	-68	-33	cell = 848 to 855
-40	4	-45	-38	-49	-18	-23	-14	cell = 856 to 863
-47	-27	-21	-17	-38	0	-49	-5	cell = 864 to 871
-1	-20	-5	-11	-27	4	-8	-19	cell = 872 to 879
-13	24	-21	4	-34	-15	2	-46	cell = 880 to 887
-48	38	-33	2	2	-55	-36	-9	cell = 888 to 895
18	-12	-20	-16	4	2	-55	-6	cell = 896 to 903
-19	-40	-45	5	-28	-72	-32	-11	cell = 904 to 911
11	-25	-37	-32	-10	-11	-38	-20	cell = 912 to 919
-3	-18	-16	-5	-11	10	23	43	cell = 920 to 927
5	-25	-11	-5	-35	-6	-4	-17	cell = 928 to 935
27	-25	-18	-17	-35	19	-10	4	cell = 936 to 943
-6	16	-33	-40	-33	1	-8	-13	cell = 944 to 951
-55	-8	-10	-26	-54	6	-24	-24	cell = 952 to 959
-9	-1	10	8	8	-60	-59	-44	cell = 960 to 967
-30	-31	-56	23	-16	-50	-23	-33	cell = 968 to 975
-2	-23	-39	-6	-8	-38	-37	-20	cell = 976 to 983
-4	-9	-30	-50	-64	-44	13	-25	cell = 984 to 991
-15	12	3	28	-4	-9	-6	-47	cell = 992 to 999
-64	-30	-5	-27	-13	-61	-37	-39	cell = 1000 to 1007
-7	-3	-21	-25	-60	-20	-15	4	cell = 1008 to 1015
10	15	17	-41	-25	-23	-40	-13	cell = 1016 to 1023
Calibration values from cell 0 to 1024 for channel 3:

57	-16	21	-36	15	4	3	-6	cell = 0 to 7
44	-12	-7	-35	58	7	47	-26	cell = 8 to 15
54	-19	46	-13	97	-44	36	-27	cell = 16 to 23
52	-16	20	-36	40	6	61	9	cell = 24 to 31
82	25	39	-13	56	-13	21	-30	cell = 32 to 39
33	-30	54	30	47	23	39	-27	cell = 40 to 47
34	-12	40	-8	-5	-6	53	11	cell = 48 to 55
54	-29	39	-19	16	-22	18	-21	cell = 56 to 63
58	41	49	-11	10	-28	18	-11	cell = 64 to 71
60	-5	31	-32	57	-12	35	5	cell = 72 to 79
57	41	57	-12	32	-47	34	-12	cell = 80 to 87
53	-7	35	-5	28	-20	39	-18	cell = 88 to 95
47	15	39	13	58	9	70	30	cell = 96 to 103
18	9	56	4	-4	27	56	-21	cell = 104 to 111
48	-22	33	-1	66	13	-8	-28	cell = 112 to 119
34	-42	50	-17	26	1	47	4	cell = 120 to 127
33	11	49	8	9	-16	31	-2	cell = 128 to 135
51	-26	72	4	29	-21	78	0	cell = 136 to 143
52	-38	19	-20	51	-2	63	-49	cell = 144 to 151
38	-15	28	3	23	-10	23	-8	cell = 152 to 159
5	26	-9	-49	27	12	63	29	cell = 160 to 167
63	-31	27	0	55	-20	56	-40	cell = 168 to 175
51	7	72	-7	43	-51	8	-18	cell = 176 to 183
42	-15	41	15	33	26	44	-29	cell = 184 to 191
54	-2	24	-15	46	-12	34	0	cell = 192 to 199
46	-14	16	2	57	-50	75	18	cell = 200 to 207
73	-6	36	-17	30	-24	-5	-10	cell = 208 to 215
20	-26	53	2	67	16	21	-21	cell = 216 to 223
27	20	43	-2	42	-30	29	-9	cell = 224 to 231
55	-18	22	0	33	-6	29	-16	cell = 232 to 239
31	-6	64	-52	49	-38	55	-5	cell = 240 to 247
13	-31	74	21	70	-9	68	2	cell = 248 to 255
46	-11	53	1	47	5	31	-15	cell = 256 to 263
0	24	6	12	33	-11	45	0	cell = 264 to 271
29	4	30	3	36	-30	70	-2	cell = 272 to 279
3	-3	35	-26	35	16	39	-9	cell = 280 to 287
30	7	26	-13	46	2	62	1	cell = 288 to 295
74	18	38	-5	6	-35	44	26	cell = 296 to 303
54	4	27	-2	38	18	87	22	cell = 304 to 311
14	-4	31	-12	23	9	46	8	cell = 312 to 319
82	-22	65	-5	24	-35	34	-10	cell = 320 to 327
43	-13	50	-9	39	14	28	-3	cell = 328 to 335
48	42	15	-78	38	-11	30	-30	cell = 336 to 343
39	33	28	-28	66	-31	67	-43	cell = 344 to 351
45	-22	18	-36	47	5	71	-7	cell = 352 to 359
22	-1	37	-37	49	-22	50	0	cell = 360 to 367
52	1	52	-19	30	14	24	-3	cell = 368 to 375
19	10	30	-40	39	-31	16	25	cell = 376 to 383
30	38	95	8	12	-6	66	-22	cell = 384 to 391
39	1	13	-17	17	-21	19	-10	cell = 392 to 399
73	-8	57	0	87	5	88	-9	cell = 400 to 407
30	-9	45	-1	37	-6	0	31	cell = 408 to 415
23	18	27	-24	23	24	39	-58	cell = 416 to 423
68	2	22	1	30	9	48	-26	cell = 424 to 431
31	-2	91	-5	49	1	48	-12	cell = 432 to 439
42	-8	40	9	29	-1	60	-13	cell = 440 to 447
50	-1	40	-13	22	3	33	-6	cell = 448 to 455
34	-42	59	-36	28	-26	29	-8	cell = 456 to 463
59	44	17	7	73	15	25	4	cell = 464 to 471
40	-55	2	-8	52	-11	11	-8	cell = 472 to 479
53	11	75	-25	12	-5	12	13	cell = 480 to 487
23	39	73	37	54	-35	30	0	cell = 488 to 495
38	-7	-31	-84	-45	-80	-26	-86	cell = 496 to 503
26	-14	45	-2	42	-23	36	5	cell = 504 to 511
-27	-1	-44	-1	-40	-20	2	-7	cell = 512 to 519
-23	-14	-13	17	-39	-21	0	-8	cell = 520 to 527
-8	-55	-13	-27	1	3	-17	-19	cell = 528 to 535
-10	-17	-15	-33	-12	15	-4	-22	cell = 536 to 543
-8	-27	-15	-10	-11	5	-54	-15	cell = 544 to 551
13	-9	-18	-4	4	10	-23	-4	cell = 552 to 559
-5	-14	-42	-9	-23	25	-11	-42	cell = 560 to 567
-59	-10	-5	-38	7	-34	-31	11	cell = 568 to 575
-4	-42	33	-43	-37	-8	-11	27	cell = 576 to 583
-28	-16	5	-5	-39	-4	-22	-6	cell = 584 to 591
39	-6	4	-13	-8	8	-6	24	cell = 592 to 599
-19	-26	0	-44	10	-26	-63	-9	cell = 600 to 607
-9	-47	-20	-17	-4	-52	-9	-31	cell = 608 to 615
21	-12	-32	2	-28	-11	-21	-10	cell = 616 to 623
-14	-46	2	-51	-9	-37	2	-5	cell = 624 to 631
-29	6	-24	-9	-29	-19	-17	-24	cell = 632 to 639
-25	-32	-29	-1	-23	18	-30	-9	cell = 640 to 647
25	-3	-12	-50	-57	-23	5	-31	cell = 648 to 655
-9	-4	1	11	-8	-10	-23	-29	cell = 656 to 663
-16	-18	-13	-8	32	-8	19	-41	cell = 664 to 671
-5	7	-3	-22	-7	17	21	-46	cell = 672 to 679
-32	-7	-52	7	-15	-46	-1	-21	cell = 680 to 687
-34	1	-12	-4	-10	-4	-31	-52	cell = 688 to 695
-34	-39	-21	36	-15	-33	-22	-2	cell = 696 to 703
-34	-22	-35	13	-8	1	-35	-37	cell = 704 to 711
-15	-9	4	2	13	-60	-24	5	cell = 712 to 719
-18	-25	-68	8	-11	-34	-29	-12	cell = 720 to 727
8	-10	2	-6	-9	-2	-26	-56	cell = 728 to 735
3	-22	-15	-39	2	13	-35	-10	cell = 736 to 743
22	-32	-11	-23	-39	-19	-51	-51	cell = 744 to 751
-11	-9	-9	19	-25	-10	-55	-2	cell = 752 to 759
13	-16	-20	14	-51	-25	5	35	cell = 760 to 767
-3	13	-48	23	-32	-8	-13	21	cell = 768 to 775
3	-28	-26	5	8	-24	-23	36	cell = 776 to 783
-34	-41	-19	-25	18	-49	-37	-12	cell = 784 to 791
-51	-36	-13	1	-2	-41	-18	15	cell = 792 to 799
-4	19	-29	25	-74	-7	-49	10	cell = 800 to 807
-2	-34	-11	-14	-14	28	-33	9	cell = 808 to 815
2	-71	-25	-46	-27	-14	0	-26	cell = 816 to 823
-50	4	-40	1	9	-23	-83	-21	cell = 824 to 831
-16	-16	-22	-22	1	-61	-37	-18	cell = 832 to 839
-32	-48	-40	-13	-42	-16	-50	22	cell = 840 to 847
-11	9	7	28	9	3	-12	-10	cell = 848 to 855
-11	-15	4	11	0	-53	14	10	cell = 856 to 863
-30	8	-49	-44	-57	-10	1	-13	cell = 864 to 871
6	7	-2	-35	-12	-70	-35	-38	cell = 872 to 879
-18	7	-32	-29	-5	-5	-22	-20	cell = 880 to 887
-15	-28	-18	-46	-40	9	34	-10	cell = 888 to 895
-18	-24	-19	-26	7	50	-38	0	cell = 896 to 903
-30	-27	5	-18	-17	29	-3	-14	cell = 904 to 911
22	4	-20	-28	-48	-6	-6	4	cell = 912 to 919
-30	-8	13	-37	11	-17	-24	-24	cell = 920 to 927
-57	-33	-22	-28	-10	-36	-27	-20	cell = 928 to 935
14	6	14	-13	-24	-29	-15	1	cell = 936 to 943
13	-31	11	-4	-8	-40	5	6	cell = 944 to 951
-43	-30	-31	-13	-26	-24	-39	-5	cell = 952 to 959
-12	23	-7	-31	-14	20	-6	-45	cell = 960 to 967
-26	-6	-2	-31	1	-30	-63	14	cell = 968 to 975
-17	-5	9	-26	-51	8	-52	-37	cell = 976 to 983
-4	-4	-40	-19	-7	0	-39	60	cell = 984 to 991
-43	0	-28	-13	16	-7	-3	-17	cell = 992 to 999
-30	-28	0	-6	-42	-33	-44	-52	cell = 1000 to 1007
5	-33	-23	-13	-33	0	-32	-18	cell = 1008 to 1015
-46	-49	-40	-35	-6	-33	-48	-2	cell = 1016 to 1023
Calibration values from cell 0 to 1024 for channel 4:

45	9	51	1	33	-31	51	-61	cell = 0 to 7
38	-9	51	-43	75	37	36	-23	cell = 8 to 15
31	-37	53	-10	42	-24	50	25	cell = 16 to 23
33	-30	23	-25	60	-6	65	-8	cell = 24 to 31
51	4	32	-41	26	10	29	-31	cell = 32 to 39
79	2	42	21	69	-2	64	-26	cell = 40 to 47
48	0	58	6	56	-29	27	-69	cell = 48 to 55
7	9	56	-24	35	-21	50	-5	cell = 56 to 63
70	19	42	-4	24	-18	23	-22	cell = 64 to 71
56	-17	42	-28	48	13	27	7	cell = 72 to 79
41	5	69	-32	35	29	82	-15	cell = 80 to 87
36	-19	54	0	50	7	43	-22	cell = 88 to 95
43	0	14	-8	63	16	85	-8	cell = 96 to 103
49	-16	22	-32	51	-5	47	-23	cell = 104 to 111
48	3	39	28	23	6	43	17	cell = 112 to 119
28	7	40	5	36	5	78	-5	cell = 120 to 127
58	-12	61	-23	40	-3	61	0	cell = 128 to 135
25	11	46	-5	34	-10	67	22	cell = 136 to 143
47	25	60	14	60	-50	48	-31	cell = 144 to 151
46	-9	49	-11	44	14	23	-23	cell = 152 to 159
52	-8	68	11	79	-1	64	-27	cell = 160 to 167
71	4	36	-28	30	-17	66	-18	cell = 168 to 175
32	-11	8	-15	27	13	32	-42	cell = 176 to 183
26	-10	44	-35	48	26	61	-37	cell = 184 to 191
59	30	62	8	43	7	52	-58	cell = 192 to 199
9	8	68	-1	72	-31	-3	12	cell = 200 to 207
51	16	53	-12	59	5	38	-8	cell = 208 to 215
43	-23	35	-12	29	26	41	-21	cell = 216 to 223
43	14	37	-20	-3	-22	37	-34	cell = 224 to 231
11	22	60	0	39	-10	41	-2	cell = 232 to 239
42	-31	62	-9	43	3	40	-35	cell = 240 to 247
32	-27	15	-28	54	22	33	-9	cell = 248 to 255
44	8	28	-3	49	-29	15	-23	cell = 256 to 263
38	-13	9	7	36	-14	17	5	cell = 264 to 271
55	23	44	-21	49	13	41	-31	cell = 272 to 279
53	0	74	-6	19	6	31	-15	cell = 280 to 287
41	5	47	2	39	-20	72	7	cell = 288 to 295
30	-14	22	-21	11	8	70	-12	cell = 296 to 303
63	7	45	14	28	-5	42	-32	cell = 304 to 311
16	13	41	-1	30	-30	73	11	cell = 312 to 319
16	0	46	1	60	21	50	0	cell = 320 to 327
37	-3	28	-25	55	45	61	-23	cell = 328 to 335
65	-13	68	5	50	-9	47	-3	cell = 336 to 343
40	16	49	-6	37	-22	46	2	cell = 344 to 351
38	20	21	-25	46	-23	76	2	cell = 352 to 359
1	-24	18	5	4	5	76	10	cell = 360 to 367
59	-22	40	-10	0	-6	12	2	cell = 368 to 375
56	31	31	-13	48	-33	34	-55	cell = 376 to 383
68	8	59	-13	27	12	43	5	cell = 384 to 391
50	-3	29	-26	27	4	73	-31	cell = 392 to 399
21	10	-8	-3	64	49	55	11	cell = 400 to 407
67	-5	40	21	48	8	38	5	cell = 408 to 415
43	39	42	-37	12	3	43	28	cell = 416 to 423
9	-32	64	-2	58	12	46	-13	cell = 424 to 431
-7	11	54	-32	16	0	50	-47	cell = 432 to 439
37	-16	20	-35	24	-5	71	-9	cell = 440 to 447
49	18	57	16	35	12	18	2	cell = 448 to 455
15	16	64	-23	39	21	54	2	cell = 456 to 463
26	3	58	3	59	3	47	-14	cell = 464 to 471
54	-8	17	-23	38	-12	50	8	cell = 472 to 479
33	-29	26	-30	60	16	39	-12	cell = 480 to 487
32	-21	45	-13	10	-5	37	-22	cell = 488 to 495
27	-13	7	-105	-57	-88	-25	-110	cell = 496 to 503
15	-7	35	-17	24	9	59	-9	cell = 504 to 511
-31	-56	-14	-35	-3	-28	0	-8	cell = 512 to 519
-28	-46	-58	-5	-15	-2	18	39	cell = 520 to 527
3	-45	-42	9	-60	-4	-41	-18	cell = 528 to 535
-27	-23	-72	-24	-7	-52	-12	-13	cell = 536 to 543
-28	-27	-15	-18	-22	52	-56	-31	cell = 544 to 551
-9	-27	-32	34	14	4	-33	-52	cell = 552 to 559
3	41	-54	16	-27	-18	-15	-9	cell = 560 to 567
-52	-70	-1	-18	-43	-5	-52	7	cell = 568 to 575
-32	-23	4	-50	-9	-9	-29	-18	cell = 576 to 583
-14	-23	-32	-10	-51	-34	-7	-61	cell = 584 to 591
-38	-2	-30	-7	-63	-20	-25	14	cell = 592 to 599
18	-41	-29	-2	-50	-29	3	-11	cell = 600 to 607
-14	-19	-32	-24	-51	-3	0	-15	cell = 608 to 615
-16	-42	4	29	-5	-52	5	-42	cell = 616 to 623
-28	30	-30	-7	-14	-36	-28	-10	cell = 624 to 631
-4	-26	-4	-7	-15	-5	-26	-3	cell = 632 to 639
-2	-20	-23	-2	8	12	-5	5	cell = 640 to 647
-24	-49	-30	-4	20	-18	-19	-7	cell = 648 to 655
22	-3	-27	40	-15	-32	-5	-30	cell = 656 to 663
0	-7	-40	15	-22	-3	-37	38	cell = 664 to 671
-76	-21	-12	-5	9	-39	-35	-15	cell = 672 to 679
-42	-4	-32	2	23	-38	-3	-31	cell = 680 to 687
-20	-8	-4	18	18	-22	-7	-11	cell = 688 to 695
6	-14	6	-4	-46	-21	-57	6	cell = 696 to 703
16	-13	-44	-9	-3	-36	-3	-24	cell = 704 to 711
-30	-34	0	-46	-25	-32	17	-8	cell = 712 to 719
-24	-42	43	-18	-29	-40	-40	-24	cell = 720 to 727
8	-21	-11	22	-29	-13	-34	-2	cell = 728 to 735
-6	-7	-22	-32	13	3	-17	-30	cell = 736 to 743
-24	8	-3	-19	22	-9	-61	-4	cell = 744 to 751
-11	23	4	-44	-29	-17	-24	-11	cell = 752 to 759
-40	4	-36	-43	-29	-8	3	2	cell = 760 to 767
7	-27	11	-3	-20	-22	-6	-38	cell = 768 to 775
-42	-3	-23	-26	-42	-14	-15	-27	cell = 776 to 783
0	-28	-29	-32	13	-18	-42	-28	cell = 784 to 791
32	-20	-53	-35	-34	28	-30	-7	cell = 792 to 799
-16	-1	-23	-23	-2	-21	-44	-31	cell = 800 to 807
-10	-23	-26	-43	-13	-52	-60	-26	cell = 808 to 815
2	-31	-16	-19	35	-32	-49	-49	cell = 816 to 823
-37	-27	-18	-24	-15	-2	-21	-16	cell = 824 to 831
-19	-52	-14	-36	-6	7	-31	34	cell = 832 to 839
-54	10	-16	-12	-12	-9	-19	-41	cell = 840 to 847
-25	-18	10	-3	-37	-27	-53	-16	cell = 848 to 855
-30	-28	-44	-14	6	-31	-24	3	cell = 856 to 863
-10	2	-1	-12	-48	-40	7	-21	cell = 864 to 871
-19	-22	-29	-21	-17	-26	-17	9	cell = 872 to 879
7	11	-13	-5	1	15	3	-26	cell = 880 to 887
-12	-17	-38	3	-16	-27	-2	-23	cell = 888 to 895
-42	6	14	-7	23	-1	-58	-10	cell = 896 to 903
-48	22	10	36	-12	-34	-4	-14	cell = 904 to 911
8	11	-4	12	-49	-19	-57	-8	cell = 912 to 919
-9	15	-1	-46	-23	14	-3	-13	cell = 920 to 927
-52	-49	-20	-2	-10	-28	-15	-58	cell = 928 to 935
-1	-24	-24	-10	-11	-13	-25	-49	cell = 936 to 943
-1	-9	-14	-21	-33	5	-24	-16	cell = 944 to 951
-27	-30	-37	-34	2	-61	-56	8	cell = 952 to 959
-15	-3	-27	4	-20	-49	-51	-47	cell = 960 to 967
-24	5	-59	-65	16	-21	-44	-16	cell = 968 to 975
-29	-8	-31	1	18	-60	-36	-34	cell = 976 to 983
-2	-11	-32	-26	0	-45	-4	-37	cell = 984 to 991
21	-2	-3	-31	3	-3	-65	4	cell = 992 to 999
-36	30	7	-3	1	-2	-19	-45	cell = 1000 to 1007
17	8	0	-43	7	-43	8	-24	cell = 1008 to 1015
-58	-43	-6	-11	-45	-31	6	-31	cell = 1016 to 1023
Calibration values from cell 0 to 1024 for channel 5:

46	28	27	-21	40	-24	48	-17	cell = 0 to 7
23	-6	38	1	50	36	69	-19	cell = 8 to 15
33	-17	13	-10	39	-35	24	-29	cell = 16 to 23
44	2	67	12	22	-22	26	-50	cell = 24 to 31
94	-4	50	2	30	34	32	5	cell = 32 to 39
45	-6	50	-24	21	-11	36	25	cell = 40 to 47
62	47	54	13	39	-31	68	4	cell = 48 to 55
46	-24	26	27	36	12	-5	6	cell = 56 to 63
3	-5	40	-31	32	-18	36	-36	cell = 64 to 71
35	22	56	-8	64	1	41	7	cell = 72 to 79
15	7	58	-2	10	-17	35	-28	cell = 80 to 87
59	-16	23	-11	23	-22	5	30	cell = 88 to 95
48	1	59	-41	45	-37	49	-40	cell = 96 to 103
-1	-36	65	1	42	38	39	-10	cell = 104 to 111
38	-19	26	-11	60	-12	8	1	cell = 112 to 119
46	25	69	-47	50	5	14	-56	cell = 120 to 127
20	-44	55	-23	17	-45	41	31	cell = 128 to 135
45	17	43	-17	29	12	44	-4	cell = 136 to 143
40	-25	4	-27	35	4	66	-19	cell = 144 to 151
43	37	33	16	39	-5	8	-17	cell = 152 to 159
67	34	36	-40	61	2	54	-9	cell = 160 to 167
60	-23	31	-30	25	-13	47	-47	cell = 168 to 175
10	15	74	2	8	16	56	-17	cell = 176 to 183
40	-19	53	-23	18	-36	58	-28	cell = 184 to 191
88	-30	15	-41	20	31	20	-3	cell = 192 to 199
24	-18	59	-35	-14	-6	44	-38	cell = 200 to 207
17	-18	27	-25	37	14	52	-40	cell = 208 to 215
24	-15	74	-29	21	6	8	4	cell = 216 to 223
64	-26	27	-31	10	0	17	-49	cell = 224 to 231
47	-5	41	-8	83	-18	37	-9	cell = 232 to 239
21	-34	60	-20	70	5	19	-2	cell = 240 to 247
51	12	41	-42	15	27	32	13	cell = 248 to 255
75	-5	36	-10	43	9	58	-3	cell = 256 to 263
27	-37	15	-31	43	-4	45	-38	cell = 264 to 271
30	4	62	-4	22	-10	59	16	cell = 272 to 279
35	10	44	-16	49	-16	16	-10	cell = 280 to 287
54	2	8	-15	57	13	54	-24	cell = 288 to 295
18	-31	55	1	73	-38	62	-32	cell = 296 to 303
49	-12	71	-48	79	4	66	16	cell = 304 to 311
12	2	59	-30	35	-3	28	-16	cell = 312 to 319
30	-15	67	-19	30	-31	67	11	cell = 320 to 327
18	43	14	-15	37	-3	39	-28	cell = 328 to 335
51	-31	31	-20	18	-64	36	-21	cell = 336 to 343
48	-6	44	13	48	-47	40	-20	cell = 344 to 351
58	-34	47	-6	16	-33	51	-4	cell = 352 to 359
22	-24	41	-2	75	-15	57	12	cell = 360 to 367
32	1	85	-17	35	25	12	-15	cell = 368 to 375
40	8	30	-5	38	30	14	10	cell = 376 to 383
59	-6	47	6	23	27	48	-4	cell = 384 to 391
73	-38	16	-21	37	16	43	19	cell = 392 to 399
31	-10	65	10	34	11	66	14	cell = 400 to 407
5	23	47	-23	65	-21	64	9	cell = 408 to 415
30	12	64	-10	78	31	50	-21	cell = 416 to 423
36	-11	46	-12	42	8	29	-24	cell = 424 to 431
-2	-45	86	23	31	-14	42	20	cell = 432 to 439
36	-19	51	26	16	-22	44	-21	cell = 440 to 447
18	-17	79	-12	44	-33	48	-1	cell = 448 to 455
11	-2	55	7	57	19	11	-9	cell = 456 to 463
36	30	38	53	42	-3	76	-31	cell = 464 to 471
46	-40	77	-37	41	-3	63	-36	cell = 472 to 479
18	7	20	6	28	-28	41	-6	cell = 480 to 487
72	-14	53	-51	27	-13	49	15	cell = 488 to 495
59	8	-7	-68	-5	-87	-45	-80	cell = 496 to 503
17	-36	7	-10	74	16	40	-16	cell = 504 to 511
5	-26	21	5	-57	-4	13	13	cell = 512 to 519
-21	-9	-46	-55	5	-21	-61	18	cell = 520 to 527
-20	1	-37	-12	-22	-42	-28	-54	cell = 528 to 535
-58	-43	2	0	-10	-24	-54	-36	cell = 536 to 543
-56	-29	-15	-10	-10	3	-54	-23	cell = 544 to 551
-35	-3	-32	-18	-28	-8	-19	-18	cell = 552 to 559
1	-25	-31	-15	-21	-26	-22	-2	cell = 560 to 567
-33	-66	-20	3	-35	-31	-45	34	cell = 568 to 575
7	-13	-52	2	-33	-18	-28	13	cell = 576 to 583
-13	-3	-29	-12	-11	6	-10	-10	cell = 584 to 591
-16	-25	-29	-58	0	-25	-52	-6	cell = 592 to 599
18	-6	-9	-24	-28	-10	-58	-24	cell = 600 to 607
-16	-17	-24	-20	-4	2	-23	-12	cell = 608 to 615
-28	-23	19	0	-14	-18	-41	-26	cell = 616 to 623
-41	-10	-37	-29	-17	-26	-32	4	cell = 624 to 631
18	-19	-10	-5	-42	23	0	1	cell = 632 to 639
-6	-38	12	-42	4	-40	-27	-23	cell = 640 to 647
3	-25	-59	-15	-36	-29	-5	-28	cell = 648 to 655
-2	-5	-23	-22	25	4	-42	-13	cell = 656 to 663
26	-18	-44	3	-12	-29	-26	8	cell = 664 to 671
-43	-24	-6	38	-69	-15	-42	-14	cell = 672 to 679
-12	-44	-38	25	-37	-24	-37	9	cell = 680 to 687
-40	-62	-14	-22	-10	0	-6	-20	cell = 688 to 695
16	-9	-76	-21	2	-19	-48	-3	cell = 696 to 703
-11	17	-18	-2	-5	0	-16	13	cell = 704 to 711
-15	-10	-31	8	-40	-40	-8	-36	cell = 712 to 719
-48	39	-38	27	11	-5	-3	11	cell = 720 to 727
-5	2	-14	7	-22	-14	-7	-19	cell = 728 to 735
-20	-49	8	25	-27	-6	-61	28	cell = 736 to 743
-20	5	-6	-3	-20	22	-19	-5	cell = 744 to 751
44	-28	-41	-10	-26	-33	-3	-15	cell = 752 to 759
-17	-6	-50	-8	-30	-5	-45	-12	cell = 760 to 767
-2	-7	-1	13	23	-19	-36	-29	cell = 768 to 775
19	-59	-13	-24	-27	-16	-51	13	cell = 776 to 783
-6	-12	4	-14	0	-11	-18	2	cell = 784 to 791
-16	-5	-23	18	-36	-4	-29	10	cell = 792 to 799
-14	-34	11	8	-32	-46	-10	5	cell = 800 to 807
-20	-57	-28	-50	-17	-27	26	-20	cell = 808 to 815
22	-16	-38	-10	-34	-8	-23	5	cell = 816 to 823
-40	-20	-56	-33	-20	-28	21	-22	cell = 824 to 831
17	-9	-13	13	-25	10	-40	-10	cell = 832 to 839
2	-28	-12	0	-11	14	-29	3	cell = 840 to 847
9	-43	-5	11	11	-12	-27	-33	cell = 848 to 855
-20	9	-24	-26	-52	3	-52	32	cell = 856 to 863
12	-20	23	-8	-2	-13	-13	21	cell = 864 to 871
-27	-27	-53	-31	-13	-5	-25	-27	cell = 872 to 879
-40	-37	28	-35	-3	-21	-49	5	cell = 880 to 887
-15	-12	-16	-16	-19	-9	12	-19	cell = 888 to 895
-3	-6	-14	-41	-7	8	-25	-61	cell = 896 to 903
-33	-5	-2	27	-21	11	-37	-40	cell = 904 to 911
-31	2	-28	-15	-2	-30	-31	17	cell = 912 to 919
-17	-18	-4	-19	-8	-39	-58	-17	cell = 920 to 927
5	-12	-33	29	11	-11	-57	-75	cell = 928 to 935
-41	11	-9	9	-23	-14	-23	3	cell = 936 to 943
19	-8	12	-14	-11	-21	4	-17	cell = 944 to 951
12	-38	8	22	-1	16	-38	9	cell = 952 to 959
-8	2	-26	-14	-16	-8	-24	-17	cell = 960 to 967
-5	12	-28	-16	21	-18	-28	-5	cell = 968 to 975
-13	-35	-13	6	-54	-35	-36	35	cell = 976 to 983
23	-11	-56	-17	7	8	4	-8	cell = 984 to 991
3	-41	-7	-22	-5	-17	-2	-8	cell = 992 to 999
-59	29	-51	-15	-31	-19	-34	-16	cell = 1000 to 1007
4	10	0	2	2	-31	-33	-24	cell = 1008 to 1015
-30	-6	-32	-27	0	11	-20	-3	cell = 1016 to 1023
Calibration values from cell 0 to 1024 for channel 6:

47	-15	3	-14	73	17	6	-3	cell = 0 to 7
49	11	25	-16	21	42	62	37	cell = 8 to 15
44	17	37	-41	25	0	105	-9	cell = 16 to 23
35	23	-5	-9	50	-30	25	-14	cell = 24 to 31
29	-11	54	-17	5	18	16	22	cell = 32 to 39
44	0	89	-32	66	0	21	9	cell = 40 to 47
60	3	42	-7	55	-4	35	-6	cell = 48 to 55
29	12	43	-25	33	-13	28	-9	cell = 56 to 63
38	-17	25	20	13	-28	8	8	cell = 64 to 71
64	-8	36	-4	25	-33	27	-19	cell = 72 to 79
32	16	59	-7	26	-42	27	14	cell = 80 to 87
48	-1	51	23	53	-10	53	29	cell = 88 to 95
58	-11	12	-6	36	-22	44	-15	cell = 96 to 103
31	-16	50	-2	-4	19	51	0	cell = 104 to 111
55	-12	13	-36	52	2	83	4	cell = 112 to 119
36	11	54	-14	24	-11	85	-56	cell = 120 to 127
31	-12	37	-23	31	11	20	-17	cell = 128 to 135
15	-17	14	11	39	13	21	-3	cell = 136 to 143
76	29	27	18	52	-6	52	-16	cell = 144 to 151
55	-26	2	-50	-13	-12	50	23	cell = 152 to 159
21	-14	82	-28	20	0	45	0	cell = 160 to 167
10	-1	64	-10	67	-6	29	-26	cell = 168 to 175
63	26	5	-18	1	22	90	7	cell = 176 to 183
79	-55	35	-56	39	25	33	15	cell = 184 to 191
62	17	13	6	-16	28	63	-18	cell = 192 to 199
109	-32	24	-25	52	19	35	-6	cell = 200 to 207
26	-13	62	-10	-7	0	46	-21	cell = 208 to 215
16	-4	65	4	71	-16	80	-20	cell = 216 to 223
58	-22	61	9	-12	-1	90	3	cell = 224 to 231
25	-4	45	-25	70	30	15	29	cell = 232 to 239
7	0	7	6	39	-18	44	-21	cell = 240 to 247
36	23	38	-42	-2	19	20	-12	cell = 248 to 255
79	-1	52	-8	46	-21	74	-2	cell = 256 to 263
5	-19	24	17	72	-36	49	2	cell = 264 to 271
17	-44	60	14	58	10	30	7	cell = 272 to 279
23	-5	41	1	38	31	65	-19	cell = 280 to 287
79	8	59	15	37	-17	35	-15	cell = 288 to 295
17	15	3	-19	28	19	47	17	cell = 296 to 303
64	-45	67	-9	62	15	39	-4	cell = 304 to 311
21	-17	71	-30	7	0	60	-19	cell = 312 to 319
28	31	45	19	37	0	62	-16	cell = 320 to 327
30	-3	30	-11	52	-6	53	-10	cell = 328 to 335
40	-31	72	-20	65	4	73	-9	cell = 336 to 343
24	18	17	-3	19	0	42	-10	cell = 344 to 351
23	45	42	-17	53	-6	74	-2	cell = 352 to 359
31	-8	35	-7	29	-16	73	-44	cell = 360 to 367
22	16	23	3	21	14	25	0	cell = 368 to 375
28	28	36	-8	56	-24	30	6	cell = 376 to 383
25	10	52	-27	25	-31	29	-1	cell = 384 to 391
26	-33	49	-17	29	-7	50	-16	cell = 392 to 399
59	-43	36	23	14	35	55	1	cell = 400 to 407
49	-17	35	7	14	-21	20	-8	cell = 408 to 415
62	-56	76	0	35	-19	58	-7	cell = 416 to 423
3	-18	48	-50	43	-18	34	-11	cell = 424 to 431
47	1	31	-15	43	-30	32	-13	cell = 432 to 439
23	-26	32	13	37	14	16	-46	cell = 440 to 447
38	14	2	13	34	31	32	-25	cell = 448 to 455
43	13	47	-25	61	15	9	-31	cell = 456 to 463
67	-7	31	-2	25	14	40	-46	cell = 464 to 471
48	3	59	-29	22	-8	33	-11	cell = 472 to 479
19	-39	64	-11	41	11	36	2	cell = 480 to 487
5	-11	72	-5	22	26	53	14	cell = 488 to 495
72	-28	-45	-87	-58	-86	-25	-70	cell = 496 to 503
8	-24	28	10	32	5	20	-11	cell = 504 to 511
-29	-64	-22	-3	-41	-35	-9	-10	cell = 512 to 519
-25	-31	-8	-41	-11	-3	-23	-8	cell = 520 to 527
-27	21	-6	10	8	-19	2	-8	cell = 528 to 535
-19	-1	-7	-6	-29	-23	-57	-8	cell = 536 to 543
3	-17	-9	12	-25	-32	14	-4	cell = 544 to 551
-56	-39	-49	-44	-35	-6	-55	-26	cell = 552 to 559
-25	-9	-5	10	-38	-34	-79	16	cell = 560 to 567
-30	-3	-24	-32	-11	-7	-4	8	cell = 568 to 575
-11	16	-20	-33	-15	14	-49	-21	cell = 576 to 583
-64	-16	-23	-7	-21	-13	-3	-4	cell = 584 to 591
32	-44	-38	14	-19	9	-27	-48	cell = 592 to 599
-34	2	-10	-8	-31	-34	-28	-4	cell = 600 to 607
26	-6	-7	-2	25	3	-12	-19	cell = 608 to 615
-44	19	-12	-43	-19	-17	1	-13	cell = 616 to 623
12	-30	-23	-17	-36	-13	-11	11	cell = 624 to 631
-41	-39	-26	-28	10	-33	-13	-50	cell = 632 to 639
-4	-41	36	-16	-19	-39	1	-23	cell = 640 to 647
-27	1	2	-30	4	-82	-21	0	cell = 648 to 655
-22	-2	21	0	-29	-26	-74	-13	cell = 656 to 663
-14	18	-14	24	-27	-19	-8	15	cell = 664 to 671
-22	-40	-41	-61	-30	-9	-5	-7	cell = 672 to 679
-18	9	-23	-16	-25	-32	-31	1	cell = 680 to 687
0	-55	-51	4	-43	-14	-43	14	cell = 688 to 695
-4	-4	-41	-16	22	21	-34	-35	cell = 696 to 703
14	2	16	23	-34	-38	17	-4	cell = 704 to 711
-18	-40	-25	-38	-27	-37	-8	24	cell = 712 to 719
-32	-45	-8	-32	-16	1	-2	-15	cell = 720 to 727
-5	5	-29	-12	-23	-37	-15	-35	cell = 728 to 735
15	7	-21	9	-19	-25	-24	2	cell = 736 to 743
-22	-26	-29	4	-9	-41	-10	20	cell = 744 to 751
-46	-1	-33	-10	-49	19	-35	-21	cell = 752 to 759
-2	-3	11	-17	9	27	-16	-21	cell = 760 to 767
-3	8	-5	-5	-39	5	-15	23	cell = 768 to 775
4	-7	-57	-18	-20	-20	-25	-19	cell = 776 to 783
-7	31	-23	-20	-24	5	-16	-7	cell = 784 to 791
-8	-2	13	-44	-6	-2	8	2	cell = 792 to 799
-24	8	-13	-15	-24	-33	-51	-7	cell = 800 to 807
-22	-30	-3	-23	-2	-66	-27	24	cell = 808 to 815
-26	-22	13	-5	-22	-6	33	-37	cell = 816 to 823
-14	-20	-26	16	-31	0	-41	-33	cell = 824 to 831
-35	10	-13	18	0	-19	-32	13	cell = 832 to 839
14	-47	-53	-24	-29	7	-28	22	cell = 840 to 847
-34	-4	-24	-22	-18	-17	-74	13	cell = 848 to 855
-35	-33	-14	7	24	-25	-18	-18	cell = 856 to 863
-42	-22	10	-34	-41	-10	-19	-17	cell = 864 to 871
-7	-14	-14	1	-22	-49	-3	-21	cell = 872 to 879
-23	-7	-40	-2	-18	-50	-44	-18	cell = 880 to 887
44	-27	-18	22	2	-38	-24	-2	cell = 888 to 895
-4	-11	8	-60	-32	-1	-35	-26	cell = 896 to 903
-22	-2	-47	8	-29	5	2	11	cell = 904 to 911
4	3	-13	-19	-3	16	-4	9	cell = 912 to 919
-3	12	5	-29	-10	-32	-21	15	cell = 920 to 927
-17	1	-22	9	14	-16	-36	4	cell = 928 to 935
-3	-4	-15	-12	-23	-14	-30	-39	cell = 936 to 943
13	-3	-6	-19	-33	-31	-27	-19	cell = 944 to 951
4	-33	-20	-50	-27	-50	10	-46	cell = 952 to 959
-28	-63	-5	1	-15	-27	-24	-64	cell = 960 to 967
-36	23	-23	2	-42	-11	-19	-23	cell = 968 to 975
-36	9	-13	-14	-60	-36	-53	19	cell = 976 to 983
5	-28	0	-18	7	24	-29	15	cell = 984 to 991
16	-10	-50	-30	-35	-45	-9	-16	cell = 992 to 999
-33	-29	-22	-9	-19	-41	-19	16	cell = 1000 to 1007
-25	-49	-32	-6	-16	-5	-20	-24	cell = 1008 to 1015
-43	-33	-5	-12	-23	-18	-58	-39	cell = 1016 to 1023
Calibration values from cell 0 to 1024 for channel 7:

-17	-8	51	-2	41	3	73	-3	cell = 0 to 7
61	-23	24	-27	42	-3	13	17	cell = 8 to 15
61	-75	38	-11	16	-34	33	-25	cell = 16 to 23
1	-10	17	19	3	-11	52	3	cell = 24 to 31
66	-7	44	10	34	4	28	-21	cell = 32 to 39
37	-3	40	-44	49	-7	37	-19	cell = 40 to 47
61	-5	37	-4	30	-4	26	2	cell = 48 to 55
42	69	58	-31	44	-7	52	1	cell = 56 to 63
0	0	96	11	45	8	42	7	cell = 64 to 71
27	-16	16	-7	27	-3	67	11	cell = 72 to 79
26	-21	70	23	24	0	24	9	cell = 80 to 87
75	16	57	-26	28	0	80	37	cell = 88 to 95
57	9	34	-38	24	-16	49	-50	cell = 96 to 103
38	-8	85	-19	77	-33	61	-18	cell = 104 to 111
72	-11	55	-19	42	-16	72	-15	cell = 112 to 119
-7	-22	16	4	27	19	72	-32	cell = 120 to 127
12	5	61	-56	29	-6	74	15	cell = 128 to 135
39	-9	45	16	58	-3	71	-25	cell = 136 to 143
21	-29	39	13	64	2	48	-7	cell = 144 to 151
60	-13	70	0	29	12	49	-5	cell = 152 to 159
23	7	26	5	24	8	31	-8	cell = 160 to 167
24	24	69	-26	9	20	39	-5	cell = 168 to 175
24	-15	27	3	39	36	30	-38	cell = 176 to 183
37	-6	25	-18	41	23	32	-34	cell = 184 to 191
44	19	20	11	31	8	46	-39	cell = 192 to 199
37	-16	42	-7	14	0	82	-3	cell = 200 to 207
59	-44	38	8	71	-12	67	-31	cell = 208 to 215
42	-18	8	-28	12	0	68	-8	cell = 216 to 223
37	7	62	-19	72	-38	64	-10	cell = 224 to 231
32	-3	73	-12	18	-15	49	13	cell = 232 to 239
-13	-31	40	7	21	24	42	-6	cell = 240 to 247
33	-22	33	0	17	-15	62	1	cell = 248 to 255
10	24	44	-24	4	-31	15	-13	cell = 256 to 263
23	-3	47	-22	25	-9	28	-2	cell = 264 to 271
14	-36	15	16	38	-22	50	-27	cell = 272 to 279
24	0	53	3	54	11	8	-49	cell = 280 to 287
28	32	47	-13	36	-4	43	-7	cell = 288 to 295
48	-20	76	19	47	-24	26	12	cell = 296 to 303
96	-19	27	-5	41	9	71	-5	cell = 304 to 311
2	-21	69	-9	35	-19	72	-32	cell = 312 to 319
21	-8	39	11	58	-32	26	-36	cell = 320 to 327
26	-5	52	-26	15	-27	4	3	cell = 328 to 335
18	-30	36	38	30	38	44	-1	cell = 336 to 343
30	11	60	-2	72	5	38	-32	cell = 344 to 351
62	1	7	23	23	-3	28	6	cell = 352 to 359
15	-22	19	33	47	-19	49	-25	cell = 360 to 367
60	-1	50	-22	53	-39	59	-2	cell = 368 to 375
11	-16	37	-22	77	-1	62	0	cell = 376 to 383
22	-18	32	10	26	9	5	-37	cell = 384 to 391
64	15	30	17	28	-8	81	-13	cell = 392 to 399
52	16	27	-3	41	3	28	-51	cell = 400 to 407
52	4	12	29	62	-25	40	-12	cell = 408 to 415
10	17	65	-37	57	5	70	9	cell = 416 to 423
38	13	27	-6	34	-31	117	-22	cell = 424 to 431
44	9	35	22	12	-1	72	-44	cell = 432 to 439
20	-23	61	-4	15	5	79	11	cell = 440 to 447
68	-34	53	5	32	-16	52	-34	cell = 448 to 455
0	-11	59	-23	18	5	29	-46	cell = 456 to 463
62	-6	78	-9	21	-34	29	-22	cell = 464 to 471
-15	9	24	-6	-3	15	25	-5	cell = 472 to 479
23	7	63	-27	53	11	46	14	cell = 480 to 487
79	11	16	-5	9	18	14	17	cell = 488 to 495
-4	12	-12	-92	27	-42	-31	-100	cell = 496 to 503
17	-37	24	-9	14	-7	38	-16	cell = 504 to 511
-20	11	-1	23	-8	5	-37	-27	cell = 512 to 519
-24	-21	-52	23	-3	-12	-26	6	cell = 520 to 527
18	9	-22	11	-13	38	-29	-7	cell = 528 to 535
-35	-21	0	24	-40	-23	-22	-27	cell = 536 to 543
-33	-41	-33	0	-24	30	-51	-25	cell = 544 to 551
-9	11	-35	0	-21	-36	-27	-32	cell = 552 to 559
-6	-18	-8	8	-1	-18	-48	-6	cell = 560 to 567
-34	-15	-3	-15	-27	-24	-16	-35	cell = 568 to 575
-12	-15	-44	-17	2	31	-35	-33	cell = 576 to 583
-57	2	-34	-4	-27	-20	-39	-12	cell = 584 to 591
7	-10	-9	-19	40	7	-49	-6	cell = 592 to 599
-3	12	-14	-17	-22	-9	-37	-7	cell = 600 to 607
-10	-18	18	-5	-19	-14	-28	6	cell = 608 to 615
-8	-10	-10	-14	-4	-11	3	9	cell = 616 to 623
-40	-28	-47	-34	24	-11	-57	-25	cell = 624 to 631
-38	-20	-21	-20	16	13	-61	-17	cell = 632 to 639
12	-20	19	-6	-6	-59	-37	11	cell = 640 to 647
18	2	12	18	-8	-16	-36	-6	cell = 648 to 655
-25	-29	-6	-45	2	-5	-20	-36	cell = 656 to 663
8	-23	0	-34	-19	6	-20	9	cell = 664 to 671
-19	-48	-50	-29	-8	21	16	5	cell = 672 to 679
14	-25	-61	0	-10	-45	-57	13	cell = 680 to 687
-22	-17	-23	-54	-7	-25	-39	-53	cell = 688 to 695
-5	-37	-20	-36	-29	-6	-4	3	cell = 696 to 703
-18	-14	-8	-37	35	-16	-60	-40	cell = 704 to 711
-9	-11	-13	-16	16	3	-62	-18	cell = 712 to 719
-11	-25	-4	2	6	6	-20	-7	cell = 720 to 727
-37	10	-76	6	-11	-16	-33	-26	cell = 728 to 735
4	-13	-6	-33	-27	-42	11	-13	cell = 736 to 743
9	-40	-25	10	-27	12	-20	-27	cell = 744 to 751
-14	9	-24	-13	-24	17	6	-22	cell = 752 to 759
-21	-11	-29	-25	-16	-28	-5	-3	cell = 760 to 767
-10	-48	-24	-9	24	-53	-21	-27	cell = 768 to 775
-3	-34	-12	-41	-31	-24	-26	-25	cell = 776 to 783
5	-8	-21	11	0	-20	-9	22	cell = 784 to 791
34	-8	-20	18	-49	4	-2	-64	cell = 792 to 799
-12	-15	-26	-27	-10	2	-21	-15	cell = 800 to 807
-21	1	17	1	-15	-32	-43	-28	cell = 808 to 815
-47	-50	-41	-6	1	4	-19	-20	cell = 816 to 823
-28	5	5	-40	-11	1	-27	-8	cell = 824 to 831
-28	12	-39	-8	-29	0	-46	2	cell = 832 to 839
-24	-37	0	-50	-29	-36	-33	0	cell = 840 to 847
-9	5	8	-26	-31	-27	-63	29	cell = 848 to 855
13	-20	-43	-16	27	-50	-34	-21	cell = 856 to 863
-23	-40	-40	-19	-19	-39	-18	-17	cell = 864 to 871
-4	0	-36	-65	-32	-53	-27	0	cell = 872 to 879
1	-28	-19	-45	-25	-54	-5	10	cell = 880 to 887
-5	-25	-36	-71	-18	6	17	9	cell = 888 to 895
11	-51	-7	7	8	-12	-17	-40	cell = 896 to 903
-15	-41	-26	11	-12	17	-35	-13	cell = 904 to 911
-2	-10	1	-23	-36	15	-30	-6	cell = 912 to 919
-12	-50	-50	-33	-32	6	-7	36	cell = 920 to 927
39	6	-25	-46	-27	2	0	-53	cell = 928 to 935
7	-27	11	-46	-40	-34	-19	13	cell = 936 to 943
-30	23	8	-27	-12	-39	-28	-22	cell = 944 to 951
-23	-25	20	-2	-32	2	-12	6	cell = 952 to 959
20	-3	-43	21	-12	-52	-44	-7	cell = 960 to 967
-30	-28	-39	-7	-1	-31	-23	-4	cell = 968 to 975
14	22	-22	-24	-13	-41	12	-6	cell = 976 to 983
-16	-4	7	-16	-10	11	3	-35	cell = 984 to 991
-48	21	-29	-34	9	-26	-7	25	cell = 992 to 999
-56	-11	-5	2	-39	-17	-16	6	cell = 1000 to 1007
2	-24	-38	0	-30	11	-31	-40	cell = 1008 to 1015
-41	-15	-35	-27	-13	-40	-24	-36	cell = 1016 to 1023
Calibration values from cell 0 to 1024 for channel 8:

68	5	82	-7	27	-24	62	-24	cell = 0 to 7
-5	-19	9	-10	2	20	89	-49	cell = 8 to 15
29	-14	71	-77	63	-8	42	-25	cell = 16 to 23
54	-40	23	-24	69	-32	19	-10	cell = 24 to 31
59	-35	47	-4	51	1	51	-18	cell = 32 to 39
26	6	65	-40	35	-43	44	-34	cell = 40 to 47
65	-11	42	-4	26	4	24	-38	cell = 48 to 55
36	-10	-2	5	21	-15	41	-29	cell = 56 to 63
21	-2	79	-27	35	-37	33	1	cell = 64 to 71
17	-35	34	-10	45	-18	37	-24	cell = 72 to 79
50	-19	34	-12	29	-17	41	-25	cell = 80 to 87
71	-12	17	-54	8	-11	72	-11	cell = 88 to 95
26	6	6	-8	23	-14	32	-2	cell = 96 to 103
84	-42	94	32	32	-33	62	-7	cell = 104 to 111
64	-13	19	18	59	-5	47	3	cell = 112 to 119
48	-6	20	-41	68	19	77	-15	cell = 120 to 127
64	21	78	13	3	-20	52	45	cell = 128 to 135
15	0	58	-35	69	-12	41	-20	cell = 136 to 143
48	17	37	19	45	-40	58	-8	cell = 144 to 151
25	-23	56	24	50	-15	31	-43	cell = 152 to 159
82	-6	49	17	48	21	37	-27	cell = 160 to 167
22	-8	62	-10	54	10	55	31	cell = 168 to 175
66	32	55	-2	35	15	29	-50	cell = 176 to 183
22	23	23	25	46	-5	28	-25	cell = 184 to 191
28	12	31	-42	59	-19	95	1	cell = 192 to 199
23	2	50	-38	53	-21	17	-45	cell = 200 to 207
59	-3	64	3	28	11	19	-19	cell = 208 to 215
43	12	32	-9	23	-18	82	-5	cell = 216 to 223
79	5	52	-3	49	-1	53	21	cell = 224 to 231
52	4	54	26	9	5	34	-14	cell = 232 to 239
62	-32	-14	0	63	31	64	-33	cell = 240 to 247
5	-37	57	-11	56	16	63	-33	cell = 248 to 255
49	5	40	-29	28	-15	59	-4	cell = 256 to 263
49	29	34	-39	121	-7	66	9	cell = 264 to 271
21	-6	29	-17	14	-7	51	-3	cell = 272 to 279
28	-30	52	-8	18	-9	32	-21	cell = 280 to 287
-6	13	52	-22	78	-6	56	-31	cell = 288 to 295
30	-34	65	-13	73	16	55	-37	cell = 296 to 303
15	-31	75	12	24	33	22	-35	cell = 304 to 311
16	-23	46	-18	43	26	35	-1	cell = 312 to 319
40	-30	102	-20	32	5	37	-31	cell = 320 to 327
43	-17	73	8	35	27	99	10	cell = 328 to 335
31	-11	48	-55	58	0	36	10	cell = 336 to 343
-7	-24	45	-45	22	20	59	-36	cell = 344 to 351
46	2	32	-20	66	-34	29	5	cell = 352 to 359
53	33	57	-2	32	-35	3	-10	cell = 360 to 367
37	-10	26	-20	-4	-2	48	-5	cell = 368 to 375
14	-12	35	17	51	-12	83	-26	cell = 376 to 383
32	-13	68	-29	18	-22	28	-53	cell = 384 to 391
33	-41	0	-34	28	-16	86	-22	cell = 392 to 399
55	-16	77	-23	72	27	42	-8	cell = 400 to 407
13	-40	50	-9	16	-3	45	-5	cell = 408 to 415
47	13	45	19	44	-19	67	11	cell = 416 to 423
34	-7	52	-3	39	-29	91	-36	cell = 424 to 431
92	-9	58	-41	44	-38	76	6	cell = 432 to 439
22	3	71	0	47	-29	31	-41	cell = 440 to 447
21	23	70	-13	57	6	35	-30	cell = 448 to 455
72	7	80	-49	52	-5	63	-69	cell = 456 to 463
54	5	2	-6	42	-38	43	-20	cell = 464 to 471
20	26	9	2	25	12	12	-24	cell = 472 to 479
22	-3	69	7	35	24	64	-9	cell = 480 to 487
48	-4	72	-4	52	15	52	42	cell = 488 to 495
14	36	-30	-90	-17	-63	-11	-55	cell = 496 to 503
32	-41	39	10	64	-4	58	-15	cell = 504 to 511
-14	-29	-7	32	-26	3	-33	-21	cell = 512 to 519
-29	-43	-20	-19	-26	10	-35	-32	cell = 520 to 527
-32	-21	-40	-20	-28	17	-17	-23	cell = 528 to 535
23	-29	-15	4	-36	-48	-57	-26	cell = 536 to 543
-10	-20	-14	7	-33	2	-35	0	cell = 544 to 551
-21	-14	-81	-22	-19	-22	-9	-27	cell = 552 to 559
-19	5	0	26	23	-5	-28	27	cell = 560 to 567
-38	0	-30	-37	-36	-29	-39	-36	cell = 568 to 575
20	-19	-2	-11	-8	-2	-19	-1	cell = 576 to 583
-28	-14	-7	15	-49	-47	-35	-25	cell = 584 to 591
-11	-18	-49	24	-48	10	-43	-27	cell = 592 to 599
-13	0	-2	-32	0	8	-21	-13	cell = 600 to 607
15	-23	41	-8	-12	-25	-23	12	cell = 608 to 615
-9	-6	11	-70	10	-57	15	-49	cell = 616 to 623
-43	-33	11	-12	-15	-31	-5	-2	cell = 624 to 631
-23	-58	15	-33	0	13	-63	8	cell = 632 to 639
8	-26	-59	-16	-22	1	10	-30	cell = 640 to 647
-6	-37	-11	3	-4	-22	-12	-47	cell = 648 to 655
9	4	-6	-32	-25	12	-24	4	cell = 656 to 663
6	-20	-39	-31	12	-2	5	-16	cell = 664 to 671
11	-19	-29	-37	-40	-4	-5	-34	cell = 672 to 679
-49	-25	-39	-12	-4	-19	20	-10	cell = 680 to 687
-17	-12	-16	3	-23	-24	-22	-12	cell = 688 to 695
6	-22	16	-8	4	0	-11	10	cell = 696 to 703
-24	-32	-13	-23	-31	18	-26	25	cell = 704 to 711
13	-38	-34	-3	22	-24	-16	12	cell = 712 to 719
-36	-43	-22	-8	-27	-30	-38	9	cell = 720 to 727
-9	5	-12	14	-31	-11	4	-6	cell = 728 to 735
-11	-16	-29	-24	15	-27	12	24	cell = 736 to 743
-18	-30	-16	-47	-44	23	-40	-32	cell = 744 to 751
1	-24	-29	-44	-1	-16	-40	22	cell = 752 to 759
-64	10	-19	7	-40	2	-26	-28	cell = 760 to 767
-7	-18	-21	-12	-40	-18	-36	8	cell = 768 to 775
19	-10	8	-10	-45	-11	-53	26	cell = 776 to 783
11	12	-9	-2	13	-25	-31	18	cell = 784 to 791
-86	-9	11	-2	-26	-65	-6	4	cell = 792 to 799
-12	-13	-10	-9	-18	-10	-17	14	cell = 800 to 807
-55	-24	16	-12	-27	-29	5	-12	cell = 808 to 815
-86	-41	-35	-32	-2	-4	-48	-35	cell = 816 to 823
-34	22	8	17	-13	13	-15	-5	cell = 824 to 831
-23	12	-12	2	-5	8	-57	-9	cell = 832 to 839
-59	-7	7	11	-20	-3	-34	-45	cell = 840 to 847
-31	-14	-29	11	-24	-17	1	-14	cell = 848 to 855
-3	-12	-40	-15	-4	-23	-62	16	cell = 856 to 863
-32	-21	16	14	-44	-6	-15	-8	cell = 864 to 871
-17	-50	-8	-12	6	1	-45	14	cell = 872 to 879
-15	29	-40	-21	-13	33	11	-17	cell = 880 to 887
10	-48	-32	-37	0	-9	-15	-30	cell = 888 to 895
14	-54	-3	-16	-12	-21	-28	-7	cell = 896 to 903
-18	10	-59	-2	0	2	-16	-21	cell = 904 to 911
-12	22	-9	-7	-12	-29	-4	-32	cell = 912 to 919
4	-33	-24	-29	-17	-16	-20	4	cell = 920 to 927
-8	-17	-42	-24	8	-28	-43	10	cell = 928 to 935
-8	-22	-27	-9	-63	-55	-8	-29	cell = 936 to 943
-7	-40	17	14	-39	-24	-36	-39	cell = 944 to 951
13	-29	-17	28	-37	-13	-48	18	cell = 952 to 959
-5	-28	-13	11	-24	-24	4	28	cell = 960 to 967
-35	-13	-13	-6	-25	7	-31	-12	cell = 968 to 975
-32	-28	-10	-53	-7	0	-61	-32	cell = 976 to 983
-21	-18	-76	-10	-46	-28	-48	-20	cell = 984 to 991
-32	-14	-14	10	-27	-10	-41	-3	cell = 992 to 999
23	-4	-19	27	-35	-29	-34	0	cell = 1000 to 1007
-34	-32	-37	-31	-57	-83	-57	-39	cell = 1008 to 1015
-38	-30	-45	-32	-50	-22	-58	7	cell = 1016 to 1023
