Calibration values (ps) from cell 0 to 1024 :

00000.000	00000.197	00000.395	00000.592	00000.790	00000.988	00001.187	00001.386	cell = 0 to 7
00001.584	00001.784	00001.983	00002.182	00002.381	00002.581	00002.781	00002.980	cell = 8 to 15
00003.180	00003.380	00003.580	00003.780	00003.980	00004.180	00004.380	00004.580	cell = 16 to 23
00004.780	00004.980	00005.181	00005.381	00005.581	00005.781	00005.981	00006.181	cell = 24 to 31
00006.381	00006.581	00006.781	00006.980	00007.180	00007.380	00007.579	00007.779	cell = 32 to 39
00007.978	00008.178	00008.378	00008.577	00008.777	00008.977	00009.177	00009.377	cell = 40 to 47
00009.576	00009.776	00009.976	00010.176	00010.377	00010.577	00010.777	00010.978	cell = 48 to 55
00011.179	00011.379	00011.580	00011.781	00011.982	00012.183	00012.384	00012.585	cell = 56 to 63
00012.786	00012.987	00013.188	00013.388	00013.589	00013.789	00013.990	00014.190	cell = 64 to 71
00014.390	00014.590	00014.791	00014.991	00015.191	00015.391	00015.591	00015.792	cell = 72 to 79
00015.992	00016.192	00016.392	00016.592	00016.792	00016.992	00017.193	00017.393	cell = 80 to 87
00017.593	00017.793	00017.994	00018.194	00018.394	00018.594	00018.794	00018.995	cell = 88 to 95
00019.195	00019.396	00019.596	00019.797	00019.998	00020.198	00020.399	00020.600	cell = 96 to 103
00020.800	00021.000	00021.200	00021.400	00021.600	00021.800	00022.000	00022.200	cell = 104 to 111
00022.399	00022.599	00022.799	00022.998	00023.198	00023.397	00023.597	00023.796	cell = 112 to 119
00023.995	00024.195	00024.394	00024.594	00024.793	00024.993	00025.192	00025.392	cell = 120 to 127
00025.592	00025.791	00025.990	00026.190	00026.390	00026.590	00026.790	00026.990	cell = 128 to 135
00027.189	00027.389	00027.589	00027.789	00027.989	00028.189	00028.389	00028.589	cell = 136 to 143
00028.789	00028.989	00029.189	00029.389	00029.589	00029.789	00029.989	00030.189	cell = 144 to 151
00030.389	00030.589	00030.789	00030.989	00031.189	00031.389	00031.588	00031.788	cell = 152 to 159
00031.988	00032.188	00032.388	00032.588	00032.789	00032.989	00033.189	00033.390	cell = 160 to 167
00033.590	00033.791	00033.991	00034.192	00034.393	00034.593	00034.794	00034.995	cell = 168 to 175
00035.195	00035.396	00035.597	00035.798	00035.999	00036.200	00036.402	00036.603	cell = 176 to 183
00036.804	00037.005	00037.206	00037.407	00037.608	00037.809	00038.010	00038.211	cell = 184 to 191
00038.412	00038.612	00038.813	00039.014	00039.214	00039.415	00039.615	00039.816	cell = 192 to 199
00040.016	00040.217	00040.417	00040.618	00040.819	00041.019	00041.220	00041.421	cell = 200 to 207
00041.621	00041.821	00042.022	00042.222	00042.422	00042.623	00042.823	00043.023	cell = 208 to 215
00043.223	00043.423	00043.623	00043.823	00044.023	00044.223	00044.423	00044.623	cell = 216 to 223
00044.822	00045.022	00045.221	00045.421	00045.621	00045.821	00046.021	00046.220	cell = 224 to 231
00046.420	00046.620	00046.820	00047.020	00047.220	00047.420	00047.620	00047.821	cell = 232 to 239
00048.021	00048.221	00048.421	00048.621	00048.821	00049.021	00049.221	00049.422	cell = 240 to 247
00049.622	00049.822	00050.022	00050.222	00050.423	00050.623	00050.823	00051.023	cell = 248 to 255
00051.223	00051.424	00051.624	00051.824	00052.024	00052.224	00052.424	00052.624	cell = 256 to 263
00052.824	00053.024	00053.223	00053.423	00053.623	00053.822	00054.022	00054.222	cell = 264 to 271
00054.421	00054.621	00054.820	00055.020	00055.219	00055.419	00055.618	00055.818	cell = 272 to 279
00056.017	00056.217	00056.416	00056.615	00056.815	00057.014	00057.214	00057.413	cell = 280 to 287
00057.613	00057.813	00058.012	00058.212	00058.412	00058.612	00058.812	00059.012	cell = 288 to 295
00059.212	00059.412	00059.613	00059.813	00060.014	00060.214	00060.415	00060.615	cell = 296 to 303
00060.816	00061.016	00061.217	00061.417	00061.618	00061.819	00062.019	00062.220	cell = 304 to 311
00062.421	00062.622	00062.823	00063.024	00063.225	00063.426	00063.628	00063.829	cell = 312 to 319
00064.031	00064.232	00064.434	00064.636	00064.837	00065.039	00065.241	00065.443	cell = 320 to 327
00065.644	00065.846	00066.047	00066.249	00066.450	00066.651	00066.852	00067.054	cell = 328 to 335
00067.255	00067.456	00067.656	00067.857	00068.058	00068.259	00068.460	00068.661	cell = 336 to 343
00068.861	00069.062	00069.263	00069.463	00069.664	00069.864	00070.065	00070.266	cell = 344 to 351
00070.466	00070.667	00070.867	00071.067	00071.266	00071.466	00071.666	00071.866	cell = 352 to 359
00072.066	00072.266	00072.466	00072.666	00072.866	00073.067	00073.267	00073.467	cell = 360 to 367
00073.667	00073.867	00074.067	00074.267	00074.466	00074.666	00074.865	00075.065	cell = 368 to 375
00075.264	00075.464	00075.664	00075.863	00076.063	00076.262	00076.462	00076.662	cell = 376 to 383
00076.861	00077.061	00077.260	00077.460	00077.659	00077.858	00078.057	00078.257	cell = 384 to 391
00078.456	00078.655	00078.855	00079.054	00079.254	00079.453	00079.652	00079.851	cell = 392 to 399
00080.051	00080.251	00080.451	00080.651	00080.852	00081.052	00081.253	00081.454	cell = 400 to 407
00081.654	00081.855	00082.055	00082.256	00082.457	00082.658	00082.859	00083.059	cell = 408 to 415
00083.259	00083.460	00083.660	00083.860	00084.060	00084.260	00084.460	00084.659	cell = 416 to 423
00084.859	00085.058	00085.258	00085.458	00085.657	00085.857	00086.057	00086.256	cell = 424 to 431
00086.456	00086.656	00086.856	00087.056	00087.256	00087.456	00087.656	00087.856	cell = 432 to 439
00088.055	00088.255	00088.455	00088.655	00088.854	00089.054	00089.254	00089.454	cell = 440 to 447
00089.654	00089.853	00090.053	00090.253	00090.453	00090.652	00090.853	00091.053	cell = 448 to 455
00091.253	00091.453	00091.653	00091.854	00092.054	00092.255	00092.455	00092.656	cell = 456 to 463
00092.856	00093.057	00093.258	00093.459	00093.660	00093.861	00094.062	00094.264	cell = 464 to 471
00094.465	00094.667	00094.869	00095.071	00095.273	00095.475	00095.677	00095.879	cell = 472 to 479
00096.081	00096.283	00096.485	00096.687	00096.889	00097.091	00097.294	00097.496	cell = 480 to 487
00097.699	00097.902	00098.104	00098.306	00098.508	00098.710	00098.911	00099.113	cell = 488 to 495
00099.314	00099.516	00099.717	00099.918	00100.118	00100.317	00100.517	00100.716	cell = 496 to 503
00100.914	00101.112	00101.311	00101.509	00101.708	00101.906	00102.105	00102.303	cell = 504 to 511
00102.501	00102.699	00102.897	00103.095	00103.294	00103.492	00103.691	00103.890	cell = 512 to 519
00104.089	00104.288	00104.487	00104.686	00104.885	00105.085	00105.284	00105.484	cell = 520 to 527
00105.683	00105.882	00106.082	00106.281	00106.480	00106.679	00106.878	00107.078	cell = 528 to 535
00107.277	00107.477	00107.676	00107.876	00108.076	00108.275	00108.475	00108.675	cell = 536 to 543
00108.875	00109.074	00109.274	00109.473	00109.673	00109.872	00110.072	00110.271	cell = 544 to 551
00110.471	00110.671	00110.870	00111.070	00111.270	00111.469	00111.669	00111.869	cell = 552 to 559
00112.068	00112.268	00112.467	00112.666	00112.865	00113.065	00113.264	00113.463	cell = 560 to 567
00113.662	00113.861	00114.060	00114.259	00114.458	00114.656	00114.855	00115.053	cell = 568 to 575
00115.252	00115.451	00115.650	00115.849	00116.048	00116.247	00116.446	00116.645	cell = 576 to 583
00116.844	00117.043	00117.242	00117.441	00117.640	00117.839	00118.039	00118.238	cell = 584 to 591
00118.438	00118.638	00118.838	00119.038	00119.238	00119.437	00119.638	00119.838	cell = 592 to 599
00120.038	00120.239	00120.440	00120.641	00120.842	00121.044	00121.245	00121.446	cell = 600 to 607
00121.648	00121.849	00122.050	00122.252	00122.453	00122.654	00122.855	00123.057	cell = 608 to 615
00123.258	00123.459	00123.659	00123.860	00124.061	00124.261	00124.462	00124.663	cell = 616 to 623
00124.864	00125.064	00125.265	00125.466	00125.667	00125.868	00126.069	00126.270	cell = 624 to 631
00126.471	00126.672	00126.873	00127.073	00127.274	00127.475	00127.676	00127.877	cell = 632 to 639
00128.077	00128.278	00128.478	00128.679	00128.880	00129.081	00129.281	00129.482	cell = 640 to 647
00129.684	00129.885	00130.086	00130.287	00130.488	00130.689	00130.889	00131.090	cell = 648 to 655
00131.291	00131.492	00131.692	00131.893	00132.094	00132.294	00132.495	00132.696	cell = 656 to 663
00132.897	00133.097	00133.298	00133.499	00133.699	00133.900	00134.101	00134.302	cell = 664 to 671
00134.503	00134.705	00134.906	00135.107	00135.308	00135.509	00135.710	00135.911	cell = 672 to 679
00136.111	00136.312	00136.512	00136.713	00136.913	00137.114	00137.314	00137.514	cell = 680 to 687
00137.714	00137.914	00138.114	00138.314	00138.515	00138.715	00138.915	00139.115	cell = 688 to 695
00139.314	00139.514	00139.714	00139.914	00140.114	00140.314	00140.513	00140.713	cell = 696 to 703
00140.913	00141.112	00141.311	00141.511	00141.711	00141.910	00142.110	00142.310	cell = 704 to 711
00142.510	00142.710	00142.910	00143.110	00143.310	00143.510	00143.710	00143.911	cell = 712 to 719
00144.111	00144.311	00144.511	00144.712	00144.912	00145.112	00145.311	00145.511	cell = 720 to 727
00145.711	00145.911	00146.110	00146.310	00146.510	00146.711	00146.911	00147.111	cell = 728 to 735
00147.311	00147.512	00147.712	00147.912	00148.112	00148.313	00148.513	00148.713	cell = 736 to 743
00148.913	00149.113	00149.313	00149.513	00149.713	00149.913	00150.113	00150.314	cell = 744 to 751
00150.514	00150.714	00150.915	00151.115	00151.316	00151.517	00151.718	00151.919	cell = 752 to 759
00152.120	00152.321	00152.521	00152.722	00152.923	00153.123	00153.324	00153.525	cell = 760 to 767
00153.725	00153.925	00154.126	00154.326	00154.526	00154.726	00154.926	00155.125	cell = 768 to 775
00155.325	00155.525	00155.725	00155.925	00156.125	00156.325	00156.526	00156.726	cell = 776 to 783
00156.926	00157.126	00157.326	00157.526	00157.727	00157.927	00158.127	00158.327	cell = 784 to 791
00158.527	00158.727	00158.928	00159.128	00159.329	00159.530	00159.730	00159.931	cell = 792 to 799
00160.131	00160.332	00160.533	00160.734	00160.934	00161.135	00161.336	00161.537	cell = 800 to 807
00161.737	00161.938	00162.139	00162.339	00162.540	00162.740	00162.941	00163.142	cell = 808 to 815
00163.342	00163.543	00163.744	00163.944	00164.145	00164.345	00164.546	00164.747	cell = 816 to 823
00164.948	00165.149	00165.349	00165.550	00165.751	00165.952	00166.153	00166.353	cell = 824 to 831
00166.554	00166.755	00166.955	00167.155	00167.356	00167.556	00167.757	00167.957	cell = 832 to 839
00168.158	00168.358	00168.559	00168.760	00168.960	00169.161	00169.362	00169.562	cell = 840 to 847
00169.763	00169.963	00170.164	00170.364	00170.564	00170.765	00170.965	00171.165	cell = 848 to 855
00171.365	00171.565	00171.764	00171.964	00172.163	00172.363	00172.563	00172.762	cell = 856 to 863
00172.962	00173.161	00173.361	00173.560	00173.760	00173.959	00174.159	00174.358	cell = 864 to 871
00174.558	00174.757	00174.957	00175.157	00175.356	00175.556	00175.756	00175.955	cell = 872 to 879
00176.155	00176.354	00176.553	00176.753	00176.952	00177.151	00177.350	00177.549	cell = 880 to 887
00177.749	00177.948	00178.147	00178.346	00178.546	00178.744	00178.943	00179.142	cell = 888 to 895
00179.341	00179.540	00179.739	00179.938	00180.137	00180.336	00180.535	00180.734	cell = 896 to 903
00180.934	00181.133	00181.333	00181.533	00181.733	00181.933	00182.133	00182.333	cell = 904 to 911
00182.534	00182.734	00182.934	00183.134	00183.334	00183.534	00183.734	00183.934	cell = 912 to 919
00184.134	00184.334	00184.534	00184.734	00184.934	00185.133	00185.333	00185.533	cell = 920 to 927
00185.732	00185.931	00186.131	00186.330	00186.529	00186.728	00186.926	00187.125	cell = 928 to 935
00187.324	00187.523	00187.722	00187.920	00188.119	00188.317	00188.516	00188.715	cell = 936 to 943
00188.913	00189.112	00189.310	00189.509	00189.707	00189.905	00190.104	00190.302	cell = 944 to 951
00190.501	00190.699	00190.897	00191.096	00191.295	00191.493	00191.692	00191.891	cell = 952 to 959
00192.090	00192.289	00192.488	00192.687	00192.886	00193.086	00193.285	00193.484	cell = 960 to 967
00193.683	00193.883	00194.082	00194.281	00194.480	00194.679	00194.878	00195.078	cell = 968 to 975
00195.277	00195.475	00195.674	00195.873	00196.072	00196.270	00196.469	00196.667	cell = 976 to 983
00196.866	00197.065	00197.263	00197.462	00197.661	00197.859	00198.058	00198.257	cell = 984 to 991
00198.456	00198.655	00198.854	00199.053	00199.252	00199.452	00199.651	00199.850	cell = 992 to 999
00200.049	00200.248	00200.447	00200.646	00200.845	00201.043	00201.242	00201.440	cell = 1000 to 1007
00201.638	00201.836	00202.034	00202.231	00202.429	00202.627	00202.825	00203.022	cell = 1008 to 1015
00203.220	00203.418	00203.615	00203.813	00204.010	00204.208	00204.405	00204.603	cell = 1016 to 1023
