Calibration values from cell 0 to 1024 for channel 0:

21	0	58	-12	52	2	61	-9	cell = 0 to 7
46	-11	33	-2	8	21	59	2	cell = 8 to 15
30	-5	70	20	21	-4	89	-6	cell = 16 to 23
50	-17	40	9	11	10	42	18	cell = 24 to 31
64	11	46	-50	38	2	67	-15	cell = 32 to 39
27	-20	68	1	48	-12	61	-11	cell = 40 to 47
7	11	26	38	67	-14	11	5	cell = 48 to 55
58	5	48	23	56	-12	52	-15	cell = 56 to 63
63	-18	10	-16	36	15	37	16	cell = 64 to 71
38	13	59	-22	38	0	24	-3	cell = 72 to 79
23	9	26	-22	47	9	35	7	cell = 80 to 87
29	-43	44	-6	83	20	12	1	cell = 88 to 95
53	-24	66	15	55	-33	43	-40	cell = 96 to 103
66	-12	71	-32	47	-9	70	6	cell = 104 to 111
69	16	44	10	64	3	54	32	cell = 112 to 119
57	0	60	-2	25	-23	34	24	cell = 120 to 127
30	-35	39	-15	24	23	37	-16	cell = 128 to 135
38	-4	76	7	1	-26	94	-47	cell = 136 to 143
71	5	60	0	-5	7	44	-20	cell = 144 to 151
79	12	15	-1	53	55	56	6	cell = 152 to 159
35	-41	53	28	46	-1	3	-3	cell = 160 to 167
62	-6	18	6	29	19	95	16	cell = 168 to 175
72	0	41	-9	40	23	16	-16	cell = 176 to 183
53	18	50	-21	20	16	38	10	cell = 184 to 191
36	-12	38	9	53	-13	73	46	cell = 192 to 199
43	-20	13	-8	48	-35	54	14	cell = 200 to 207
63	8	32	-9	64	25	53	18	cell = 208 to 215
32	5	14	-24	71	19	45	-30	cell = 216 to 223
57	5	56	-14	12	-5	18	-7	cell = 224 to 231
65	-35	22	5	54	-3	27	2	cell = 232 to 239
53	-7	82	-17	15	2	15	-19	cell = 240 to 247
39	-14	41	30	19	-22	25	-39	cell = 248 to 255
62	-20	35	40	34	4	35	-44	cell = 256 to 263
27	9	68	8	19	-31	49	2	cell = 264 to 271
30	13	23	45	46	21	41	-28	cell = 272 to 279
57	-49	61	16	32	-16	87	-53	cell = 280 to 287
38	4	25	53	84	-50	25	-40	cell = 288 to 295
17	-10	32	-9	40	45	39	-22	cell = 296 to 303
6	-13	25	25	37	37	61	15	cell = 304 to 311
27	10	44	-31	27	13	51	-4	cell = 312 to 319
13	-46	27	-15	44	-32	41	9	cell = 320 to 327
59	-4	2	-25	38	-21	48	-19	cell = 328 to 335
11	-29	45	-23	36	0	44	20	cell = 336 to 343
61	-35	53	-9	40	-7	62	-3	cell = 344 to 351
53	-27	43	-12	28	2	53	-22	cell = 352 to 359
20	-63	67	-36	99	-33	72	-23	cell = 360 to 367
52	-4	49	11	47	4	57	-16	cell = 368 to 375
77	-24	34	-29	27	19	8	12	cell = 376 to 383
37	4	53	-2	11	-1	32	4	cell = 384 to 391
67	3	36	3	19	-29	-6	36	cell = 392 to 399
46	-2	73	-16	12	32	18	14	cell = 400 to 407
43	-14	5	20	61	-19	69	-26	cell = 408 to 415
1	28	71	-36	51	-34	57	-6	cell = 416 to 423
44	46	22	5	51	0	47	-22	cell = 424 to 431
1	-37	30	-17	14	-5	64	2	cell = 432 to 439
6	-5	29	0	14	-5	54	-50	cell = 440 to 447
27	-26	42	-44	19	5	24	-8	cell = 448 to 455
30	20	10	-7	26	-15	31	26	cell = 456 to 463
62	-17	57	-21	-18	-3	57	-13	cell = 464 to 471
38	1	65	16	31	-5	34	-21	cell = 472 to 479
21	11	27	1	79	-9	41	-3	cell = 480 to 487
39	-41	33	-24	17	-18	66	-3	cell = 488 to 495
46	13	-17	-95	3	-86	2	-71	cell = 496 to 503
58	32	28	17	68	10	7	-25	cell = 504 to 511
16	-15	6	4	44	-19	-77	-52	cell = 512 to 519
-11	-32	3	-39	-34	-3	-36	-7	cell = 520 to 527
-41	-26	-16	-6	-21	-3	-24	-9	cell = 528 to 535
-4	-48	-18	-42	31	6	-24	-24	cell = 536 to 543
-14	-29	-3	-20	-56	-79	-30	-16	cell = 544 to 551
10	9	-18	-32	-39	-17	-6	8	cell = 552 to 559
-46	-5	-17	-33	-27	-83	-54	-46	cell = 560 to 567
-48	-32	-23	-3	-29	-52	-8	-9	cell = 568 to 575
-47	-16	-65	12	-31	-47	-4	-4	cell = 576 to 583
-53	-60	-43	-3	-32	-7	5	-35	cell = 584 to 591
-11	5	-55	-28	-18	-15	-32	-20	cell = 592 to 599
-28	-12	-33	-5	-15	-23	-17	19	cell = 600 to 607
-6	11	-36	-20	15	-28	-33	-32	cell = 608 to 615
8	-28	-6	-6	-16	-10	28	-25	cell = 616 to 623
12	-35	8	-9	-43	-33	-53	-19	cell = 624 to 631
-14	-15	-12	-30	7	-30	-44	8	cell = 632 to 639
-29	0	-9	-8	-21	3	-4	-25	cell = 640 to 647
-26	-6	-15	19	-37	-25	-19	-51	cell = 648 to 655
-18	1	7	-79	-34	-41	-22	-18	cell = 656 to 663
-17	-6	4	18	14	-3	-6	-22	cell = 664 to 671
-30	-44	7	-33	4	-7	1	-18	cell = 672 to 679
-8	-22	0	-18	3	2	-54	-30	cell = 680 to 687
-6	-27	-54	-28	-26	-50	12	-18	cell = 688 to 695
4	-46	-26	-8	-24	20	-22	-7	cell = 696 to 703
-2	-77	-26	-55	-16	-18	-30	-21	cell = 704 to 711
-23	-38	-41	-12	-37	-12	17	-18	cell = 712 to 719
-23	13	-1	-45	-20	-32	1	-9	cell = 720 to 727
-3	27	2	-43	-2	-22	3	-25	cell = 728 to 735
-4	-4	-29	-11	-7	-27	-40	-3	cell = 736 to 743
-46	-36	-27	-2	-27	-47	-45	-8	cell = 744 to 751
12	-16	20	-31	-29	-10	31	-41	cell = 752 to 759
-4	-32	-37	-17	-29	-42	-56	2	cell = 760 to 767
-47	-20	2	-14	-14	-9	-29	-33	cell = 768 to 775
-21	-28	-42	9	-24	-53	-31	-40	cell = 776 to 783
-20	14	-28	0	-30	-29	-31	4	cell = 784 to 791
11	-54	-39	-21	-26	-34	17	-4	cell = 792 to 799
-20	-1	-75	41	-6	-9	-34	18	cell = 800 to 807
-10	14	-7	33	17	-6	-8	6	cell = 808 to 815
-9	34	-26	-30	-5	-36	-61	34	cell = 816 to 823
-25	-6	-30	-26	-25	-17	-62	-26	cell = 824 to 831
2	23	-24	-11	-18	-31	1	-13	cell = 832 to 839
-42	9	-9	-5	16	-44	-28	-29	cell = 840 to 847
-32	-25	-38	-21	-23	-36	-36	-33	cell = 848 to 855
-17	-4	-26	-27	8	-32	-26	10	cell = 856 to 863
-12	-22	-23	-16	-39	-22	-7	-1	cell = 864 to 871
-57	21	-11	-15	-19	-18	9	-26	cell = 872 to 879
-10	-7	-20	11	-57	6	0	-19	cell = 880 to 887
11	-26	-65	4	-20	-1	-24	-51	cell = 888 to 895
-20	-49	-39	61	-59	-6	-15	6	cell = 896 to 903
-25	-30	-50	-49	-20	-40	7	-58	cell = 904 to 911
-28	2	-35	-18	15	-45	-8	37	cell = 912 to 919
9	13	2	-48	1	-20	-28	-20	cell = 920 to 927
1	-16	-45	-15	-18	-12	-52	4	cell = 928 to 935
0	-9	-78	-22	-12	-30	-25	-9	cell = 936 to 943
8	-49	-26	13	-17	-17	-42	-4	cell = 944 to 951
-5	20	5	13	-35	-4	-10	-11	cell = 952 to 959
-10	-42	-35	20	-8	-35	-14	-10	cell = 960 to 967
-11	12	-5	28	-49	-16	-29	-28	cell = 968 to 975
-18	-20	-41	-2	-67	-8	-60	-1	cell = 976 to 983
-7	-34	-21	-20	-37	-7	-46	21	cell = 984 to 991
-32	-26	14	-20	-27	-10	2	34	cell = 992 to 999
-13	-9	-33	-29	-15	12	-18	-3	cell = 1000 to 1007
-11	-24	-2	-30	-55	-45	-17	9	cell = 1008 to 1015
-9	-49	-37	-54	-32	-21	-21	3	cell = 1016 to 1023
Calibration values from cell 0 to 1024 for channel 1:

46	6	44	-7	-18	39	38	-53	cell = 0 to 7
0	-2	43	-8	36	21	30	-16	cell = 8 to 15
33	-18	37	-39	-3	8	53	8	cell = 16 to 23
42	-52	77	3	13	10	43	5	cell = 24 to 31
48	-5	33	-3	30	4	19	13	cell = 32 to 39
-3	-27	22	7	85	-6	67	-3	cell = 40 to 47
79	11	25	-5	9	-1	35	20	cell = 48 to 55
65	-3	82	8	26	-1	54	16	cell = 56 to 63
44	0	49	-45	54	30	34	-1	cell = 64 to 71
42	13	53	-13	47	-17	51	0	cell = 72 to 79
39	2	66	17	56	-31	64	22	cell = 80 to 87
55	-11	18	-12	35	-10	54	-16	cell = 88 to 95
37	-20	69	28	66	19	85	-18	cell = 96 to 103
71	14	27	6	57	18	39	-7	cell = 104 to 111
52	-7	56	5	63	-31	36	8	cell = 112 to 119
66	36	41	0	45	-29	42	-7	cell = 120 to 127
87	10	44	-25	30	26	40	5	cell = 128 to 135
14	23	49	-10	18	-4	54	-13	cell = 136 to 143
48	22	47	-21	20	17	89	12	cell = 144 to 151
42	4	65	11	59	-13	26	1	cell = 152 to 159
82	-25	73	28	43	17	69	-6	cell = 160 to 167
57	-10	19	-27	54	6	22	1	cell = 168 to 175
5	26	47	24	26	21	53	8	cell = 176 to 183
37	-8	64	-21	31	-31	27	-6	cell = 184 to 191
82	2	21	16	53	-2	36	-31	cell = 192 to 199
29	-6	61	-17	63	-22	53	6	cell = 200 to 207
69	10	59	9	35	-30	51	2	cell = 208 to 215
68	14	52	-43	1	-11	70	0	cell = 216 to 223
3	-8	58	-17	40	15	60	-26	cell = 224 to 231
24	5	73	-48	6	-44	31	-15	cell = 232 to 239
18	-2	14	-39	57	-30	68	-24	cell = 240 to 247
32	-13	28	-17	13	-3	51	-20	cell = 248 to 255
39	-32	72	3	42	-16	35	-42	cell = 256 to 263
20	-9	23	-16	8	0	16	-17	cell = 264 to 271
21	15	29	16	8	20	48	3	cell = 272 to 279
35	14	38	-7	37	-8	27	16	cell = 280 to 287
57	26	88	-19	77	-6	75	-32	cell = 288 to 295
13	18	64	-20	37	3	26	-39	cell = 296 to 303
39	-55	70	-43	77	20	59	45	cell = 304 to 311
67	-2	33	11	91	-32	26	-34	cell = 312 to 319
7	18	60	11	63	-18	67	4	cell = 320 to 327
71	-44	6	-6	82	15	49	-10	cell = 328 to 335
56	-19	22	-30	63	35	35	-3	cell = 336 to 343
30	-29	65	22	43	-29	37	-10	cell = 344 to 351
42	-31	71	4	41	35	13	-28	cell = 352 to 359
21	-17	18	8	36	-21	47	-28	cell = 360 to 367
38	14	40	25	19	-15	73	-32	cell = 368 to 375
29	-10	22	-33	63	-5	52	-12	cell = 376 to 383
38	32	35	40	67	-2	53	-9	cell = 384 to 391
22	4	76	-19	55	-35	25	-30	cell = 392 to 399
54	-5	-13	-11	46	25	65	1	cell = 400 to 407
5	-17	49	-13	55	12	42	12	cell = 408 to 415
0	-48	39	8	27	-28	40	-20	cell = 416 to 423
50	-12	63	10	20	-56	31	35	cell = 424 to 431
16	-20	32	-3	0	-40	7	6	cell = 432 to 439
47	-14	75	-25	34	-20	71	-29	cell = 440 to 447
18	-7	43	4	34	-13	13	-35	cell = 448 to 455
26	39	62	-27	43	1	30	-44	cell = 456 to 463
23	-6	2	-15	56	-62	78	-11	cell = 464 to 471
82	-7	29	-15	21	-15	71	4	cell = 472 to 479
23	-32	71	-35	44	25	56	-13	cell = 480 to 487
-25	-46	11	32	47	-14	88	-39	cell = 488 to 495
62	21	-38	-76	-43	-82	-13	-75	cell = 496 to 503
27	-19	32	-39	72	-2	5	-25	cell = 504 to 511
-3	-5	-18	-11	-17	-40	-37	-9	cell = 512 to 519
-7	-37	-35	-4	26	2	-55	-5	cell = 520 to 527
-8	18	-50	-33	19	-52	-9	-23	cell = 528 to 535
-52	-8	-14	-10	-14	-27	-46	23	cell = 536 to 543
-5	-27	1	20	-23	-21	-7	-12	cell = 544 to 551
-7	-30	-39	-26	-29	-20	-71	10	cell = 552 to 559
0	1	-12	-27	1	-8	-51	-21	cell = 560 to 567
-47	3	-54	-38	1	-40	-36	-12	cell = 568 to 575
-19	-17	-46	4	2	-42	-18	-23	cell = 576 to 583
-51	-5	21	-14	-35	-23	-33	2	cell = 584 to 591
-20	-30	-23	-32	-3	-45	2	-26	cell = 592 to 599
-58	48	-27	-6	-5	22	9	-21	cell = 600 to 607
-11	-2	-46	-37	-23	23	-29	-10	cell = 608 to 615
-25	-8	-47	1	-6	-18	2	26	cell = 616 to 623
-32	-34	-34	-48	48	5	-3	8	cell = 624 to 631
-15	-48	-42	-35	-2	2	-5	8	cell = 632 to 639
-21	-40	4	-27	-44	8	-19	-10	cell = 640 to 647
-26	-26	-27	6	-49	-14	-58	0	cell = 648 to 655
-1	25	-19	-62	-10	0	-2	9	cell = 656 to 663
-1	-22	-10	-51	-51	-7	-21	-4	cell = 664 to 671
-50	-22	-16	-36	-16	31	0	-21	cell = 672 to 679
-56	-1	-18	0	-23	-36	-54	-35	cell = 680 to 687
-15	-34	0	-26	-30	-11	-15	-14	cell = 688 to 695
-28	-43	-21	20	-8	-27	4	15	cell = 696 to 703
-9	-58	-14	-20	-5	-84	-24	-23	cell = 704 to 711
0	-36	-20	3	-35	-6	-18	10	cell = 712 to 719
-22	-42	7	-2	-56	-40	-26	-14	cell = 720 to 727
-1	-17	-6	35	-28	-23	22	-24	cell = 728 to 735
-30	-28	-70	-32	-7	-43	-48	-29	cell = 736 to 743
-21	-1	-18	-23	4	-21	-64	-34	cell = 744 to 751
-24	-1	-2	-18	-30	-23	-10	1	cell = 752 to 759
-13	-64	-38	25	19	-30	-30	11	cell = 760 to 767
3	-11	-11	-28	-28	-44	-8	-21	cell = 768 to 775
-6	-31	4	-10	22	-15	-50	2	cell = 776 to 783
-24	-64	-40	-70	1	-61	26	-12	cell = 784 to 791
-36	2	6	-18	-14	-20	-7	-28	cell = 792 to 799
-40	-24	3	-42	-68	-8	-36	0	cell = 800 to 807
-19	-23	-12	-34	-56	0	-16	-46	cell = 808 to 815
-25	-6	1	-13	-12	-17	-2	-15	cell = 816 to 823
-44	26	-22	-35	2	0	-42	4	cell = 824 to 831
-42	-16	-17	-42	-8	-4	-12	6	cell = 832 to 839
-13	-11	-51	-30	-13	-26	24	-43	cell = 840 to 847
27	-16	27	-8	-27	2	-6	-26	cell = 848 to 855
11	-16	1	4	-22	-18	-6	-32	cell = 856 to 863
10	-32	-8	-12	27	-25	-18	11	cell = 864 to 871
-34	1	-16	-5	-9	-33	-37	-35	cell = 872 to 879
23	4	-37	-30	-9	-58	-29	-31	cell = 880 to 887
-7	22	-30	-5	-29	5	-12	-18	cell = 888 to 895
-28	-50	-43	-9	-40	-31	-19	-34	cell = 896 to 903
-25	-10	-41	5	0	-26	-23	-11	cell = 904 to 911
-2	-29	-29	7	-25	10	-14	-21	cell = 912 to 919
-36	-10	11	-23	-25	-31	-15	27	cell = 920 to 927
-10	-28	-39	-69	6	-14	-39	-11	cell = 928 to 935
-28	-7	-28	-7	3	8	3	37	cell = 936 to 943
48	-30	-60	-4	-34	4	19	-18	cell = 944 to 951
-40	12	-22	-38	-4	19	-15	-1	cell = 952 to 959
-2	-25	-46	21	-23	-48	-12	8	cell = 960 to 967
-6	-20	-37	6	-10	-7	2	-42	cell = 968 to 975
-31	-38	-79	15	-16	13	4	-44	cell = 976 to 983
-10	-14	-8	-19	6	3	-29	-17	cell = 984 to 991
-3	-40	2	-13	-2	-17	-66	-61	cell = 992 to 999
-25	-28	-38	1	-53	-22	9	-12	cell = 1000 to 1007
-13	-59	-25	-33	3	-48	-25	2	cell = 1008 to 1015
9	9	-14	-34	-11	-40	-58	-25	cell = 1016 to 1023
Calibration values from cell 0 to 1024 for channel 2:

7	19	79	-28	52	-2	40	-36	cell = 0 to 7
50	8	40	34	53	-1	65	-39	cell = 8 to 15
50	18	44	-21	-5	-29	32	20	cell = 16 to 23
42	-27	47	11	42	-38	42	-28	cell = 24 to 31
51	-11	63	-54	56	48	39	-33	cell = 32 to 39
63	-9	57	-32	20	9	4	-4	cell = 40 to 47
48	-3	39	41	39	-14	58	-10	cell = 48 to 55
37	-11	23	49	46	-23	23	4	cell = 56 to 63
47	22	98	5	27	-13	66	-13	cell = 64 to 71
51	-18	28	-10	49	-19	33	-14	cell = 72 to 79
-14	2	44	-23	3	-7	63	-5	cell = 80 to 87
29	-6	63	-4	25	53	102	-5	cell = 88 to 95
83	21	16	1	65	5	61	-26	cell = 96 to 103
59	7	39	-7	93	-29	27	-35	cell = 104 to 111
28	6	44	-21	69	-13	54	-34	cell = 112 to 119
22	14	56	-25	38	-4	43	-22	cell = 120 to 127
25	31	38	12	50	-43	46	-10	cell = 128 to 135
40	-27	54	-6	60	-31	50	8	cell = 136 to 143
2	-21	57	12	50	3	92	-19	cell = 144 to 151
41	-27	79	-2	-9	-15	28	3	cell = 152 to 159
52	22	32	-4	32	-5	45	-7	cell = 160 to 167
64	10	38	-11	57	36	20	-32	cell = 168 to 175
20	-28	68	14	52	15	44	-7	cell = 176 to 183
39	-20	26	-25	57	16	25	6	cell = 184 to 191
-10	-27	83	-22	43	-26	31	-34	cell = 192 to 199
35	3	37	-48	30	7	42	-6	cell = 200 to 207
36	-9	68	-19	36	-22	64	12	cell = 208 to 215
32	-6	53	-6	56	-20	34	-16	cell = 216 to 223
51	30	9	-29	16	-15	77	28	cell = 224 to 231
26	7	72	11	59	-2	53	-33	cell = 232 to 239
40	7	53	-3	2	-16	16	-32	cell = 240 to 247
58	-5	26	-8	-5	9	56	-20	cell = 248 to 255
43	-25	42	-12	51	-4	52	-43	cell = 256 to 263
51	-13	72	-5	32	-22	42	-47	cell = 264 to 271
69	28	31	-28	61	-18	23	-22	cell = 272 to 279
49	-19	68	-27	12	-12	36	11	cell = 280 to 287
51	-17	45	-23	99	12	55	-39	cell = 288 to 295
57	24	76	-41	64	-17	63	-35	cell = 296 to 303
64	8	72	-27	62	6	33	3	cell = 304 to 311
50	-35	70	-29	3	-5	57	-29	cell = 312 to 319
55	-28	50	-2	24	-10	67	1	cell = 320 to 327
74	18	51	-42	37	18	65	-3	cell = 328 to 335
81	7	6	-50	58	-29	49	-12	cell = 336 to 343
42	0	9	-45	40	-12	65	-19	cell = 344 to 351
-9	16	31	26	50	-23	73	-7	cell = 352 to 359
28	35	41	-7	30	-16	67	-43	cell = 360 to 367
12	-5	64	-6	76	2	45	18	cell = 368 to 375
24	2	28	24	2	-17	53	-61	cell = 376 to 383
86	-23	43	0	-2	13	1	-29	cell = 384 to 391
61	43	42	-15	28	10	40	-37	cell = 392 to 399
42	-13	47	-59	13	-2	36	-25	cell = 400 to 407
12	34	16	36	36	-29	69	-49	cell = 408 to 415
61	-2	30	-31	74	19	35	11	cell = 416 to 423
48	-4	43	-31	58	52	14	-14	cell = 424 to 431
42	-30	31	27	63	35	40	5	cell = 432 to 439
55	-2	60	-30	20	0	40	-29	cell = 440 to 447
48	-7	36	-4	67	-8	44	-26	cell = 448 to 455
83	13	37	-6	62	-3	73	-36	cell = 456 to 463
53	-4	15	17	20	-19	32	-13	cell = 464 to 471
46	23	48	27	27	-24	59	-20	cell = 472 to 479
39	-17	-24	-30	59	5	25	-29	cell = 480 to 487
48	11	51	-14	26	-46	35	11	cell = 488 to 495
36	-19	9	-80	-37	-61	-40	-74	cell = 496 to 503
13	5	45	-18	58	36	-5	-62	cell = 504 to 511
-11	-11	-45	0	-31	-21	-44	6	cell = 512 to 519
-30	-16	-17	-18	-11	-52	12	9	cell = 520 to 527
-28	-21	-5	-27	-14	-2	22	-45	cell = 528 to 535
-56	-2	-16	4	-26	-40	-20	-10	cell = 536 to 543
-3	-29	-29	-41	-42	-23	-42	-23	cell = 544 to 551
-41	-49	-77	11	20	-32	-9	-17	cell = 552 to 559
-31	-69	2	-22	-44	-34	1	-42	cell = 560 to 567
-10	-43	7	-29	13	-16	-36	19	cell = 568 to 575
-4	15	-33	-8	-16	-12	-44	18	cell = 576 to 583
-24	32	-5	-15	-37	-26	-8	-24	cell = 584 to 591
5	22	2	-18	23	-46	-46	-13	cell = 592 to 599
-16	-23	-43	-39	2	-30	25	-16	cell = 600 to 607
9	-42	8	-1	2	-57	-57	-50	cell = 608 to 615
-38	-29	2	-25	-52	-14	-10	8	cell = 616 to 623
-2	1	-17	-26	-21	-38	-25	2	cell = 624 to 631
-29	-18	-57	-6	-33	-18	-4	6	cell = 632 to 639
-16	-36	-28	-4	-17	-15	-55	-21	cell = 640 to 647
-13	-37	-19	-14	7	-3	-28	-5	cell = 648 to 655
4	-7	-30	-23	-37	-31	-24	-31	cell = 656 to 663
14	-15	-20	-26	14	-26	-5	6	cell = 664 to 671
-31	-26	-62	-13	-43	6	-26	6	cell = 672 to 679
-21	4	-16	-3	-31	-41	-10	-16	cell = 680 to 687
-41	-14	-41	-1	-18	19	-26	-17	cell = 688 to 695
24	-17	-32	-10	-39	-25	10	-33	cell = 696 to 703
-51	-42	12	-32	-12	-4	17	-19	cell = 704 to 711
-10	6	-16	-32	1	9	-26	-31	cell = 712 to 719
-35	-24	-17	26	3	-24	-27	11	cell = 720 to 727
-30	-31	19	-11	-18	-2	0	-7	cell = 728 to 735
16	-15	-74	-10	20	25	-53	16	cell = 736 to 743
16	-3	-36	-13	-3	-38	-12	-18	cell = 744 to 751
-20	-55	-32	-29	-16	-31	-65	-4	cell = 752 to 759
12	-31	2	9	-40	-5	-38	-7	cell = 760 to 767
-20	-25	7	-18	-21	-7	-12	-12	cell = 768 to 775
1	-14	-22	-43	-21	-1	-6	27	cell = 776 to 783
-34	-8	1	29	31	-23	-28	-20	cell = 784 to 791
-20	-38	-15	-51	2	-38	-16	-23	cell = 792 to 799
8	-7	-8	33	4	-10	-66	-16	cell = 800 to 807
-44	-20	-43	-22	-45	-38	-16	-10	cell = 808 to 815
-7	25	-37	-5	-24	7	-38	4	cell = 816 to 823
-7	-2	1	5	-28	-5	-34	6	cell = 824 to 831
-15	-21	-30	14	0	9	-23	25	cell = 832 to 839
-23	-4	-52	-12	8	-7	-53	-13	cell = 840 to 847
-25	36	-17	14	2	-23	-48	-1	cell = 848 to 855
10	-17	-35	4	-33	-22	-43	2	cell = 856 to 863
-43	-12	-11	5	-39	-46	-24	-19	cell = 864 to 871
-48	-31	-8	0	-8	-40	-21	33	cell = 872 to 879
1	-35	16	-29	-5	-35	9	0	cell = 880 to 887
-21	26	-23	-28	-20	-52	-3	-8	cell = 888 to 895
-27	14	-25	5	-12	-56	37	10	cell = 896 to 903
-21	-8	-38	-50	-29	-46	-38	-13	cell = 904 to 911
27	-29	-16	-4	-8	13	-23	20	cell = 912 to 919
-11	-52	5	1	-61	-11	-18	-38	cell = 920 to 927
-8	-15	-42	-13	-15	-23	-25	-57	cell = 928 to 935
-8	4	-60	10	-48	-29	-21	45	cell = 936 to 943
-21	-46	-55	2	-18	-44	-23	-7	cell = 944 to 951
-14	-29	4	-17	-4	-34	-43	-3	cell = 952 to 959
5	7	-24	-1	19	-35	19	-2	cell = 960 to 967
-7	-11	-19	-49	-27	-52	0	-42	cell = 968 to 975
-23	-2	-32	-44	-4	-39	4	-23	cell = 976 to 983
-45	-34	-44	-22	-21	-39	-35	-4	cell = 984 to 991
-65	-38	3	-57	-30	10	-5	-53	cell = 992 to 999
-18	-5	-29	-30	-1	-9	5	-27	cell = 1000 to 1007
-32	-19	-53	-27	-20	-14	-23	-2	cell = 1008 to 1015
-13	-17	-45	-24	-27	-12	-21	-7	cell = 1016 to 1023
Calibration values from cell 0 to 1024 for channel 3:

27	-15	48	-30	43	-28	41	4	cell = 0 to 7
47	13	34	-35	23	-5	73	-11	cell = 8 to 15
27	1	52	0	65	-12	39	-6	cell = 16 to 23
61	-6	28	9	7	21	48	-8	cell = 24 to 31
-9	0	49	-11	41	-15	16	47	cell = 32 to 39
62	27	31	2	61	9	58	-39	cell = 40 to 47
32	-19	52	-9	30	-25	71	-12	cell = 48 to 55
31	-29	63	-27	58	-14	24	-2	cell = 56 to 63
46	-1	105	-47	57	7	36	10	cell = 64 to 71
17	35	46	-26	50	-5	33	-8	cell = 72 to 79
70	18	44	-16	41	-12	31	-14	cell = 80 to 87
40	-30	42	18	39	-27	9	-9	cell = 88 to 95
67	-8	59	-12	50	-9	43	8	cell = 96 to 103
39	-23	34	2	34	11	29	-35	cell = 104 to 111
66	3	27	-30	39	-39	41	41	cell = 112 to 119
37	-13	75	12	45	28	58	15	cell = 120 to 127
59	38	25	-10	4	16	81	-3	cell = 128 to 135
29	15	32	-31	93	-57	20	30	cell = 136 to 143
50	45	60	-29	19	-20	65	25	cell = 144 to 151
37	-7	51	-47	65	0	50	-15	cell = 152 to 159
41	22	20	-57	-5	1	58	6	cell = 160 to 167
56	-21	54	24	54	6	55	-44	cell = 168 to 175
52	11	77	-33	46	16	98	6	cell = 176 to 183
34	-5	58	16	55	-17	45	6	cell = 184 to 191
55	-17	51	7	42	-5	27	-38	cell = 192 to 199
47	5	73	-39	27	2	63	-52	cell = 200 to 207
48	38	25	-18	91	-35	37	40	cell = 208 to 215
-3	-28	31	-18	84	-13	36	-38	cell = 216 to 223
45	-17	84	-15	28	7	64	-10	cell = 224 to 231
74	-31	22	11	23	20	49	-1	cell = 232 to 239
49	-5	43	-26	15	34	31	-12	cell = 240 to 247
51	19	96	-6	102	3	24	-35	cell = 248 to 255
38	-25	17	4	54	25	57	-22	cell = 256 to 263
29	-5	42	-41	65	-7	56	41	cell = 264 to 271
-5	-29	18	-1	48	4	68	-42	cell = 272 to 279
0	14	2	-16	46	-27	69	12	cell = 280 to 287
28	20	71	-35	58	3	60	-24	cell = 288 to 295
39	15	89	1	52	-24	44	16	cell = 296 to 303
44	-8	50	-60	5	-23	50	-7	cell = 304 to 311
60	-10	52	-20	50	-19	18	-33	cell = 312 to 319
14	-26	71	-28	35	36	56	-28	cell = 320 to 327
49	-21	26	-13	30	-1	86	-26	cell = 328 to 335
29	-20	27	-12	45	-33	63	-11	cell = 336 to 343
41	-6	72	-21	28	-12	58	7	cell = 344 to 351
17	7	73	-14	49	23	74	-20	cell = 352 to 359
42	4	93	0	5	-24	42	9	cell = 360 to 367
23	-10	36	-47	52	-36	18	-39	cell = 368 to 375
21	-14	46	34	54	-7	55	-44	cell = 376 to 383
42	38	15	-52	17	-33	19	-67	cell = 384 to 391
30	-9	51	-15	53	11	26	0	cell = 392 to 399
24	40	27	-34	31	-12	49	11	cell = 400 to 407
45	-10	16	-6	-11	-5	21	-19	cell = 408 to 415
24	28	51	-63	39	-18	32	-15	cell = 416 to 423
28	0	26	-59	72	-22	24	-8	cell = 424 to 431
14	-26	55	15	62	17	38	-28	cell = 432 to 439
39	-13	60	-31	25	-3	60	-18	cell = 440 to 447
32	-44	42	-35	40	-5	38	-33	cell = 448 to 455
7	0	13	11	84	3	59	7	cell = 456 to 463
77	-39	12	22	23	-32	41	-63	cell = 464 to 471
110	-40	45	-34	59	-30	38	-8	cell = 472 to 479
44	11	83	14	64	21	53	-7	cell = 480 to 487
13	-29	42	-9	52	-2	6	-8	cell = 488 to 495
28	-22	9	-132	-22	-48	-14	-97	cell = 496 to 503
59	12	41	-3	28	14	39	11	cell = 504 to 511
-24	0	-7	-24	-35	-22	0	-16	cell = 512 to 519
-3	-26	-45	-18	-51	-34	-18	22	cell = 520 to 527
-31	14	-30	-15	-38	-27	-4	-29	cell = 528 to 535
-47	-15	-14	-39	-23	-13	-38	-2	cell = 536 to 543
-24	-12	-43	-60	6	-19	-7	-35	cell = 544 to 551
-14	-8	7	-33	-56	-46	-44	-12	cell = 552 to 559
-1	-51	-48	-17	-28	-66	-48	-36	cell = 560 to 567
-25	20	-20	-49	-26	-19	-28	-41	cell = 568 to 575
32	-7	-27	-26	-14	-21	-43	-28	cell = 576 to 583
2	-46	16	-42	2	-13	-42	-10	cell = 584 to 591
-15	-12	8	-11	-39	-9	-36	-77	cell = 592 to 599
-24	-50	-26	-13	-4	-10	-23	-32	cell = 600 to 607
5	-11	-6	-14	-34	-9	-37	-10	cell = 608 to 615
19	11	-2	-32	15	-4	-44	18	cell = 616 to 623
-4	-21	-24	-11	-7	-44	-42	5	cell = 624 to 631
-21	4	-22	12	-16	-16	-17	-32	cell = 632 to 639
-25	-20	-24	-34	-14	-46	-59	2	cell = 640 to 647
27	-24	-4	-25	-38	-20	-12	-21	cell = 648 to 655
-10	-45	-16	-21	-35	-18	-57	10	cell = 656 to 663
-21	-7	-8	34	-4	16	13	-39	cell = 664 to 671
-26	-42	-69	-29	-6	-15	-29	-42	cell = 672 to 679
-24	-21	-10	4	-11	23	20	0	cell = 680 to 687
2	-8	-37	-41	0	-7	-16	-16	cell = 688 to 695
-14	-47	-31	29	-4	-9	17	-58	cell = 696 to 703
5	-15	-14	7	9	-10	-24	-13	cell = 704 to 711
-23	-31	-53	-26	-4	-11	15	-15	cell = 712 to 719
-20	-3	-53	-26	-11	-15	-19	-17	cell = 720 to 727
12	15	-17	29	-20	-14	-30	-36	cell = 728 to 735
-20	-10	-18	-9	6	-34	-43	-4	cell = 736 to 743
-27	-48	-25	51	-7	-33	-29	17	cell = 744 to 751
-3	8	-2	-54	-30	-12	6	-2	cell = 752 to 759
-25	-4	-57	-73	-36	-17	-2	-20	cell = 760 to 767
22	-33	-32	-15	0	-6	-45	-27	cell = 768 to 775
-44	30	-2	-25	-18	-37	-31	-20	cell = 776 to 783
-17	-21	-6	5	-27	0	-6	15	cell = 784 to 791
14	-34	-44	-6	-40	0	-5	0	cell = 792 to 799
11	-2	-9	20	17	-5	-50	11	cell = 800 to 807
12	-8	2	9	-2	-42	-28	-33	cell = 808 to 815
-8	15	-9	-15	-36	-12	-7	-44	cell = 816 to 823
-23	-70	7	-32	-27	1	-43	-14	cell = 824 to 831
-5	-53	-36	-49	-24	-16	-63	38	cell = 832 to 839
-32	-24	10	-24	-11	45	-28	-16	cell = 840 to 847
-12	-58	0	-18	-53	27	-32	-16	cell = 848 to 855
-14	-6	-30	11	1	-18	-10	3	cell = 856 to 863
4	-20	-23	9	-46	-25	-36	-39	cell = 864 to 871
2	-52	-13	-12	-53	-2	-26	-21	cell = 872 to 879
-33	17	-40	6	13	-8	29	-21	cell = 880 to 887
29	-4	-32	15	-9	-12	15	-6	cell = 888 to 895
-45	-30	-6	-23	-31	-30	-36	-29	cell = 896 to 903
13	-5	-24	-11	-28	-42	-16	9	cell = 904 to 911
-10	11	-32	-34	10	21	-6	-30	cell = 912 to 919
-4	1	0	-46	24	-11	-20	-43	cell = 920 to 927
19	12	-20	-23	14	-47	-19	-3	cell = 928 to 935
-44	-31	-18	4	-4	-48	8	-30	cell = 936 to 943
-35	-16	-8	-26	-16	-31	-19	-12	cell = 944 to 951
13	-14	-12	1	-27	4	-44	-72	cell = 952 to 959
-20	-45	-13	-36	23	-24	-25	-36	cell = 960 to 967
-12	-2	-4	23	-18	-57	-28	18	cell = 968 to 975
4	-37	-33	-64	55	-14	-60	-18	cell = 976 to 983
-23	-33	-17	-18	-35	37	-42	-9	cell = 984 to 991
-9	-40	-8	2	-21	-15	-14	-19	cell = 992 to 999
4	-55	31	9	-5	-42	1	-65	cell = 1000 to 1007
36	-51	-50	-32	-8	26	-37	-40	cell = 1008 to 1015
-18	23	-7	-39	-55	-24	-23	2	cell = 1016 to 1023
Calibration values from cell 0 to 1024 for channel 4:

54	-18	-3	-30	45	18	33	13	cell = 0 to 7
54	-8	46	12	38	24	55	-59	cell = 8 to 15
82	-39	37	-4	63	-36	19	36	cell = 16 to 23
30	24	69	-17	31	-29	14	3	cell = 24 to 31
59	1	83	19	43	-4	65	-21	cell = 32 to 39
39	-32	37	-17	57	22	60	-36	cell = 40 to 47
47	-36	75	-14	32	-10	89	-11	cell = 48 to 55
64	28	46	-25	37	-29	66	-25	cell = 56 to 63
67	1	-6	4	88	45	59	-2	cell = 64 to 71
62	-34	61	8	33	-14	38	-17	cell = 72 to 79
30	-13	80	-12	28	20	62	-24	cell = 80 to 87
24	-5	25	-6	56	4	62	-12	cell = 88 to 95
11	-10	44	-12	50	-8	29	-7	cell = 96 to 103
50	-46	27	-18	21	-8	59	14	cell = 104 to 111
46	-32	55	9	25	0	57	-20	cell = 112 to 119
42	0	68	-31	60	-13	45	12	cell = 120 to 127
41	-5	46	-57	11	14	33	1	cell = 128 to 135
49	8	49	18	65	-21	31	5	cell = 136 to 143
21	-30	66	-18	39	33	45	14	cell = 144 to 151
46	-29	51	-14	49	-15	41	-25	cell = 152 to 159
30	2	18	-17	84	-17	40	-12	cell = 160 to 167
74	-43	40	-6	56	12	51	-40	cell = 168 to 175
67	-9	48	8	56	-24	51	-26	cell = 176 to 183
15	-8	44	-33	45	11	31	-33	cell = 184 to 191
38	-23	-23	-26	24	-10	42	-27	cell = 192 to 199
34	40	62	3	65	-5	-10	-29	cell = 200 to 207
39	-17	27	-3	54	-16	16	23	cell = 208 to 215
-7	13	67	-51	62	-16	34	-12	cell = 216 to 223
42	30	17	-8	54	28	37	-16	cell = 224 to 231
31	12	32	31	24	12	49	18	cell = 232 to 239
61	-23	62	3	24	38	50	44	cell = 240 to 247
34	0	73	-4	55	5	37	-27	cell = 248 to 255
35	9	68	-12	21	11	29	31	cell = 256 to 263
30	0	61	7	23	8	58	-2	cell = 264 to 271
41	27	14	2	89	-29	41	4	cell = 272 to 279
48	-20	57	0	55	-9	36	-15	cell = 280 to 287
98	4	49	14	46	-6	52	-17	cell = 288 to 295
59	32	10	-16	36	3	63	13	cell = 296 to 303
65	-19	44	-40	52	-3	44	-34	cell = 304 to 311
57	8	50	6	58	42	101	-36	cell = 312 to 319
12	8	51	-15	35	-12	57	-29	cell = 320 to 327
30	-28	38	1	55	-7	44	-37	cell = 328 to 335
41	-1	36	-38	71	1	66	-30	cell = 336 to 343
15	-32	47	-15	24	21	59	-44	cell = 344 to 351
39	-1	35	12	41	-6	47	2	cell = 352 to 359
4	-5	15	18	53	22	58	-22	cell = 360 to 367
42	-50	57	-8	60	-9	50	-40	cell = 368 to 375
53	-29	31	21	26	23	46	-16	cell = 376 to 383
70	26	40	-18	-7	-20	58	-18	cell = 384 to 391
38	-31	69	-58	37	-9	77	-10	cell = 392 to 399
12	12	38	-20	41	12	16	-6	cell = 400 to 407
58	-28	51	8	26	-17	-8	-13	cell = 408 to 415
38	-19	51	28	24	-24	27	-33	cell = 416 to 423
3	-9	77	21	74	-8	69	-5	cell = 424 to 431
42	45	77	13	36	42	14	-17	cell = 432 to 439
62	30	40	0	82	7	46	-19	cell = 440 to 447
42	21	86	-12	42	10	38	9	cell = 448 to 455
22	-15	30	-31	72	2	9	7	cell = 456 to 463
42	-36	20	10	30	1	49	28	cell = 464 to 471
26	-19	40	-5	37	-19	48	-32	cell = 472 to 479
55	18	24	-29	22	13	77	-8	cell = 480 to 487
15	71	62	-21	34	-10	59	-22	cell = 488 to 495
28	6	-32	-82	-2	-99	-49	-90	cell = 496 to 503
33	-19	18	-21	46	-20	31	-29	cell = 504 to 511
-56	-43	-9	-21	-10	-52	-12	-53	cell = 512 to 519
-26	-15	-43	10	-8	-19	-19	4	cell = 520 to 527
-16	7	-64	-75	-10	-16	-55	-16	cell = 528 to 535
12	-32	-80	0	-41	-38	-21	-30	cell = 536 to 543
-35	-42	1	2	2	-20	-16	-4	cell = 544 to 551
-15	5	-10	-4	-2	3	-45	-11	cell = 552 to 559
20	-1	-18	-2	-15	-26	-62	7	cell = 560 to 567
16	-48	-13	-5	-5	-24	-31	26	cell = 568 to 575
-22	-19	-48	-33	-35	-42	-29	-25	cell = 576 to 583
-50	-1	12	-44	-45	21	-42	-1	cell = 584 to 591
2	-32	-60	10	-25	-67	-40	-40	cell = 592 to 599
4	-35	-18	35	-2	2	-21	-54	cell = 600 to 607
-9	-22	0	-18	2	-23	-8	-39	cell = 608 to 615
-24	-7	-2	-51	-25	11	-17	33	cell = 616 to 623
-21	-9	5	-28	-5	2	-16	-48	cell = 624 to 631
-31	29	-15	-30	-30	-6	-19	-8	cell = 632 to 639
3	-10	-7	-45	-2	-51	-14	-46	cell = 640 to 647
-22	-27	10	-23	-23	-20	-16	-22	cell = 648 to 655
-27	-6	-36	-24	-12	-24	-57	-29	cell = 656 to 663
-20	-30	24	-28	-45	-31	-12	-33	cell = 664 to 671
-10	14	-39	-33	11	-15	-14	-59	cell = 672 to 679
-41	-6	-31	-25	-31	-10	-8	12	cell = 680 to 687
-53	-10	-5	-19	-13	-7	-45	7	cell = 688 to 695
-52	-21	-70	-27	-7	-43	11	22	cell = 696 to 703
-41	-34	25	12	11	-53	-43	-24	cell = 704 to 711
-4	-16	-32	-27	-19	-20	-21	-48	cell = 712 to 719
2	-74	-6	-26	2	-1	4	-30	cell = 720 to 727
-28	5	-54	-5	-25	2	-15	8	cell = 728 to 735
-11	-60	25	11	26	-12	-21	-39	cell = 736 to 743
-10	-14	-58	-16	28	-5	-40	-45	cell = 744 to 751
-19	-30	-19	-25	-42	-22	-47	33	cell = 752 to 759
24	2	-12	9	3	-10	-57	-63	cell = 760 to 767
12	-72	-48	-6	-24	-42	9	41	cell = 768 to 775
-24	-1	-38	-13	-25	1	-17	-33	cell = 776 to 783
-11	-42	-12	-46	-28	-60	-6	-7	cell = 784 to 791
15	-6	-3	-10	12	0	-20	-30	cell = 792 to 799
-66	-8	0	-31	-20	-39	10	-29	cell = 800 to 807
-16	-50	-30	-11	1	-60	-1	-27	cell = 808 to 815
1	-19	-22	-53	-32	-22	-21	-20	cell = 816 to 823
-59	0	26	-39	-7	-45	3	-27	cell = 824 to 831
-37	7	-24	-35	10	7	-21	-7	cell = 832 to 839
-16	-29	21	-27	-20	-21	-24	-8	cell = 840 to 847
-7	-31	-3	-5	-43	-2	-37	-10	cell = 848 to 855
17	11	-21	-33	-26	-52	-12	0	cell = 856 to 863
-20	-21	-26	-38	-34	12	7	-50	cell = 864 to 871
-11	-45	-2	-52	-23	-23	-37	0	cell = 872 to 879
22	-25	37	-19	4	0	-12	-37	cell = 880 to 887
-4	-38	-24	-21	29	-24	-25	-20	cell = 888 to 895
13	-81	-39	-28	-17	-27	0	-21	cell = 896 to 903
-15	-26	-25	-28	-17	-13	-40	-21	cell = 904 to 911
2	-44	-41	-35	20	-18	-29	-26	cell = 912 to 919
3	9	-26	-10	-8	-58	-17	-8	cell = 920 to 927
-17	12	-14	-13	-34	0	-4	-2	cell = 928 to 935
9	-27	-7	-7	21	12	-8	-18	cell = 936 to 943
-19	9	2	15	-16	-52	-41	-11	cell = 944 to 951
0	-34	14	-43	-31	-10	-14	6	cell = 952 to 959
-36	-7	-31	0	-7	-16	-6	-26	cell = 960 to 967
-40	12	15	8	-6	-30	-16	1	cell = 968 to 975
-30	-31	-36	-20	-22	-37	-25	-2	cell = 976 to 983
-21	-79	2	-24	-12	3	-4	-7	cell = 984 to 991
-70	-58	10	-20	-24	-31	-34	7	cell = 992 to 999
-75	-8	-29	-18	-52	-43	-7	-1	cell = 1000 to 1007
-19	-14	-30	-35	-21	-4	26	-23	cell = 1008 to 1015
14	-23	-36	-30	-11	-31	-68	0	cell = 1016 to 1023
Calibration values from cell 0 to 1024 for channel 5:

45	-6	84	-13	44	17	35	-34	cell = 0 to 7
55	14	76	-25	11	-32	45	-53	cell = 8 to 15
69	2	70	-52	15	11	31	-43	cell = 16 to 23
34	13	32	-21	21	15	37	-22	cell = 24 to 31
41	-2	70	9	64	15	47	-13	cell = 32 to 39
36	-18	89	-16	20	0	29	-13	cell = 40 to 47
34	-15	22	-23	42	-26	68	-9	cell = 48 to 55
37	33	13	-44	36	-23	81	0	cell = 56 to 63
31	7	24	-19	7	-25	44	-13	cell = 64 to 71
18	25	72	-11	39	5	55	-25	cell = 72 to 79
64	5	87	10	73	-29	78	-27	cell = 80 to 87
98	-20	64	6	46	4	13	-18	cell = 88 to 95
48	43	51	29	58	28	64	-6	cell = 96 to 103
37	-8	46	9	33	-7	10	-21	cell = 104 to 111
68	25	77	12	39	-9	51	-22	cell = 112 to 119
15	-6	78	-50	43	5	64	-32	cell = 120 to 127
26	18	58	0	57	-11	86	-7	cell = 128 to 135
35	10	26	-40	48	1	95	-6	cell = 136 to 143
-5	-9	52	-8	35	-5	18	-29	cell = 144 to 151
8	4	57	10	45	6	57	-11	cell = 152 to 159
33	-4	75	-45	73	34	29	-23	cell = 160 to 167
12	5	84	-14	49	-6	35	-17	cell = 168 to 175
24	-49	34	-14	65	10	57	2	cell = 176 to 183
11	10	57	15	42	-11	55	-58	cell = 184 to 191
56	-22	-14	0	57	-39	54	-36	cell = 192 to 199
39	32	40	-19	75	9	56	15	cell = 200 to 207
45	-18	44	-7	76	-33	39	-5	cell = 208 to 215
52	-12	84	-25	44	-21	49	-18	cell = 216 to 223
55	24	84	-18	24	-43	65	-42	cell = 224 to 231
56	21	30	-7	42	-25	19	39	cell = 232 to 239
52	-10	25	-11	30	4	31	-41	cell = 240 to 247
31	24	46	-3	77	28	39	-48	cell = 248 to 255
16	12	73	-46	55	-38	48	-4	cell = 256 to 263
41	21	70	11	47	9	57	3	cell = 264 to 271
49	16	46	-22	33	-19	41	-5	cell = 272 to 279
46	-21	22	17	66	19	54	14	cell = 280 to 287
26	0	-1	0	54	2	26	14	cell = 288 to 295
66	-13	45	-9	41	-36	41	-37	cell = 296 to 303
46	-2	19	-13	50	19	83	-11	cell = 304 to 311
20	-11	26	-29	39	12	52	15	cell = 312 to 319
27	-23	22	-4	-10	-6	50	-25	cell = 320 to 327
39	39	65	-6	26	0	54	-19	cell = 328 to 335
65	0	62	-8	26	-21	64	-26	cell = 336 to 343
62	-17	48	10	30	-16	23	-9	cell = 344 to 351
46	4	57	-3	48	-9	5	5	cell = 352 to 359
63	-3	84	-12	30	16	0	-35	cell = 360 to 367
65	-43	57	-17	50	-11	22	11	cell = 368 to 375
49	-5	57	-20	47	-26	44	-30	cell = 376 to 383
55	-29	63	3	51	-38	37	-35	cell = 384 to 391
51	-8	47	-2	66	9	20	-1	cell = 392 to 399
24	-57	59	0	50	-4	43	-11	cell = 400 to 407
49	-28	76	2	48	-28	82	3	cell = 408 to 415
53	-2	56	-14	5	-26	52	-1	cell = 416 to 423
33	-13	77	-25	49	-14	20	-11	cell = 424 to 431
29	-4	19	-37	52	-21	53	-6	cell = 432 to 439
11	-19	28	-44	31	-38	22	-45	cell = 440 to 447
21	7	83	-18	33	0	41	-25	cell = 448 to 455
46	-32	20	-28	35	5	6	0	cell = 456 to 463
62	29	43	-6	57	17	49	-25	cell = 464 to 471
66	-24	25	-15	8	-20	56	-18	cell = 472 to 479
56	-13	42	-52	22	-31	52	-10	cell = 480 to 487
87	-2	-10	10	75	-19	32	-30	cell = 488 to 495
7	8	25	-95	-30	-59	-18	-80	cell = 496 to 503
44	-1	66	33	33	-33	12	20	cell = 504 to 511
-14	-9	20	3	1	-49	-15	-15	cell = 512 to 519
6	8	-17	-11	24	6	-23	-31	cell = 520 to 527
7	-35	-35	-55	-8	-38	-59	3	cell = 528 to 535
-31	-40	-30	-23	-5	-41	-34	-25	cell = 536 to 543
-33	-15	-36	-31	-20	28	-35	-16	cell = 544 to 551
16	11	-66	-29	-8	-9	-22	-24	cell = 552 to 559
-15	4	-31	-33	-23	-6	-32	-27	cell = 560 to 567
10	-7	-12	14	-25	0	-20	-2	cell = 568 to 575
0	23	-33	-35	15	-12	-5	19	cell = 576 to 583
-2	-42	3	31	-44	-76	-12	-43	cell = 584 to 591
-60	9	-7	-20	-15	-39	-25	-47	cell = 592 to 599
-6	-32	-49	14	-17	-19	-19	-11	cell = 600 to 607
-37	-30	-20	-8	-35	20	-42	-44	cell = 608 to 615
-9	-31	-6	-12	-33	-43	-23	-2	cell = 616 to 623
-45	-20	56	-17	30	-23	-43	-8	cell = 624 to 631
34	-27	-9	-3	-22	-27	27	-36	cell = 632 to 639
-22	-24	-69	-7	-38	-62	-33	-6	cell = 640 to 647
-12	26	-22	-7	-9	-32	17	-68	cell = 648 to 655
32	-15	-3	-70	-21	4	10	-1	cell = 656 to 663
21	-50	-8	-24	-40	-17	1	-18	cell = 664 to 671
0	-12	-16	-83	46	-31	37	-26	cell = 672 to 679
-4	11	22	-77	20	-5	21	-15	cell = 680 to 687
-8	-29	10	-23	-5	26	-34	39	cell = 688 to 695
-35	-27	0	-15	2	-24	2	-38	cell = 696 to 703
-16	-38	-31	-16	-26	-51	-50	-29	cell = 704 to 711
-43	-31	-21	-16	-15	-21	-83	-18	cell = 712 to 719
-3	14	-54	9	5	-2	-22	-11	cell = 720 to 727
-34	-19	-2	-18	-28	-41	-56	-19	cell = 728 to 735
9	-37	-28	-15	-12	-27	-36	-40	cell = 736 to 743
-59	1	-27	-17	-39	-24	0	-31	cell = 744 to 751
-13	-30	-55	-37	-8	-51	-14	-36	cell = 752 to 759
-48	17	-2	17	-20	-4	-51	-6	cell = 760 to 767
-38	-19	-68	-32	-31	-50	-16	-32	cell = 768 to 775
-11	-42	-25	-7	-15	13	-44	6	cell = 776 to 783
-39	-52	6	-38	3	-11	-8	-2	cell = 784 to 791
-17	-34	-12	-30	-28	-2	-43	-68	cell = 792 to 799
7	-13	-2	-51	-41	-44	-3	11	cell = 800 to 807
-1	-26	-16	-4	12	6	-6	-40	cell = 808 to 815
-59	-26	-6	41	-14	-21	-14	-35	cell = 816 to 823
-45	-3	-16	-29	-17	-32	-65	-14	cell = 824 to 831
-4	-10	-27	-7	-31	-10	-26	27	cell = 832 to 839
-12	-19	15	-28	-41	-39	0	23	cell = 840 to 847
-3	-44	-10	33	-9	-24	11	-20	cell = 848 to 855
-55	-41	25	14	-31	-15	-2	-30	cell = 856 to 863
12	-51	-23	-11	-28	27	54	17	cell = 864 to 871
25	-32	-13	-25	-38	-19	-29	-37	cell = 872 to 879
34	-46	-22	16	9	-29	-6	-25	cell = 880 to 887
-12	-70	-15	-16	-7	-29	14	-32	cell = 888 to 895
-12	-33	21	-18	-18	-28	-61	8	cell = 896 to 903
-19	-1	-21	-3	-21	-14	0	-12	cell = 904 to 911
-44	-47	-40	-45	-24	-40	-35	-6	cell = 912 to 919
24	-49	-7	-16	15	-55	-24	-38	cell = 920 to 927
-52	3	-13	-15	-8	-23	-30	3	cell = 928 to 935
-17	13	-41	-17	6	-56	-3	-9	cell = 936 to 943
-16	5	-3	-20	-32	30	-35	-8	cell = 944 to 951
14	21	2	-33	-9	-54	-11	4	cell = 952 to 959
-33	-17	-15	-6	21	-15	-7	11	cell = 960 to 967
-17	-29	-43	-32	-40	-30	-12	-3	cell = 968 to 975
-24	-23	33	-17	-2	10	-54	2	cell = 976 to 983
13	12	17	8	-25	-23	-33	-25	cell = 984 to 991
18	-40	-17	-43	-32	-24	-31	-27	cell = 992 to 999
18	-28	-47	7	10	-41	-10	-41	cell = 1000 to 1007
-41	-33	5	-17	-11	-40	-8	-15	cell = 1008 to 1015
-53	0	27	-32	-5	-16	-14	-2	cell = 1016 to 1023
Calibration values from cell 0 to 1024 for channel 6:

42	-15	68	-6	30	-22	40	-9	cell = 0 to 7
46	-25	21	-22	29	-18	12	27	cell = 8 to 15
57	-30	43	-17	33	21	14	-35	cell = 16 to 23
18	-16	55	-20	70	3	71	-29	cell = 24 to 31
83	-10	-3	-45	35	25	75	-26	cell = 32 to 39
19	-17	84	-8	76	-17	37	-20	cell = 40 to 47
27	-17	44	-48	38	-42	35	-5	cell = 48 to 55
54	-37	-7	4	77	0	30	-7	cell = 56 to 63
44	-7	60	-20	44	-8	76	-14	cell = 64 to 71
41	8	49	-6	28	-45	71	-10	cell = 72 to 79
35	-46	60	-2	53	1	14	-21	cell = 80 to 87
37	0	79	15	21	-12	39	17	cell = 88 to 95
68	20	38	-2	55	13	56	14	cell = 96 to 103
15	10	51	25	49	-25	98	-16	cell = 104 to 111
68	12	12	-5	22	-17	86	5	cell = 112 to 119
82	-29	3	-41	-1	35	48	22	cell = 120 to 127
66	-3	35	-48	24	29	51	-15	cell = 128 to 135
59	-25	72	-40	70	37	48	28	cell = 136 to 143
81	6	57	-18	54	26	13	-22	cell = 144 to 151
51	-24	49	20	54	-2	63	-10	cell = 152 to 159
36	10	18	-43	32	8	21	-13	cell = 160 to 167
35	-19	53	-10	50	7	74	-31	cell = 168 to 175
58	-9	37	18	99	17	75	45	cell = 176 to 183
95	42	51	-46	30	9	76	-9	cell = 184 to 191
11	-8	18	-21	32	-51	39	34	cell = 192 to 199
40	-19	47	25	63	-21	39	5	cell = 200 to 207
41	-32	62	-7	50	-10	64	-55	cell = 208 to 215
-2	-10	36	-6	34	-8	37	-16	cell = 216 to 223
23	-27	40	-18	64	-15	56	-58	cell = 224 to 231
42	29	21	-8	29	-5	33	-12	cell = 232 to 239
54	19	108	-29	75	21	67	-8	cell = 240 to 247
20	-4	25	5	70	-20	32	-14	cell = 248 to 255
72	-10	55	-25	45	-30	43	-25	cell = 256 to 263
71	7	68	-4	42	-5	29	-4	cell = 264 to 271
42	-31	94	15	38	16	12	-39	cell = 272 to 279
19	-27	69	36	23	2	64	-5	cell = 280 to 287
51	13	64	-21	72	-18	44	-2	cell = 288 to 295
65	13	41	-39	66	-67	32	5	cell = 296 to 303
36	31	7	10	39	12	31	28	cell = 304 to 311
93	-3	24	-10	42	-22	35	8	cell = 312 to 319
54	-31	48	-32	60	16	33	-24	cell = 320 to 327
41	-4	69	-16	22	6	-15	-4	cell = 328 to 335
12	-11	8	-14	21	-20	78	-36	cell = 336 to 343
47	-16	36	-13	28	10	49	-29	cell = 344 to 351
71	-6	62	-14	11	-8	27	-19	cell = 352 to 359
50	-30	57	-15	54	-5	52	-27	cell = 360 to 367
72	26	36	-37	64	30	26	-26	cell = 368 to 375
33	6	44	-45	46	-53	24	-34	cell = 376 to 383
33	-23	17	-10	43	-10	2	-28	cell = 384 to 391
75	-35	14	-17	15	-23	52	-44	cell = 392 to 399
33	-10	46	-2	45	30	71	-48	cell = 400 to 407
65	-36	54	21	38	-24	58	-44	cell = 408 to 415
28	-6	72	7	48	-5	41	-16	cell = 416 to 423
53	8	47	-1	34	-33	27	-8	cell = 424 to 431
33	-13	18	3	70	6	63	-12	cell = 432 to 439
8	-10	69	-37	48	-30	57	-50	cell = 440 to 447
14	-20	66	-64	50	-44	80	-17	cell = 448 to 455
13	-23	54	-2	55	3	33	0	cell = 456 to 463
22	1	65	-7	31	27	51	11	cell = 464 to 471
61	6	41	-36	46	7	8	22	cell = 472 to 479
33	-30	56	-31	44	-36	-7	-12	cell = 480 to 487
47	-19	71	-28	23	0	61	-3	cell = 488 to 495
90	-16	-41	-55	-33	-83	-30	-86	cell = 496 to 503
60	-35	20	1	-3	-25	20	-42	cell = 504 to 511
1	-63	-52	3	0	-6	-10	24	cell = 512 to 519
-53	-30	-43	-15	-47	-41	9	-27	cell = 520 to 527
-16	-57	-3	9	19	8	-2	-19	cell = 528 to 535
9	-8	-36	-68	0	0	-4	-31	cell = 536 to 543
-45	-34	-19	-14	-50	19	-12	-39	cell = 544 to 551
-12	-19	-54	-30	-13	-23	26	-64	cell = 552 to 559
-20	-42	-22	-39	11	-11	-37	-8	cell = 560 to 567
11	-20	-43	-19	-20	-21	-9	-4	cell = 568 to 575
-31	-25	-45	-13	-22	-34	-15	-24	cell = 576 to 583
-5	11	12	13	-44	-2	-13	-25	cell = 584 to 591
-44	-20	-35	-36	-3	-34	35	1	cell = 592 to 599
-22	3	-22	-47	-18	28	-33	2	cell = 600 to 607
-4	-34	7	-56	-12	-44	-16	7	cell = 608 to 615
-41	-10	-29	-22	22	7	-9	-60	cell = 616 to 623
-17	-31	-34	-10	-31	-7	8	-30	cell = 624 to 631
-25	0	4	2	-5	0	-10	-15	cell = 632 to 639
-25	4	-37	-6	-36	-35	-31	-7	cell = 640 to 647
-11	3	-21	-1	-12	-40	-14	3	cell = 648 to 655
-45	0	-45	-33	-10	-17	-56	-42	cell = 656 to 663
-77	-16	15	30	-9	-41	-20	-2	cell = 664 to 671
8	-3	-24	-20	4	-72	10	-23	cell = 672 to 679
30	-23	-11	1	-35	27	13	-28	cell = 680 to 687
12	-45	-18	-4	-32	-67	-24	-23	cell = 688 to 695
-10	-34	7	-1	0	-18	-27	2	cell = 696 to 703
-31	-24	-4	-20	-6	-25	-29	-63	cell = 704 to 711
-57	-23	-24	-26	4	-16	-53	-24	cell = 712 to 719
-24	-26	-19	-47	2	-8	-16	-24	cell = 720 to 727
10	-34	39	3	-12	-29	-16	-28	cell = 728 to 735
10	-34	-26	2	-16	-8	-54	-43	cell = 736 to 743
-12	-6	-54	-29	2	12	-41	-14	cell = 744 to 751
39	15	20	-6	1	-5	34	7	cell = 752 to 759
4	-14	-2	-28	-27	-21	-28	-22	cell = 760 to 767
20	-15	-5	-37	-13	-8	-27	-27	cell = 768 to 775
6	-54	-26	20	2	-11	-6	-39	cell = 776 to 783
-22	-30	-21	-12	-21	16	-34	-12	cell = 784 to 791
-55	-26	-33	-33	-27	-22	-48	-46	cell = 792 to 799
-16	-38	-38	-10	13	2	-37	0	cell = 800 to 807
-17	8	7	-22	12	-9	-21	-5	cell = 808 to 815
-31	7	-21	-30	-20	5	-23	-54	cell = 816 to 823
-16	-1	-26	22	-60	14	14	0	cell = 824 to 831
-36	-34	-17	-70	14	-18	-25	4	cell = 832 to 839
20	7	3	-48	-39	-12	-9	-53	cell = 840 to 847
11	-7	-26	4	-23	-22	6	-1	cell = 848 to 855
-21	-22	-26	-9	-42	-50	-54	-46	cell = 856 to 863
-41	-8	12	-12	-7	-35	-29	-4	cell = 864 to 871
18	-38	-26	9	-55	13	-33	-7	cell = 872 to 879
-29	-5	-17	-16	11	5	-23	-14	cell = 880 to 887
-5	-43	-15	32	-52	-65	-49	10	cell = 888 to 895
-27	-26	-21	-4	21	8	2	16	cell = 896 to 903
-11	-9	-26	-52	16	-7	-27	-2	cell = 904 to 911
-30	1	14	-11	-39	-14	20	-29	cell = 912 to 919
0	-25	-16	6	-64	-54	2	3	cell = 920 to 927
-19	4	-36	-36	-52	-7	-26	-14	cell = 928 to 935
-2	-9	-11	6	-13	20	2	-11	cell = 936 to 943
-33	-9	2	-42	-7	-41	1	-24	cell = 944 to 951
9	-24	9	0	-15	-29	17	-21	cell = 952 to 959
-53	-3	3	4	9	-2	-13	-18	cell = 960 to 967
-33	-20	-22	35	8	-45	-58	-29	cell = 968 to 975
-36	-12	-27	-16	13	-17	-31	-29	cell = 976 to 983
-38	-62	1	-39	-10	-19	2	-33	cell = 984 to 991
-4	-52	0	-25	-44	-12	14	23	cell = 992 to 999
-48	-40	2	-11	6	-7	0	-6	cell = 1000 to 1007
-37	-16	-38	-48	-58	-27	-20	-2	cell = 1008 to 1015
-15	14	-56	-29	-23	-23	-46	3	cell = 1016 to 1023
Calibration values from cell 0 to 1024 for channel 7:

13	27	10	-29	25	-28	2	-20	cell = 0 to 7
45	-43	27	10	0	7	37	-36	cell = 8 to 15
57	-61	36	-13	41	-19	60	2	cell = 16 to 23
74	-29	87	-8	10	0	50	-22	cell = 24 to 31
82	7	60	10	36	12	79	0	cell = 32 to 39
15	5	47	-36	65	9	5	25	cell = 40 to 47
42	22	69	-15	102	-9	62	6	cell = 48 to 55
68	-8	44	-24	51	3	46	-24	cell = 56 to 63
45	-9	24	-33	48	-25	12	-23	cell = 64 to 71
50	9	17	-20	57	-33	51	-26	cell = 72 to 79
83	7	3	54	49	20	66	-30	cell = 80 to 87
30	20	63	-18	40	-17	57	-22	cell = 88 to 95
62	-8	47	-49	55	5	63	-10	cell = 96 to 103
37	6	23	0	10	4	60	-28	cell = 104 to 111
34	-43	35	8	16	8	20	-22	cell = 112 to 119
49	-47	70	-46	20	-2	26	-53	cell = 120 to 127
65	-6	30	-4	61	-24	32	9	cell = 128 to 135
57	11	74	-20	27	4	79	6	cell = 136 to 143
-6	-9	4	-26	57	-13	54	6	cell = 144 to 151
45	4	58	6	71	9	53	-16	cell = 152 to 159
63	9	46	-6	28	-24	52	-31	cell = 160 to 167
53	1	51	-1	78	0	54	-6	cell = 168 to 175
40	10	53	-11	43	-2	37	-38	cell = 176 to 183
26	-43	29	19	40	-27	41	-16	cell = 184 to 191
64	11	25	-19	82	12	49	-13	cell = 192 to 199
61	-15	31	-19	79	-6	38	-36	cell = 200 to 207
63	-21	23	28	46	31	32	16	cell = 208 to 215
21	18	35	-33	17	-30	47	-13	cell = 216 to 223
43	-5	35	-7	34	-13	57	-18	cell = 224 to 231
29	-11	49	2	36	-64	73	-25	cell = 232 to 239
73	38	37	-31	63	7	18	-26	cell = 240 to 247
61	-2	78	-38	58	-7	48	-54	cell = 248 to 255
49	-15	63	-18	51	-31	37	-17	cell = 256 to 263
73	-18	65	-38	1	-2	38	-54	cell = 264 to 271
40	-39	59	-34	19	-17	41	-18	cell = 272 to 279
36	-18	57	4	17	0	32	15	cell = 280 to 287
77	-66	32	-6	55	-24	43	43	cell = 288 to 295
116	-37	39	-2	55	18	55	-18	cell = 296 to 303
37	-29	74	-9	41	42	51	-2	cell = 304 to 311
12	18	78	-4	42	-20	32	-12	cell = 312 to 319
65	-5	82	0	-7	-37	90	3	cell = 320 to 327
69	0	50	-30	13	-11	49	40	cell = 328 to 335
19	8	57	-9	51	11	79	-7	cell = 336 to 343
79	-6	51	-40	12	-22	56	-41	cell = 344 to 351
13	-30	26	31	47	25	78	11	cell = 352 to 359
19	-23	43	-27	58	-11	36	-3	cell = 360 to 367
41	-25	3	-10	-10	-6	59	2	cell = 368 to 375
41	-5	43	12	71	-29	17	-58	cell = 376 to 383
54	31	64	-31	30	-16	10	-12	cell = 384 to 391
15	-41	94	30	14	17	33	0	cell = 392 to 399
3	-40	56	19	-10	2	58	12	cell = 400 to 407
44	-5	26	-31	63	-22	16	-3	cell = 408 to 415
24	6	47	5	9	13	57	-16	cell = 416 to 423
35	-22	50	-31	49	-20	1	-49	cell = 424 to 431
25	0	63	-61	54	-16	54	33	cell = 432 to 439
88	7	25	-60	28	-7	17	-10	cell = 440 to 447
46	-52	97	-25	19	20	35	-13	cell = 448 to 455
64	11	61	-25	52	-16	46	12	cell = 456 to 463
33	-29	63	-29	34	-10	43	-25	cell = 464 to 471
0	-50	76	-20	19	17	32	1	cell = 472 to 479
47	5	12	-31	79	-3	64	-42	cell = 480 to 487
44	-1	68	-10	49	2	48	-17	cell = 488 to 495
44	-10	-46	-79	-64	-86	-45	-100	cell = 496 to 503
56	30	81	2	56	-12	21	27	cell = 504 to 511
-10	-12	-34	-38	-26	-1	-44	-42	cell = 512 to 519
-14	2	-40	-19	31	-80	15	-4	cell = 520 to 527
-3	33	33	-44	-40	-13	-20	-21	cell = 528 to 535
-16	4	-2	6	-40	0	-21	-4	cell = 536 to 543
-29	-42	-25	-36	-8	-43	-13	12	cell = 544 to 551
-33	-33	3	3	9	-5	-50	-51	cell = 552 to 559
-20	-20	2	-39	16	-31	-58	-74	cell = 560 to 567
-22	-45	3	-44	8	-37	-58	1	cell = 568 to 575
-54	-7	-21	-9	-30	-18	-14	-21	cell = 576 to 583
4	-2	-21	20	-34	-23	-13	-2	cell = 584 to 591
-23	2	-27	10	1	-38	-23	-16	cell = 592 to 599
-2	-72	-9	-53	-11	-52	23	-20	cell = 600 to 607
-3	-28	-10	5	6	-12	-12	-30	cell = 608 to 615
6	-10	-10	-40	-10	0	-14	8	cell = 616 to 623
-9	-33	-23	-9	-22	19	-44	-44	cell = 624 to 631
6	-12	-47	-64	-39	-29	-16	-46	cell = 632 to 639
-24	7	-34	-37	-35	-35	-17	-29	cell = 640 to 647
-3	-21	-4	-6	-34	-5	-21	-3	cell = 648 to 655
5	-13	17	-30	-16	-11	-49	-7	cell = 656 to 663
5	-38	-32	20	8	3	9	-24	cell = 664 to 671
6	-9	-15	17	-17	-39	4	-15	cell = 672 to 679
-2	-23	-8	-5	2	-56	-60	-25	cell = 680 to 687
24	-50	-22	-34	4	-7	-7	-5	cell = 688 to 695
-15	2	14	9	-8	-24	-3	-18	cell = 696 to 703
-10	-8	-14	-8	-28	-31	-48	-28	cell = 704 to 711
-48	-37	18	-43	2	-23	-48	-14	cell = 712 to 719
9	-24	-38	5	9	-40	-32	-77	cell = 720 to 727
-46	0	-42	-43	9	18	-4	-28	cell = 728 to 735
-18	-16	-19	-32	-36	-24	-11	-38	cell = 736 to 743
19	-14	-57	-8	28	-23	-52	-12	cell = 744 to 751
-36	17	-22	24	16	-14	-42	-17	cell = 752 to 759
-37	-34	-2	-54	2	-64	-53	-27	cell = 760 to 767
-69	-27	-6	-45	-29	-9	-23	-53	cell = 768 to 775
-12	-51	8	13	13	-53	-59	-35	cell = 776 to 783
-20	-16	-2	-21	-29	-43	-44	-43	cell = 784 to 791
4	-44	2	45	12	-46	57	-22	cell = 792 to 799
9	-30	-22	-5	9	-51	-5	-1	cell = 800 to 807
-6	-5	-22	-27	3	-41	-27	8	cell = 808 to 815
0	-40	35	-17	31	-17	-4	-5	cell = 816 to 823
39	19	-30	-28	-2	-37	6	-9	cell = 824 to 831
-10	-37	-58	-7	-24	-22	-23	-3	cell = 832 to 839
-32	-4	7	-15	3	-3	-34	0	cell = 840 to 847
7	4	-20	15	-31	1	6	-27	cell = 848 to 855
9	11	-32	-13	-22	-12	-25	-23	cell = 856 to 863
21	15	25	-23	6	-38	-25	-12	cell = 864 to 871
-11	-24	-3	-21	-11	7	-50	23	cell = 872 to 879
-18	-32	-26	-24	-40	-11	-17	18	cell = 880 to 887
-23	4	-43	2	-38	-10	-8	-43	cell = 888 to 895
-7	-31	3	-72	-24	-9	-18	-7	cell = 896 to 903
-19	-29	-7	-17	-17	-53	17	-38	cell = 904 to 911
12	41	16	-50	9	-22	14	1	cell = 912 to 919
-15	-25	24	10	-34	-29	-13	-9	cell = 920 to 927
10	-14	-20	-24	4	-4	7	0	cell = 928 to 935
-8	-10	48	11	-28	-30	-34	-13	cell = 936 to 943
3	-62	32	-24	-20	-24	-16	45	cell = 944 to 951
-40	-11	-6	5	31	-18	3	-35	cell = 952 to 959
-7	-15	-26	-14	-34	-9	-45	-24	cell = 960 to 967
-37	-7	-42	-14	16	-51	-27	-16	cell = 968 to 975
-2	-47	-5	-48	-34	-20	-28	-24	cell = 976 to 983
-14	-50	3	-16	-46	-13	-66	-12	cell = 984 to 991
-7	16	-41	-27	-22	-51	-3	-6	cell = 992 to 999
-9	-10	-20	7	-6	-7	7	1	cell = 1000 to 1007
18	-15	-10	-24	-62	-15	-6	-32	cell = 1008 to 1015
3	-44	-3	-15	-44	-27	-22	-2	cell = 1016 to 1023
Calibration values from cell 0 to 1024 for channel 8:

101	-13	56	14	28	-28	7	4	cell = 0 to 7
5	-22	31	-8	31	9	52	4	cell = 8 to 15
78	-13	85	40	12	-8	30	32	cell = 16 to 23
-2	3	53	-44	31	23	42	-35	cell = 24 to 31
28	14	78	-6	63	24	62	12	cell = 32 to 39
50	-7	93	-48	61	7	72	3	cell = 40 to 47
44	-22	59	27	72	7	57	-6	cell = 48 to 55
67	-22	18	-22	45	7	0	-4	cell = 56 to 63
7	-23	15	18	55	13	30	-19	cell = 64 to 71
28	9	36	36	52	27	52	-30	cell = 72 to 79
49	5	57	5	42	25	23	24	cell = 80 to 87
56	3	73	-44	45	-7	28	-11	cell = 88 to 95
38	9	44	1	26	8	34	0	cell = 96 to 103
58	-46	48	-8	82	14	82	-42	cell = 104 to 111
44	-39	79	-33	48	-2	54	1	cell = 112 to 119
22	14	76	19	54	-6	67	-21	cell = 120 to 127
23	24	56	-5	50	-2	104	-33	cell = 128 to 135
4	-18	57	24	56	-14	40	-31	cell = 136 to 143
52	5	42	-8	28	21	5	3	cell = 144 to 151
25	-7	48	17	24	-32	98	21	cell = 152 to 159
52	-3	81	-11	32	9	63	-15	cell = 160 to 167
42	-8	44	-30	72	-29	74	10	cell = 168 to 175
60	14	29	-2	26	-20	39	-5	cell = 176 to 183
61	-10	67	6	35	9	40	-22	cell = 184 to 191
30	20	68	25	24	-4	0	-22	cell = 192 to 199
14	7	22	-16	30	0	43	-29	cell = 200 to 207
58	-5	70	0	56	42	50	3	cell = 208 to 215
41	10	78	-8	47	9	44	-37	cell = 216 to 223
19	-35	36	-6	62	-8	21	-13	cell = 224 to 231
27	-41	55	-53	40	-19	63	7	cell = 232 to 239
58	-14	72	0	24	11	31	-25	cell = 240 to 247
42	-12	77	-30	85	4	38	-25	cell = 248 to 255
14	-8	20	-1	53	-39	43	-24	cell = 256 to 263
38	30	28	13	80	-1	28	-22	cell = 264 to 271
27	11	-14	-31	35	2	37	50	cell = 272 to 279
36	16	85	-7	21	-17	45	23	cell = 280 to 287
16	-37	35	25	27	12	73	23	cell = 288 to 295
33	-27	29	-61	50	40	60	32	cell = 296 to 303
65	-19	61	-12	52	-12	51	-6	cell = 304 to 311
28	-7	55	-14	23	11	38	-20	cell = 312 to 319
43	17	31	-47	81	-6	32	2	cell = 320 to 327
16	1	73	12	55	0	11	-42	cell = 328 to 335
28	-23	57	-21	58	31	53	-9	cell = 336 to 343
19	-19	34	4	48	-14	40	-6	cell = 344 to 351
58	-3	70	0	68	36	91	-14	cell = 352 to 359
43	-5	44	-30	18	-22	50	-4	cell = 360 to 367
8	9	52	-1	75	89	46	23	cell = 368 to 375
19	0	61	-55	37	1	40	-22	cell = 376 to 383
30	3	46	-2	48	-18	33	7	cell = 384 to 391
67	14	58	23	60	16	67	-33	cell = 392 to 399
41	-13	19	-60	57	-12	17	0	cell = 400 to 407
66	30	29	-14	67	-9	54	-5	cell = 408 to 415
23	-4	75	-24	47	-37	49	8	cell = 416 to 423
47	-29	72	-12	32	-2	94	-5	cell = 424 to 431
14	-3	41	-56	26	7	40	-11	cell = 432 to 439
38	-21	41	2	78	-11	53	50	cell = 440 to 447
62	0	47	38	23	-9	42	-10	cell = 448 to 455
48	-12	26	-14	27	-18	51	13	cell = 456 to 463
12	10	48	-9	48	18	50	14	cell = 464 to 471
-4	-6	25	3	35	-15	65	-10	cell = 472 to 479
69	-20	61	-5	14	-8	45	16	cell = 480 to 487
60	33	22	-31	-16	43	65	-18	cell = 488 to 495
58	20	-24	-93	-10	-41	0	-81	cell = 496 to 503
65	-24	34	-35	55	-21	56	31	cell = 504 to 511
-28	15	-41	6	-39	-8	-16	-41	cell = 512 to 519
-38	-28	-31	-33	-11	-1	-14	-27	cell = 520 to 527
-48	-28	-26	-25	-24	-7	-21	-19	cell = 528 to 535
-25	3	-28	-29	-19	-15	10	13	cell = 536 to 543
14	-39	-38	4	-22	-26	-13	-56	cell = 544 to 551
-29	7	-35	-16	-11	15	-28	-7	cell = 552 to 559
-49	-26	-41	25	-15	-31	-3	-30	cell = 560 to 567
6	-25	-15	-22	18	-37	-28	1	cell = 568 to 575
-12	-12	-27	-18	-83	-1	-41	3	cell = 576 to 583
-23	-34	-14	25	-20	-27	-37	-22	cell = 584 to 591
-16	-29	-54	-20	-22	-16	-46	-36	cell = 592 to 599
-14	-15	-18	-16	-3	-41	-20	-9	cell = 600 to 607
-12	-46	-16	-7	-32	-15	-61	22	cell = 608 to 615
-18	-14	-9	16	-65	-30	-16	-4	cell = 616 to 623
-46	-16	-19	-3	-28	-34	-41	-16	cell = 624 to 631
8	-17	-54	16	-37	-19	-20	-32	cell = 632 to 639
-3	-37	16	-18	-29	-20	-17	-29	cell = 640 to 647
-46	-15	-48	-1	17	-38	3	1	cell = 648 to 655
-58	-20	-31	-32	-12	-31	-43	-7	cell = 656 to 663
-35	4	-16	-30	-4	3	8	-21	cell = 664 to 671
-1	-7	-23	-32	-8	-43	-51	-48	cell = 672 to 679
-13	7	-4	-8	1	-41	-36	1	cell = 680 to 687
-3	-2	-59	9	-29	-12	-20	-1	cell = 688 to 695
-2	-27	-28	-17	-4	-29	-44	-16	cell = 696 to 703
-8	-3	-42	-45	-63	-19	-24	-12	cell = 704 to 711
-64	-63	-5	-32	-20	-31	-37	-10	cell = 712 to 719
-15	-16	-36	-4	-24	-61	27	4	cell = 720 to 727
-34	0	-8	-2	-15	-5	-12	-19	cell = 728 to 735
3	-2	-18	-35	-1	11	-29	10	cell = 736 to 743
-35	-39	-27	-15	-24	-35	-27	-13	cell = 744 to 751
1	-20	-46	-3	-40	-34	-52	-12	cell = 752 to 759
-42	-4	24	-13	2	-9	-51	19	cell = 760 to 767
-35	-61	-7	-20	-6	0	-30	-35	cell = 768 to 775
-41	-33	-26	-61	-23	-35	-20	-20	cell = 776 to 783
-63	-39	15	-41	-41	15	8	-58	cell = 784 to 791
-2	-39	-31	-3	-5	-68	-52	-49	cell = 792 to 799
14	-34	-27	-4	-46	-30	-53	10	cell = 800 to 807
-12	-9	-14	-33	5	-42	-1	-21	cell = 808 to 815
-22	-16	-16	-7	-6	-20	-12	2	cell = 816 to 823
-38	-17	-23	6	-22	-30	-34	5	cell = 824 to 831
-21	-63	-42	-24	-54	-21	-21	26	cell = 832 to 839
4	-59	16	-32	-47	-10	-49	-7	cell = 840 to 847
-12	-44	-38	-13	1	-13	-22	4	cell = 848 to 855
-41	-20	-16	-35	-7	-3	-40	0	cell = 856 to 863
9	-20	-62	-40	-30	-44	-15	-50	cell = 864 to 871
-39	-21	-8	-23	-35	-24	14	-55	cell = 872 to 879
-32	-39	-20	14	-36	-30	-28	-47	cell = 880 to 887
-22	21	-25	-29	-27	10	-10	-28	cell = 888 to 895
-34	-17	-20	-29	-17	-34	-39	-25	cell = 896 to 903
-21	-22	-38	-20	-38	0	-43	-31	cell = 904 to 911
-5	-24	-33	-34	-3	-28	-12	-33	cell = 912 to 919
-30	-41	-5	-23	2	-22	-54	-36	cell = 920 to 927
-5	-23	-27	0	-25	1	25	-38	cell = 928 to 935
-11	7	-8	-10	26	-23	-45	22	cell = 936 to 943
-14	-34	-52	18	3	16	-5	0	cell = 944 to 951
-18	-18	25	-6	11	-12	-18	12	cell = 952 to 959
-40	-38	-21	9	7	-35	30	6	cell = 960 to 967
-65	-25	0	-23	-9	-22	3	-16	cell = 968 to 975
-27	-39	-30	-28	-20	-21	-50	-34	cell = 976 to 983
-14	-54	-12	-43	-30	-56	-76	-9	cell = 984 to 991
6	-9	-30	-25	4	-14	-6	-2	cell = 992 to 999
-28	-36	-45	-23	2	1	-14	-13	cell = 1000 to 1007
4	11	-25	-44	-2	-24	38	-33	cell = 1008 to 1015
13	-21	-49	6	-22	-57	-60	-3	cell = 1016 to 1023
