Calibration values from cell 0 to 1024 for channel 0:

21	-4	56	-12	55	4	64	-7	cell = 0 to 7
49	-8	39	2	15	25	64	4	cell = 8 to 15
33	-3	74	20	25	-3	89	-6	cell = 16 to 23
50	-18	40	6	7	7	39	13	cell = 24 to 31
62	8	45	-52	37	2	66	-16	cell = 32 to 39
28	-21	68	-1	47	-14	61	-15	cell = 40 to 47
7	9	27	37	66	-13	11	3	cell = 48 to 55
58	2	48	19	54	-17	49	-18	cell = 56 to 63
63	-19	13	-16	42	17	41	19	cell = 64 to 71
42	14	62	-23	40	0	27	-4	cell = 72 to 79
26	10	27	-22	48	8	36	5	cell = 80 to 87
28	-46	43	-11	79	16	10	-2	cell = 88 to 95
52	-26	68	15	55	-31	44	-41	cell = 96 to 103
65	-12	73	-32	46	-11	71	4	cell = 104 to 111
70	15	45	10	67	3	55	31	cell = 112 to 119
58	-2	59	-6	22	-28	29	19	cell = 120 to 127
28	-37	41	-15	28	26	43	-12	cell = 128 to 135
44	0	81	9	5	-25	98	-47	cell = 136 to 143
71	2	61	-1	-3	6	42	-24	cell = 144 to 151
76	8	11	-6	50	50	52	2	cell = 152 to 159
32	-44	53	26	47	-2	3	-5	cell = 160 to 167
61	-8	16	4	29	17	96	14	cell = 168 to 175
70	-2	40	-11	40	23	18	-16	cell = 176 to 183
54	17	47	-25	19	13	38	7	cell = 184 to 191
35	-13	38	10	59	-10	78	48	cell = 192 to 199
46	-17	17	-7	52	-34	56	15	cell = 200 to 207
66	8	32	-11	61	23	52	14	cell = 208 to 215
30	1	13	-27	69	16	43	-35	cell = 216 to 223
54	2	53	-16	13	-7	19	-7	cell = 224 to 231
69	-36	22	4	55	-4	27	0	cell = 232 to 239
53	-9	82	-18	17	2	15	-22	cell = 240 to 247
38	-17	38	24	14	-30	19	-44	cell = 248 to 255
58	-23	35	40	37	8	42	-40	cell = 256 to 263
31	14	73	11	24	-27	53	4	cell = 264 to 271
32	13	25	47	49	21	41	-30	cell = 272 to 279
57	-53	58	12	30	-21	84	-59	cell = 280 to 287
34	-1	23	50	82	-53	25	-43	cell = 288 to 295
16	-13	32	-12	39	42	38	-24	cell = 296 to 303
6	-14	26	24	39	37	62	13	cell = 304 to 311
28	8	40	-35	24	9	48	-8	cell = 312 to 319
12	-49	27	-16	46	-29	45	10	cell = 320 to 327
62	-2	5	-25	41	-21	49	-19	cell = 328 to 335
13	-30	46	-26	34	-3	43	18	cell = 336 to 343
61	-38	50	-12	38	-11	60	-6	cell = 344 to 351
53	-29	43	-12	31	1	53	-23	cell = 352 to 359
21	-63	66	-36	98	-34	73	-25	cell = 360 to 367
53	-4	49	9	49	2	57	-18	cell = 368 to 375
77	-27	33	-34	20	14	3	6	cell = 376 to 383
35	1	54	-3	13	0	37	8	cell = 384 to 391
74	7	40	6	24	-27	-3	37	cell = 392 to 399
50	-3	73	-17	14	30	19	11	cell = 400 to 407
43	-18	3	14	59	-25	66	-31	cell = 408 to 415
-1	24	68	-39	52	-35	58	-8	cell = 416 to 423
45	43	22	2	51	-3	47	-24	cell = 424 to 431
0	-39	30	-19	15	-4	65	2	cell = 432 to 439
6	-5	29	-1	12	-10	51	-54	cell = 440 to 447
27	-28	42	-43	23	7	29	-6	cell = 448 to 455
33	22	13	-6	28	-13	32	26	cell = 456 to 463
63	-17	60	-21	-18	-5	57	-15	cell = 464 to 471
37	-2	64	11	28	-9	32	-25	cell = 472 to 479
20	9	28	0	80	-9	42	-3	cell = 480 to 487
41	-42	33	-25	19	-19	64	-8	cell = 488 to 495
45	10	-20	-92	7	-83	0	-71	cell = 496 to 503
53	22	19	12	66	6	2	-31	cell = 504 to 511
7	-23	1	5	47	-11	-71	-43	cell = 512 to 519
-2	-23	9	-32	-30	3	-32	-1	cell = 520 to 527
-37	-21	-14	-2	-24	-1	-24	-6	cell = 528 to 535
-6	-48	-20	-45	26	4	-30	-27	cell = 536 to 543
-19	-31	-7	-20	-57	-78	-29	-14	cell = 544 to 551
7	11	-17	-30	-43	-17	-7	7	cell = 552 to 559
-52	-5	-18	-33	-31	-80	-54	-42	cell = 560 to 567
-46	-31	-26	-3	-31	-53	-10	-10	cell = 568 to 575
-52	-16	-63	17	-28	-41	-2	1	cell = 576 to 583
-51	-55	-41	1	-31	-2	7	-31	cell = 584 to 591
-13	8	-53	-26	-16	-13	-33	-18	cell = 592 to 599
-30	-12	-35	-6	-21	-26	-21	16	cell = 600 to 607
-12	10	-38	-19	12	-25	-30	-29	cell = 608 to 615
7	-25	-4	-3	-18	-8	29	-25	cell = 616 to 623
11	-33	7	-7	-43	-31	-53	-17	cell = 624 to 631
-14	-15	-15	-31	2	-32	-47	7	cell = 632 to 639
-32	1	-9	-5	-20	7	0	-20	cell = 640 to 647
-22	-1	-12	23	-33	-20	-18	-47	cell = 648 to 655
-18	3	8	-77	-34	-37	-21	-18	cell = 656 to 663
-19	-6	2	18	11	-5	-10	-25	cell = 664 to 671
-34	-45	4	-33	3	-5	2	-17	cell = 672 to 679
-9	-21	0	-18	1	3	-54	-29	cell = 680 to 687
-11	-27	-55	-26	-26	-48	13	-17	cell = 688 to 695
1	-45	-27	-8	-29	19	-24	-7	cell = 696 to 703
-2	-77	-27	-53	-13	-13	-25	-16	cell = 704 to 711
-21	-33	-37	-8	-37	-8	19	-15	cell = 712 to 719
-24	16	1	-41	-19	-28	2	-8	cell = 720 to 727
-7	27	0	-45	-6	-23	0	-29	cell = 728 to 735
-10	-5	-30	-9	-8	-23	-38	0	cell = 736 to 743
-48	-35	-27	0	-27	-46	-45	-6	cell = 744 to 751
13	-13	21	-28	-29	-8	30	-40	cell = 752 to 759
-8	-31	-39	-19	-32	-45	-60	0	cell = 760 to 767
-50	-20	4	-11	-13	-4	-24	-27	cell = 768 to 775
-16	-23	-38	15	-21	-49	-28	-35	cell = 776 to 783
-17	19	-24	4	-29	-24	-29	7	cell = 784 to 791
9	-55	-43	-21	-28	-35	12	-7	cell = 792 to 799
-25	-2	-75	42	-9	-7	-34	19	cell = 800 to 807
-11	15	-8	34	15	-5	-7	6	cell = 808 to 815
-11	34	-28	-30	-7	-35	-59	36	cell = 816 to 823
-25	-5	-30	-27	-28	-19	-66	-27	cell = 824 to 831
0	24	-26	-9	-14	-26	3	-8	cell = 832 to 839
-41	11	-8	-1	17	-39	-24	-26	cell = 840 to 847
-33	-23	-35	-18	-23	-34	-35	-32	cell = 848 to 855
-21	-4	-28	-29	5	-34	-29	8	cell = 856 to 863
-17	-23	-26	-15	-39	-18	-7	3	cell = 864 to 871
-57	25	-12	-12	-20	-16	9	-24	cell = 872 to 879
-8	-4	-18	14	-57	8	2	-17	cell = 880 to 887
9	-24	-66	4	-23	-3	-27	-52	cell = 888 to 895
-21	-48	-38	63	-57	0	-11	12	cell = 896 to 903
-22	-25	-45	-44	-18	-35	10	-55	cell = 904 to 911
-26	5	-34	-15	15	-42	-9	37	cell = 912 to 919
8	14	0	-49	-1	-22	-29	-21	cell = 920 to 927
-1	-17	-45	-14	-19	-9	-51	7	cell = 928 to 935
0	-6	-77	-21	-11	-30	-27	-9	cell = 936 to 943
6	-48	-27	15	-19	-15	-41	-1	cell = 944 to 951
-5	22	4	14	-38	-2	-11	-10	cell = 952 to 959
-14	-42	-36	24	-5	-29	-10	-4	cell = 960 to 967
-8	17	-1	33	-49	-11	-27	-24	cell = 968 to 975
-16	-17	-39	1	-66	-5	-60	0	cell = 976 to 983
-10	-35	-25	-21	-39	-8	-47	22	cell = 984 to 991
-32	-23	15	-17	-24	-7	5	37	cell = 992 to 999
-11	-7	-32	-28	-12	15	-16	-2	cell = 1000 to 1007
-11	-21	1	-21	-51	-42	-18	9	cell = 1008 to 1015
-13	-49	-45	-55	-31	-19	-20	3	cell = 1016 to 1023
Calibration values from cell 0 to 1024 for channel 1:

46	4	40	-7	-17	42	39	-50	cell = 0 to 7
0	2	47	-2	40	27	34	-13	cell = 8 to 15
35	-15	40	-38	0	10	52	9	cell = 16 to 23
40	-52	75	1	8	8	40	1	cell = 24 to 31
45	-7	31	-5	29	5	17	14	cell = 32 to 39
-3	-26	23	5	81	-7	66	-5	cell = 40 to 47
78	10	25	-3	7	1	34	21	cell = 48 to 55
63	-4	82	6	23	-5	49	15	cell = 56 to 63
43	1	52	-43	60	34	37	2	cell = 64 to 71
45	16	56	-12	46	-17	53	1	cell = 72 to 79
42	3	66	19	56	-31	64	20	cell = 80 to 87
53	-12	16	-15	30	-13	52	-18	cell = 88 to 95
35	-20	70	29	64	22	85	-17	cell = 96 to 103
69	16	28	7	53	17	38	-7	cell = 104 to 111
52	-7	56	6	66	-30	36	8	cell = 112 to 119
65	35	40	-3	42	-33	36	-10	cell = 120 to 127
83	9	43	-24	33	30	46	10	cell = 128 to 135
19	28	54	-8	21	-2	57	-12	cell = 136 to 143
46	22	48	-20	22	17	86	11	cell = 144 to 151
39	1	59	7	56	-17	20	-2	cell = 152 to 159
78	-27	73	27	43	18	68	-6	cell = 160 to 167
55	-11	17	-27	54	4	21	0	cell = 168 to 175
2	25	45	25	26	22	53	9	cell = 176 to 183
37	-8	61	-23	28	-33	26	-8	cell = 184 to 191
79	2	19	19	57	2	40	-27	cell = 192 to 199
32	-2	64	-15	66	-20	53	8	cell = 200 to 207
70	11	58	9	30	-31	49	-1	cell = 208 to 215
65	11	49	-45	-2	-13	67	-3	cell = 216 to 223
-1	-9	53	-18	40	14	60	-25	cell = 224 to 231
27	6	72	-47	6	-44	29	-16	cell = 232 to 239
18	-3	13	-39	58	-28	67	-25	cell = 240 to 247
29	-15	24	-22	8	-10	44	-23	cell = 248 to 255
34	-33	71	6	44	-11	41	-36	cell = 256 to 263
24	-3	26	-11	10	4	19	-14	cell = 264 to 271
22	17	29	18	10	21	46	2	cell = 272 to 279
34	12	35	-10	34	-11	22	12	cell = 280 to 287
52	23	85	-21	73	-8	73	-34	cell = 288 to 295
10	17	63	-21	36	2	25	-39	cell = 296 to 303
38	-54	72	-43	78	20	59	45	cell = 304 to 311
66	-4	27	7	87	-35	22	-36	cell = 312 to 319
5	17	58	12	63	-14	69	8	cell = 320 to 327
72	-42	8	-5	83	16	48	-8	cell = 328 to 335
58	-18	22	-31	60	34	33	-4	cell = 336 to 343
30	-31	61	20	41	-32	33	-13	cell = 344 to 351
41	-31	70	6	43	36	13	-29	cell = 352 to 359
20	-17	16	10	32	-20	47	-29	cell = 360 to 367
39	16	38	26	21	-14	72	-32	cell = 368 to 375
28	-12	21	-37	54	-9	45	-17	cell = 376 to 383
35	31	36	40	70	1	56	-4	cell = 384 to 391
28	10	77	-14	58	-32	27	-27	cell = 392 to 399
56	-6	-15	-11	48	24	64	0	cell = 400 to 407
5	-19	46	-17	51	8	37	8	cell = 408 to 415
-4	-51	35	7	27	-28	40	-20	cell = 416 to 423
49	-13	62	7	19	-57	30	34	cell = 424 to 431
13	-21	33	-3	0	-39	6	7	cell = 432 to 439
46	-13	73	-25	32	-23	66	-32	cell = 440 to 447
16	-7	43	7	37	-9	18	-31	cell = 448 to 455
28	42	63	-25	42	3	31	-43	cell = 456 to 463
23	-5	4	-15	55	-63	77	-12	cell = 464 to 471
80	-9	27	-18	17	-17	67	1	cell = 472 to 479
21	-32	71	-35	43	26	56	-12	cell = 480 to 487
-23	-46	10	32	49	-14	86	-42	cell = 488 to 495
59	19	-40	-71	-40	-79	-18	-75	cell = 496 to 503
21	-27	21	-42	69	-4	0	-30	cell = 504 to 511
-13	-11	-24	-10	-15	-31	-33	1	cell = 512 to 519
0	-28	-32	4	28	9	-51	1	cell = 520 to 527
-5	23	-50	-29	15	-51	-10	-21	cell = 528 to 535
-55	-7	-19	-11	-21	-28	-54	21	cell = 536 to 543
-11	-27	-4	21	-25	-19	-8	-10	cell = 544 to 551
-12	-27	-38	-24	-34	-19	-72	10	cell = 552 to 559
-6	1	-14	-25	-3	-4	-52	-16	cell = 560 to 567
-47	5	-58	-37	-3	-41	-40	-12	cell = 568 to 575
-25	-17	-45	9	4	-35	-18	-17	cell = 576 to 583
-49	1	21	-10	-36	-17	-33	6	cell = 584 to 591
-22	-26	-22	-29	-2	-42	0	-24	cell = 592 to 599
-62	49	-30	-7	-13	20	5	-23	cell = 600 to 607
-17	-3	-49	-35	-26	26	-27	-7	cell = 608 to 615
-27	-5	-46	5	-8	-16	2	28	cell = 616 to 623
-33	-31	-36	-45	47	8	-5	10	cell = 624 to 631
-16	-47	-46	-36	-8	1	-10	8	cell = 632 to 639
-24	-38	2	-23	-44	13	-17	-4	cell = 640 to 647
-24	-21	-25	10	-47	-9	-58	4	cell = 648 to 655
-2	29	-19	-59	-11	3	-3	9	cell = 656 to 663
-4	-21	-14	-50	-56	-8	-27	-6	cell = 664 to 671
-55	-23	-20	-35	-17	33	0	-18	cell = 672 to 679
-58	1	-20	1	-26	-35	-56	-34	cell = 680 to 687
-21	-34	-3	-23	-31	-7	-16	-12	cell = 688 to 695
-32	-41	-22	21	-14	-27	2	16	cell = 696 to 703
-10	-56	-15	-18	-3	-78	-19	-17	cell = 704 to 711
0	-30	-17	8	-37	0	-16	15	cell = 712 to 719
-24	-39	7	3	-57	-36	-27	-12	cell = 720 to 727
-6	-16	-9	34	-34	-23	17	-26	cell = 728 to 735
-36	-28	-72	-28	-8	-39	-47	-26	cell = 736 to 743
-24	1	-19	-21	2	-19	-65	-31	cell = 744 to 751
-24	3	-2	-15	-32	-20	-11	3	cell = 752 to 759
-19	-64	-41	23	15	-32	-35	10	cell = 760 to 767
-2	-10	-9	-23	-28	-38	-5	-14	cell = 768 to 775
-3	-25	7	-4	23	-11	-49	7	cell = 776 to 783
-23	-58	-37	-64	1	-56	26	-9	cell = 784 to 791
-40	1	1	-18	-19	-20	-14	-30	cell = 792 to 799
-46	-24	1	-39	-72	-6	-36	2	cell = 800 to 807
-22	-22	-14	-32	-60	1	-17	-45	cell = 808 to 815
-29	-5	-2	-12	-16	-15	-2	-12	cell = 816 to 823
-45	28	-23	-35	-2	-1	-47	4	cell = 824 to 831
-45	-13	-21	-39	-6	2	-10	12	cell = 832 to 839
-13	-7	-51	-25	-13	-20	27	-40	cell = 840 to 847
25	-13	30	-4	-28	4	-7	-24	cell = 848 to 855
6	-15	-3	3	-26	-18	-9	-34	cell = 856 to 863
3	-33	-12	-9	26	-21	-20	15	cell = 864 to 871
-34	5	-17	-2	-11	-31	-38	-32	cell = 872 to 879
24	7	-37	-26	-10	-54	-28	-28	cell = 880 to 887
-10	24	-33	-4	-33	4	-16	-19	cell = 888 to 895
-30	-49	-44	-6	-39	-26	-17	-27	cell = 896 to 903
-23	-3	-37	11	1	-20	-23	-7	cell = 904 to 911
-1	-26	-30	10	-27	14	-16	-20	cell = 912 to 919
-38	-9	8	-23	-28	-32	-16	26	cell = 920 to 927
-14	-28	-39	-68	3	-11	-39	-8	cell = 928 to 935
-27	-4	-28	-4	2	8	0	38	cell = 936 to 943
45	-28	-62	-1	-36	7	19	-14	cell = 944 to 951
-41	15	-24	-36	-8	21	-17	0	cell = 952 to 959
-6	-23	-48	26	-21	-41	-10	13	cell = 960 to 967
-4	-14	-35	12	-11	-1	4	-37	cell = 968 to 975
-29	-35	-78	18	-16	17	3	-42	cell = 976 to 983
-15	-14	-13	-20	3	3	-30	-17	cell = 984 to 991
-4	-37	3	-9	1	-13	-64	-58	cell = 992 to 999
-24	-26	-38	3	-49	-19	9	-9	cell = 1000 to 1007
-14	-56	-22	-23	8	-44	-28	3	cell = 1008 to 1015
5	11	-22	-33	-10	-37	-57	-24	cell = 1016 to 1023
Calibration values from cell 0 to 1024 for channel 2:

6	18	74	-28	52	3	41	-31	cell = 0 to 7
50	13	43	42	56	6	68	-35	cell = 8 to 15
51	22	47	-18	-3	-26	29	22	cell = 16 to 23
38	-26	45	11	36	-39	38	-29	cell = 24 to 31
47	-12	60	-54	53	51	35	-31	cell = 32 to 39
63	-7	58	-32	15	9	2	-4	cell = 40 to 47
45	-2	38	44	35	-10	56	-8	cell = 48 to 55
34	-11	21	49	42	-25	18	4	cell = 56 to 63
45	24	101	8	32	-8	67	-8	cell = 64 to 71
53	-14	29	-7	47	-17	35	-12	cell = 72 to 79
-11	5	43	-21	1	-6	61	-6	cell = 80 to 87
24	-7	61	-5	19	52	99	-5	cell = 88 to 95
80	22	16	3	62	9	60	-25	cell = 96 to 103
57	10	39	-4	88	-28	25	-34	cell = 104 to 111
26	7	42	-18	70	-10	53	-33	cell = 112 to 119
20	14	53	-27	35	-7	36	-24	cell = 120 to 127
20	32	37	16	53	-37	51	-3	cell = 128 to 135
43	-20	57	-2	61	-28	51	10	cell = 136 to 143
-1	-20	57	15	51	5	87	-20	cell = 144 to 151
36	-29	72	-4	-12	-17	21	1	cell = 152 to 159
47	21	31	-4	31	-3	43	-6	cell = 160 to 167
61	11	34	-10	55	36	19	-31	cell = 168 to 175
16	-27	65	16	51	18	43	-5	cell = 176 to 183
38	-19	22	-26	52	15	23	6	cell = 184 to 191
-14	-25	81	-18	48	-19	33	-29	cell = 192 to 199
36	8	39	-44	32	11	42	-2	cell = 200 to 207
35	-7	65	-18	31	-22	60	11	cell = 208 to 215
28	-8	49	-7	52	-20	30	-17	cell = 216 to 223
46	30	4	-28	15	-14	76	30	cell = 224 to 231
28	9	69	12	57	-2	49	-33	cell = 232 to 239
38	8	51	-1	1	-13	14	-32	cell = 240 to 247
53	-6	21	-12	-10	3	49	-22	cell = 248 to 255
37	-24	41	-8	52	2	57	-37	cell = 256 to 263
52	-6	74	1	33	-16	44	-43	cell = 264 to 271
69	31	29	-24	62	-16	20	-21	cell = 272 to 279
46	-20	65	-28	8	-13	30	8	cell = 280 to 287
46	-18	41	-23	94	12	52	-39	cell = 288 to 295
53	24	73	-41	61	-17	61	-35	cell = 296 to 303
61	10	72	-25	62	8	32	4	cell = 304 to 311
47	-35	63	-32	-2	-6	53	-30	cell = 312 to 319
52	-28	48	1	23	-5	67	5	cell = 320 to 327
73	22	52	-40	36	21	64	1	cell = 328 to 335
82	9	5	-50	54	-29	46	-12	cell = 336 to 343
40	0	4	-46	37	-13	60	-20	cell = 344 to 351
-11	17	28	29	51	-21	72	-6	cell = 352 to 359
25	37	38	-5	25	-14	66	-42	cell = 360 to 367
11	-2	62	-4	76	5	42	19	cell = 368 to 375
21	2	26	22	-8	-21	46	-64	cell = 376 to 383
82	-23	42	1	0	18	4	-23	cell = 384 to 391
65	50	41	-10	29	14	41	-33	cell = 392 to 399
43	-11	44	-57	15	0	34	-25	cell = 400 to 407
9	32	12	33	31	-32	63	-51	cell = 408 to 415
57	-4	25	-30	74	21	34	12	cell = 416 to 423
46	-4	41	-32	54	52	11	-14	cell = 424 to 431
38	-29	30	29	62	38	38	7	cell = 432 to 439
52	1	58	-29	17	-2	35	-30	cell = 440 to 447
45	-6	34	0	67	-3	47	-22	cell = 448 to 455
83	18	38	-1	60	1	72	-34	cell = 456 to 463
51	-1	15	19	17	-17	31	-12	cell = 464 to 471
42	23	46	25	22	-26	55	-22	cell = 472 to 479
35	-16	-26	-28	58	7	24	-27	cell = 480 to 487
50	13	49	-13	26	-45	32	10	cell = 488 to 495
33	-20	9	-75	-36	-57	-45	-72	cell = 496 to 503
7	0	33	-20	53	34	-11	-65	cell = 504 to 511
-21	-17	-50	3	-29	-12	-41	17	cell = 512 to 519
-25	-6	-14	-10	-10	-44	14	16	cell = 520 to 527
-27	-16	-5	-22	-18	1	20	-42	cell = 528 to 535
-61	0	-21	3	-33	-40	-27	-10	cell = 536 to 543
-10	-29	-34	-40	-46	-20	-44	-19	cell = 544 to 551
-45	-46	-77	14	14	-31	-11	-16	cell = 552 to 559
-37	-69	-2	-20	-49	-30	0	-37	cell = 560 to 567
-9	-39	2	-27	8	-16	-42	20	cell = 568 to 575
-10	16	-33	0	-14	-4	-45	24	cell = 576 to 583
-23	39	-6	-10	-39	-20	-9	-21	cell = 584 to 591
1	26	2	-13	24	-41	-49	-10	cell = 592 to 599
-21	-21	-47	-39	-5	-32	19	-18	cell = 600 to 607
2	-41	5	2	0	-53	-57	-45	cell = 608 to 615
-41	-25	1	-20	-56	-11	-10	11	cell = 616 to 623
-5	5	-21	-22	-22	-34	-27	6	cell = 624 to 631
-31	-17	-62	-5	-39	-18	-9	6	cell = 632 to 639
-20	-33	-30	0	-18	-9	-53	-14	cell = 640 to 647
-13	-30	-18	-9	8	3	-29	1	cell = 648 to 655
2	-3	-30	-18	-39	-27	-26	-30	cell = 656 to 663
9	-14	-25	-24	10	-26	-12	4	cell = 664 to 671
-37	-25	-67	-10	-45	9	-27	9	cell = 672 to 679
-24	7	-18	0	-36	-38	-13	-15	cell = 680 to 687
-47	-13	-44	2	-20	24	-28	-14	cell = 688 to 695
19	-15	-35	-8	-46	-23	7	-31	cell = 696 to 703
-53	-39	10	-28	-12	2	21	-13	cell = 704 to 711
-10	12	-12	-26	0	14	-25	-26	cell = 712 to 719
-37	-19	-17	32	3	-18	-29	14	cell = 720 to 727
-35	-31	13	-11	-25	-2	-6	-8	cell = 728 to 735
10	-14	-77	-6	17	30	-54	21	cell = 736 to 743
13	0	-38	-9	-6	-36	-14	-14	cell = 744 to 751
-20	-50	-33	-25	-19	-27	-68	0	cell = 752 to 759
7	-29	-2	7	-45	-7	-43	-7	cell = 760 to 767
-25	-22	8	-12	-21	0	-10	-4	cell = 768 to 775
3	-7	-21	-36	-20	5	-6	33	cell = 776 to 783
-34	-1	3	36	31	-17	-28	-16	cell = 784 to 791
-25	-37	-20	-50	-3	-37	-23	-24	cell = 792 to 799
1	-7	-10	37	0	-7	-67	-13	cell = 800 to 807
-48	-18	-47	-20	-49	-35	-18	-8	cell = 808 to 815
-10	28	-40	-3	-28	10	-38	8	cell = 816 to 823
-8	1	0	6	-33	-4	-39	8	cell = 824 to 831
-18	-18	-34	19	1	15	-22	32	cell = 832 to 839
-24	1	-53	-6	7	0	-51	-8	cell = 840 to 847
-28	40	-15	19	0	-20	-50	2	cell = 848 to 855
5	-15	-40	4	-39	-22	-47	2	cell = 856 to 863
-50	-12	-15	8	-41	-41	-26	-14	cell = 864 to 871
-48	-26	-10	4	-10	-38	-23	37	cell = 872 to 879
1	-30	16	-24	-7	-31	9	3	cell = 880 to 887
-25	28	-27	-26	-25	-52	-7	-7	cell = 888 to 895
-28	18	-26	9	-12	-49	38	17	cell = 896 to 903
-20	0	-35	-43	-29	-40	-38	-8	cell = 904 to 911
27	-24	-18	1	-11	18	-26	22	cell = 912 to 919
-14	-50	1	2	-65	-10	-20	-37	cell = 920 to 927
-12	-14	-43	-10	-18	-19	-27	-53	cell = 928 to 935
-9	8	-62	13	-50	-28	-24	47	cell = 936 to 943
-24	-43	-58	6	-21	-40	-24	-2	cell = 944 to 951
-16	-25	1	-15	-9	-31	-47	0	cell = 952 to 959
0	10	-27	4	20	-28	21	5	cell = 960 to 967
-6	-4	-18	-42	-27	-46	0	-37	cell = 968 to 975
-23	3	-33	-40	-5	-34	2	-21	cell = 976 to 983
-50	-33	-50	-21	-25	-38	-37	-2	cell = 984 to 991
-67	-34	2	-52	-28	15	-4	-48	cell = 992 to 999
-19	-1	-30	-28	2	-4	5	-24	cell = 1000 to 1007
-34	-15	-50	-16	-15	-9	-27	-1	cell = 1008 to 1015
-18	-14	-52	-22	-26	-8	-20	-6	cell = 1016 to 1023
Calibration values from cell 0 to 1024 for channel 3:

26	-13	43	-27	43	-23	40	9	cell = 0 to 7
45	19	36	-27	25	2	74	-6	cell = 8 to 15
26	7	54	3	65	-8	36	-3	cell = 16 to 23
57	-4	25	9	0	21	42	-8	cell = 24 to 31
-14	1	46	-9	37	-12	12	49	cell = 32 to 39
61	30	30	3	55	10	55	-39	cell = 40 to 47
29	-16	50	-5	28	-20	67	-9	cell = 48 to 55
27	-27	61	-27	52	-15	18	0	cell = 56 to 63
43	3	107	-43	60	13	37	16	cell = 64 to 71
17	40	45	-21	48	-1	34	-5	cell = 72 to 79
71	22	42	-13	38	-9	29	-12	cell = 80 to 87
34	-30	37	18	32	-27	6	-7	cell = 88 to 95
64	-5	58	-8	47	-4	41	11	cell = 96 to 103
35	-19	32	5	29	14	27	-33	cell = 104 to 111
63	6	25	-27	39	-35	39	43	cell = 112 to 119
34	-12	72	12	40	26	51	14	cell = 120 to 127
53	40	23	-5	6	23	84	5	cell = 128 to 135
31	22	33	-26	93	-53	20	34	cell = 136 to 143
46	47	59	-26	19	-17	59	27	cell = 144 to 151
31	-8	45	-47	59	-1	42	-17	cell = 152 to 159
34	23	18	-55	-8	4	54	9	cell = 160 to 167
52	-19	50	25	51	7	53	-42	cell = 168 to 175
47	14	73	-30	43	19	96	10	cell = 176 to 183
32	-2	53	16	49	-16	42	7	cell = 184 to 191
50	-14	49	13	44	1	28	-32	cell = 192 to 199
46	12	73	-34	27	7	61	-49	cell = 200 to 207
46	41	21	-16	84	-34	32	40	cell = 208 to 215
-8	-29	26	-17	79	-12	31	-38	cell = 216 to 223
40	-16	79	-13	26	9	61	-7	cell = 224 to 231
74	-28	18	13	20	22	45	1	cell = 232 to 239
46	-2	40	-22	13	38	27	-11	cell = 240 to 247
45	19	90	-8	95	-2	16	-36	cell = 248 to 255
31	-23	15	9	54	32	61	-15	cell = 256 to 263
29	3	43	-35	65	0	56	45	cell = 264 to 271
-6	-25	15	3	48	8	64	-40	cell = 272 to 279
-5	13	-3	-17	41	-28	62	10	cell = 280 to 287
21	20	66	-34	52	4	56	-23	cell = 288 to 295
33	16	87	2	47	-23	39	18	cell = 296 to 303
40	-5	49	-57	3	-20	48	-5	cell = 304 to 311
55	-9	45	-22	44	-19	12	-32	cell = 312 to 319
9	-25	68	-23	34	42	55	-23	cell = 320 to 327
47	-17	25	-10	28	3	83	-22	cell = 328 to 335
30	-17	25	-11	39	-32	59	-10	cell = 336 to 343
37	-6	65	-21	24	-11	52	7	cell = 344 to 351
13	8	69	-10	48	26	72	-18	cell = 352 to 359
38	7	89	4	0	-21	40	12	cell = 360 to 367
22	-6	33	-45	51	-33	14	-37	cell = 368 to 375
17	-14	42	33	44	-9	47	-46	cell = 376 to 383
38	39	14	-48	17	-27	20	-60	cell = 384 to 391
33	-1	50	-8	52	16	26	4	cell = 392 to 399
25	43	22	-32	31	-10	46	13	cell = 400 to 407
42	-11	10	-8	-18	-6	15	-19	cell = 408 to 415
18	28	44	-62	37	-15	30	-13	cell = 416 to 423
24	0	22	-58	68	-21	21	-7	cell = 424 to 431
9	-24	53	18	59	20	35	-25	cell = 432 to 439
35	-10	56	-29	19	-4	54	-18	cell = 440 to 447
29	-41	39	-30	39	1	39	-27	cell = 448 to 455
6	6	12	16	80	8	57	10	cell = 456 to 463
74	-36	11	25	20	-30	38	-62	cell = 464 to 471
105	-40	41	-34	53	-30	32	-9	cell = 472 to 479
39	13	81	16	60	24	50	-4	cell = 480 to 487
14	-26	39	-7	51	0	2	-8	cell = 488 to 495
23	-22	12	-126	-22	-42	-18	-96	cell = 496 to 503
52	9	30	-5	23	14	33	8	cell = 504 to 511
-35	-5	-11	-21	-34	-13	2	-5	cell = 512 to 519
2	-15	-43	-10	-51	-27	-18	29	cell = 520 to 527
-31	21	-30	-10	-43	-24	-8	-25	cell = 528 to 535
-52	-13	-21	-38	-31	-13	-45	-2	cell = 536 to 543
-30	-11	-49	-58	1	-15	-10	-32	cell = 544 to 551
-17	-5	6	-29	-62	-44	-48	-10	cell = 552 to 559
-6	-51	-52	-14	-32	-62	-50	-31	cell = 560 to 567
-25	24	-25	-46	-32	-19	-34	-40	cell = 568 to 575
26	-6	-28	-18	-12	-12	-43	-21	cell = 576 to 583
2	-40	14	-36	1	-6	-44	-5	cell = 584 to 591
-18	-7	6	-6	-39	-4	-39	-73	cell = 592 to 599
-29	-47	-31	-13	-12	-11	-29	-32	cell = 600 to 607
0	-10	-9	-10	-36	-3	-38	-6	cell = 608 to 615
16	15	-4	-28	11	0	-45	22	cell = 616 to 623
-6	-16	-28	-7	-9	-40	-46	9	cell = 624 to 631
-24	6	-28	13	-22	-16	-24	-31	cell = 632 to 639
-30	-17	-27	-28	-15	-40	-59	9	cell = 640 to 647
27	-17	-4	-20	-38	-14	-14	-15	cell = 648 to 655
-13	-41	-18	-16	-37	-14	-60	11	cell = 656 to 663
-26	-5	-14	36	-9	17	5	-39	cell = 664 to 671
-32	-40	-74	-26	-10	-12	-32	-38	cell = 672 to 679
-28	-18	-13	7	-16	26	17	2	cell = 680 to 687
-4	-7	-41	-37	-3	-2	-18	-12	cell = 688 to 695
-19	-44	-34	31	-10	-9	13	-55	cell = 696 to 703
2	-11	-17	12	9	-2	-21	-6	cell = 704 to 711
-24	-25	-52	-20	-6	-6	15	-10	cell = 712 to 719
-23	2	-55	-19	-12	-9	-21	-14	cell = 720 to 727
5	15	-23	29	-27	-14	-37	-37	cell = 728 to 735
-26	-8	-22	-4	4	-28	-45	1	cell = 736 to 743
-32	-45	-29	54	-11	-31	-32	22	cell = 744 to 751
-4	15	-3	-49	-34	-7	2	1	cell = 752 to 759
-29	-2	-63	-74	-41	-17	-8	-19	cell = 760 to 767
17	-30	-31	-9	-1	1	-43	-19	cell = 768 to 775
-42	37	-1	-18	-19	-30	-31	-13	cell = 776 to 783
-17	-13	-6	11	-26	7	-7	20	cell = 784 to 791
8	-33	-51	-4	-46	1	-13	0	cell = 792 to 799
4	-1	-12	24	14	-1	-53	14	cell = 800 to 807
7	-5	-2	13	-6	-39	-31	-30	cell = 808 to 815
-13	17	-13	-12	-41	-8	-9	-39	cell = 816 to 823
-25	-66	4	-30	-32	2	-49	-12	cell = 824 to 831
-9	-49	-39	-44	-24	-8	-63	45	cell = 832 to 839
-33	-19	9	-18	-13	52	-27	-10	cell = 840 to 847
-14	-53	1	-14	-55	31	-34	-12	cell = 848 to 855
-18	-4	-37	11	-5	-17	-15	4	cell = 856 to 863
-3	-19	-28	13	-49	-19	-37	-34	cell = 864 to 871
1	-46	-15	-8	-56	1	-30	-17	cell = 872 to 879
-34	22	-41	12	11	-3	27	-17	cell = 880 to 887
25	-1	-36	18	-14	-11	9	-4	cell = 888 to 895
-48	-25	-8	-18	-32	-23	-35	-21	cell = 896 to 903
14	4	-23	-3	-29	-36	-18	14	cell = 904 to 911
-11	16	-33	-29	7	26	-10	-28	cell = 912 to 919
-8	3	-5	-45	18	-10	-23	-42	cell = 920 to 927
15	15	-23	-19	11	-43	-21	2	cell = 928 to 935
-46	-26	-20	8	-7	-46	3	-27	cell = 936 to 943
-38	-12	-11	-21	-19	-26	-21	-7	cell = 944 to 951
10	-11	-17	5	-31	7	-48	-69	cell = 952 to 959
-25	-42	-16	-30	24	-17	-24	-28	cell = 960 to 967
-11	5	-3	30	-18	-51	-29	23	cell = 968 to 975
3	-32	-35	-59	53	-9	-64	-16	cell = 976 to 983
-29	-32	-24	-17	-39	39	-46	-6	cell = 984 to 991
-11	-35	-9	7	-21	-10	-15	-15	cell = 992 to 999
3	-51	28	12	-2	-36	0	-61	cell = 1000 to 1007
34	-47	-47	-21	-5	31	-41	-39	cell = 1008 to 1015
-24	26	-13	-35	-55	-19	-23	3	cell = 1016 to 1023
Calibration values from cell 0 to 1024 for channel 4:

50	-17	-8	-27	43	25	32	19	cell = 0 to 7
53	0	47	20	40	32	56	-53	cell = 8 to 15
80	-32	38	1	62	-31	16	40	cell = 16 to 23
26	26	64	-16	24	-27	9	4	cell = 24 to 31
53	3	79	22	40	0	60	-18	cell = 32 to 39
36	-29	35	-16	50	24	56	-35	cell = 40 to 47
42	-33	73	-9	31	-5	85	-8	cell = 48 to 55
58	30	43	-24	30	-29	60	-23	cell = 56 to 63
63	6	-5	9	91	52	59	5	cell = 64 to 71
61	-28	59	13	30	-10	37	-13	cell = 72 to 79
30	-8	77	-8	24	23	59	-23	cell = 80 to 87
17	-4	20	-6	47	5	58	-10	cell = 88 to 95
8	-6	43	-7	46	-3	26	-3	cell = 96 to 103
45	-41	24	-14	15	-5	55	17	cell = 104 to 111
42	-28	52	13	23	4	54	-17	cell = 112 to 119
38	2	63	-31	54	-14	37	13	cell = 120 to 127
35	-1	44	-52	12	21	36	9	cell = 128 to 135
49	15	49	24	64	-16	31	9	cell = 136 to 143
17	-27	63	-15	37	36	38	15	cell = 144 to 151
39	-29	43	-14	42	-16	34	-25	cell = 152 to 159
23	4	15	-14	80	-13	37	-9	cell = 160 to 167
70	-40	35	-4	52	15	48	-38	cell = 168 to 175
61	-6	43	12	52	-19	49	-22	cell = 176 to 183
11	-5	38	-32	38	12	27	-31	cell = 184 to 191
33	-18	-25	-20	25	-3	42	-21	cell = 192 to 199
33	47	60	9	63	1	-13	-24	cell = 200 to 207
36	-14	24	0	48	-14	11	23	cell = 208 to 215
-13	14	62	-50	56	-14	29	-11	cell = 216 to 223
35	32	13	-5	51	31	35	-11	cell = 224 to 231
31	16	27	33	21	15	45	21	cell = 232 to 239
57	-20	58	7	21	43	45	46	cell = 240 to 247
27	1	65	-5	46	2	29	-27	cell = 248 to 255
28	12	66	-6	20	19	32	39	cell = 256 to 263
30	9	61	14	22	16	57	4	cell = 264 to 271
38	32	12	7	88	-25	36	7	cell = 272 to 279
42	-20	51	0	48	-9	28	-15	cell = 280 to 287
89	5	44	17	40	-4	47	-15	cell = 288 to 295
52	34	7	-15	31	5	58	16	cell = 296 to 303
61	-16	42	-35	49	1	40	-31	cell = 304 to 311
52	10	42	5	51	43	95	-34	cell = 312 to 319
8	11	48	-10	33	-5	55	-23	cell = 320 to 327
28	-23	37	6	52	-2	41	-33	cell = 328 to 335
39	3	33	-36	66	3	60	-28	cell = 336 to 343
11	-31	40	-15	18	22	53	-42	cell = 344 to 351
35	2	31	17	39	-2	42	5	cell = 352 to 359
0	0	10	22	47	25	55	-19	cell = 360 to 367
39	-45	53	-4	57	-5	45	-37	cell = 368 to 375
47	-28	26	20	16	21	37	-16	cell = 376 to 383
65	29	38	-13	-9	-13	59	-10	cell = 384 to 391
40	-23	69	-50	36	-3	75	-5	cell = 392 to 399
11	15	33	-18	39	14	13	-4	cell = 400 to 407
53	-27	44	7	19	-18	-16	-14	cell = 408 to 415
31	-19	45	30	21	-20	24	-30	cell = 416 to 423
-2	-7	72	22	69	-6	65	-3	cell = 424 to 431
36	47	73	16	33	47	12	-13	cell = 432 to 439
57	33	36	2	76	7	40	-18	cell = 440 to 447
36	24	83	-7	40	17	39	16	cell = 448 to 455
20	-9	27	-25	69	7	7	11	cell = 456 to 463
38	-31	19	14	25	3	45	30	cell = 464 to 471
20	-18	35	-5	30	-18	41	-31	cell = 472 to 479
49	22	22	-26	17	17	74	-3	cell = 480 to 487
15	74	57	-19	31	-8	53	-22	cell = 488 to 495
22	7	-28	-75	-2	-92	-52	-90	cell = 496 to 503
24	-22	10	-21	39	-19	23	-31	cell = 504 to 511
-66	-47	-12	-17	-8	-42	-9	-42	cell = 512 to 519
-22	-4	-41	18	-7	-11	-20	12	cell = 520 to 527
-15	14	-65	-69	-14	-13	-59	-12	cell = 528 to 535
8	-29	-87	1	-49	-38	-26	-30	cell = 536 to 543
-42	-40	-4	4	-2	-15	-20	1	cell = 544 to 551
-17	9	-12	0	-7	5	-49	-9	cell = 552 to 559
17	0	-23	1	-17	-22	-63	13	cell = 560 to 567
14	-43	-16	-2	-11	-23	-38	28	cell = 568 to 575
-26	-16	-49	-25	-33	-33	-28	-17	cell = 576 to 583
-50	6	11	-37	-46	27	-44	4	cell = 584 to 591
0	-27	-62	16	-26	-61	-43	-35	cell = 592 to 599
-1	-32	-24	36	-8	2	-28	-54	cell = 600 to 607
-12	-21	-3	-14	2	-18	-10	-33	cell = 608 to 615
-26	-2	-4	-46	-29	14	-20	36	cell = 616 to 623
-24	-3	2	-23	-7	7	-19	-43	cell = 624 to 631
-35	32	-21	-29	-37	-5	-26	-6	cell = 632 to 639
-2	-5	-9	-39	-3	-44	-14	-38	cell = 640 to 647
-22	-20	8	-17	-24	-13	-17	-15	cell = 648 to 655
-30	0	-39	-18	-14	-19	-61	-27	cell = 656 to 663
-25	-28	19	-25	-50	-30	-20	-32	cell = 664 to 671
-17	17	-44	-29	8	-10	-17	-55	cell = 672 to 679
-45	-3	-35	-21	-36	-6	-12	15	cell = 680 to 687
-57	-8	-10	-15	-16	-2	-47	11	cell = 688 to 695
-55	-17	-75	-25	-14	-41	7	25	cell = 696 to 703
-44	-29	22	18	11	-44	-40	-16	cell = 704 to 711
-5	-9	-32	-20	-22	-13	-23	-42	cell = 712 to 719
1	-69	-7	-19	1	5	1	-27	cell = 720 to 727
-33	7	-60	-4	-30	2	-22	9	cell = 728 to 735
-15	-57	22	16	24	-6	-23	-34	cell = 736 to 743
-14	-11	-61	-12	24	-2	-44	-40	cell = 744 to 751
-21	-23	-21	-19	-45	-17	-51	37	cell = 752 to 759
21	4	-18	9	-4	-10	-63	-61	cell = 760 to 767
8	-67	-47	1	-23	-33	10	49	cell = 768 to 775
-23	7	-38	-6	-26	8	-18	-26	cell = 776 to 783
-10	-35	-12	-38	-26	-54	-9	-3	cell = 784 to 791
10	-4	-8	-8	7	2	-28	-29	cell = 792 to 799
-73	-6	-4	-27	-23	-35	6	-25	cell = 800 to 807
-21	-46	-34	-7	-3	-56	-5	-24	cell = 808 to 815
-4	-16	-27	-49	-36	-18	-23	-15	cell = 816 to 823
-61	3	23	-37	-13	-43	-2	-24	cell = 824 to 831
-40	12	-27	-29	10	15	-22	1	cell = 832 to 839
-18	-24	20	-20	-21	-14	-24	-2	cell = 840 to 847
-9	-26	-4	0	-46	2	-40	-6	cell = 848 to 855
14	13	-28	-33	-32	-51	-18	1	cell = 856 to 863
-28	-20	-30	-33	-35	18	8	-45	cell = 864 to 871
-12	-39	-4	-47	-26	-20	-40	5	cell = 872 to 879
21	-19	36	-13	1	5	-15	-33	cell = 880 to 887
-8	-34	-29	-18	23	-23	-30	-18	cell = 888 to 895
10	-77	-41	-23	-18	-19	1	-13	cell = 896 to 903
-15	-18	-24	-21	-18	-6	-42	-15	cell = 904 to 911
1	-38	-45	-30	18	-13	-33	-23	cell = 912 to 919
-1	12	-31	-7	-14	-56	-21	-7	cell = 920 to 927
-22	15	-18	-9	-35	5	-7	3	cell = 928 to 935
6	-21	-9	-2	18	15	-13	-15	cell = 936 to 943
-23	13	-1	20	-20	-48	-43	-6	cell = 944 to 951
-3	-29	10	-39	-33	-6	-18	10	cell = 952 to 959
-40	-3	-33	7	-7	-8	-5	-19	cell = 960 to 967
-40	19	15	16	-5	-23	-18	7	cell = 968 to 975
-32	-26	-39	-15	-24	-32	-29	1	cell = 976 to 983
-27	-77	-4	-22	-18	5	-8	-4	cell = 984 to 991
-74	-53	9	-14	-24	-26	-36	13	cell = 992 to 999
-78	-3	-33	-14	-50	-38	-9	3	cell = 1000 to 1007
-22	-9	-25	-24	-18	1	22	-22	cell = 1008 to 1015
8	-19	-41	-25	-11	-25	-69	0	cell = 1016 to 1023
Calibration values from cell 0 to 1024 for channel 5:

42	-4	79	-10	41	24	34	-28	cell = 0 to 7
54	21	77	-16	12	-23	45	-46	cell = 8 to 15
67	9	70	-47	13	16	27	-39	cell = 16 to 23
30	15	27	-19	14	16	31	-21	cell = 24 to 31
35	0	65	11	60	18	41	-9	cell = 32 to 39
33	-15	86	-14	14	2	25	-10	cell = 40 to 47
29	-12	19	-18	41	-21	64	-6	cell = 48 to 55
31	35	9	-43	28	-23	74	3	cell = 56 to 63
28	12	24	-15	8	-19	43	-6	cell = 64 to 71
16	31	70	-6	35	9	54	-22	cell = 72 to 79
63	9	83	15	68	-26	73	-26	cell = 80 to 87
91	-18	58	7	38	5	9	-16	cell = 88 to 95
43	47	49	33	56	34	60	-3	cell = 96 to 103
32	-2	44	14	28	-4	6	-18	cell = 104 to 111
63	28	74	17	37	-5	47	-18	cell = 112 to 119
10	-4	72	-51	36	4	57	-31	cell = 120 to 127
20	22	55	5	56	-4	88	1	cell = 128 to 135
35	18	26	-34	45	5	94	-3	cell = 136 to 143
-11	-6	49	-4	32	-1	11	-28	cell = 144 to 151
1	5	49	10	38	5	49	-11	cell = 152 to 159
26	-2	72	-43	69	37	25	-20	cell = 160 to 167
7	8	79	-11	44	-4	31	-14	cell = 168 to 175
19	-45	29	-11	61	14	54	6	cell = 176 to 183
7	13	51	16	35	-10	50	-56	cell = 184 to 191
51	-18	-17	7	57	-32	55	-29	cell = 192 to 199
38	39	38	-14	73	14	52	20	cell = 200 to 207
41	-15	39	-4	70	-31	34	-5	cell = 208 to 215
44	-12	77	-23	37	-20	43	-17	cell = 216 to 223
48	26	81	-15	20	-41	62	-38	cell = 224 to 231
54	25	26	-4	38	-22	14	43	cell = 232 to 239
47	-7	20	-7	26	9	27	-39	cell = 240 to 247
25	24	38	-5	68	25	30	-48	cell = 248 to 255
10	16	70	-40	53	-30	50	4	cell = 256 to 263
41	30	69	19	46	16	55	8	cell = 264 to 271
45	21	45	-17	31	-15	37	-2	cell = 272 to 279
40	-21	15	17	58	18	47	13	cell = 280 to 287
18	0	-7	1	47	4	21	16	cell = 288 to 295
59	-11	40	-6	35	-34	35	-34	cell = 296 to 303
40	2	17	-9	47	23	79	-8	cell = 304 to 311
13	-9	19	-30	31	13	46	17	cell = 312 to 319
22	-20	19	1	-12	1	48	-20	cell = 320 to 327
36	45	63	-2	23	5	50	-14	cell = 328 to 335
62	3	59	-6	20	-19	59	-24	cell = 336 to 343
57	-17	41	11	24	-15	17	-7	cell = 344 to 351
40	7	54	2	46	-5	1	8	cell = 352 to 359
58	1	79	-7	26	20	-4	-32	cell = 360 to 367
62	-38	53	-13	47	-7	17	14	cell = 368 to 375
42	-4	51	-21	37	-28	36	-31	cell = 376 to 383
49	-26	60	7	48	-31	37	-28	cell = 384 to 391
51	0	46	5	64	15	17	4	cell = 392 to 399
22	-54	54	3	47	-2	39	-9	cell = 400 to 407
44	-27	69	1	40	-29	74	3	cell = 408 to 415
46	-1	50	-11	1	-22	49	2	cell = 416 to 423
27	-12	71	-24	43	-12	15	-9	cell = 424 to 431
23	-1	15	-34	48	-17	50	-2	cell = 432 to 439
6	-16	23	-42	24	-38	15	-43	cell = 440 to 447
16	10	80	-13	30	6	40	-18	cell = 448 to 455
44	-25	17	-23	32	10	3	4	cell = 456 to 463
57	33	41	-2	52	19	44	-23	cell = 464 to 471
60	-23	19	-15	1	-19	48	-17	cell = 472 to 479
49	-10	38	-49	17	-27	48	-6	cell = 480 to 487
85	1	-16	12	71	-17	27	-29	cell = 488 to 495
1	9	30	-89	-31	-53	-19	-81	cell = 496 to 503
36	-3	58	34	26	-32	4	18	cell = 504 to 511
-25	-14	18	7	3	-39	-11	-4	cell = 512 to 519
9	20	-15	-2	24	13	-24	-24	cell = 520 to 527
8	-29	-37	-49	-11	-35	-63	6	cell = 528 to 535
-36	-38	-36	-22	-13	-41	-39	-24	cell = 536 to 543
-40	-14	-41	-28	-24	32	-38	-12	cell = 544 to 551
15	14	-70	-25	-12	-7	-27	-22	cell = 552 to 559
-17	5	-36	-30	-24	-2	-35	-22	cell = 560 to 567
7	-2	-15	17	-31	2	-26	0	cell = 568 to 575
-5	26	-35	-27	16	-3	-3	26	cell = 576 to 583
-2	-35	1	37	-46	-70	-14	-37	cell = 584 to 591
-61	14	-10	-15	-17	-35	-28	-43	cell = 592 to 599
-11	-30	-56	15	-23	-19	-27	-11	cell = 600 to 607
-40	-28	-23	-4	-35	25	-45	-38	cell = 608 to 615
-12	-26	-8	-7	-38	-38	-26	3	cell = 616 to 623
-48	-15	53	-13	27	-18	-47	-4	cell = 624 to 631
31	-24	-16	-2	-30	-27	20	-34	cell = 632 to 639
-26	-20	-71	0	-39	-55	-32	2	cell = 640 to 647
-13	32	-24	-1	-10	-25	15	-62	cell = 648 to 655
29	-10	-6	-65	-23	9	5	1	cell = 656 to 663
15	-49	-12	-21	-46	-16	-6	-17	cell = 664 to 671
-7	-10	-23	-81	41	-28	34	-22	cell = 672 to 679
-7	15	18	-73	15	-2	16	-13	cell = 680 to 687
-12	-26	6	-19	-8	31	-37	43	cell = 688 to 695
-38	-23	-6	-13	-4	-23	-3	-34	cell = 696 to 703
-19	-33	-34	-11	-27	-43	-50	-21	cell = 704 to 711
-43	-24	-21	-9	-17	-15	-85	-12	cell = 712 to 719
-4	19	-56	15	4	4	-25	-7	cell = 720 to 727
-39	-17	-9	-17	-33	-40	-64	-19	cell = 728 to 735
5	-35	-31	-10	-14	-21	-38	-35	cell = 736 to 743
-63	5	-31	-13	-44	-21	-5	-27	cell = 744 to 751
-15	-24	-57	-31	-11	-46	-18	-31	cell = 752 to 759
-50	19	-8	17	-27	-4	-58	-5	cell = 760 to 767
-42	-14	-68	-25	-31	-42	-16	-25	cell = 768 to 775
-10	-35	-25	1	-17	19	-45	13	cell = 776 to 783
-37	-44	6	-31	5	-5	-11	3	cell = 784 to 791
-22	-32	-18	-28	-34	0	-50	-67	cell = 792 to 799
0	-11	-6	-47	-43	-40	-6	15	cell = 800 to 807
-6	-22	-20	-1	8	10	-11	-37	cell = 808 to 815
-63	-22	-10	45	-18	-17	-18	-30	cell = 816 to 823
-49	1	-20	-26	-23	-30	-70	-12	cell = 824 to 831
-6	-5	-29	-2	-33	-3	-25	34	cell = 832 to 839
-13	-13	14	-21	-41	-32	0	28	cell = 840 to 847
-5	-39	-12	38	-12	-20	6	-16	cell = 848 to 855
-58	-39	17	14	-37	-14	-9	-29	cell = 856 to 863
5	-50	-27	-6	-29	33	55	23	cell = 864 to 871
22	-26	-14	-21	-41	-16	-32	-32	cell = 872 to 879
32	-40	-24	22	6	-24	-8	-20	cell = 880 to 887
-16	-66	-21	-14	-13	-27	7	-30	cell = 888 to 895
-16	-29	19	-12	-20	-21	-59	16	cell = 896 to 903
-19	7	-20	5	-21	-8	-3	-7	cell = 904 to 911
-47	-41	-43	-40	-27	-36	-39	-3	cell = 912 to 919
19	-46	-13	-14	9	-54	-29	-37	cell = 920 to 927
-58	6	-17	-12	-9	-18	-33	8	cell = 928 to 935
-21	19	-44	-13	2	-54	-9	-6	cell = 936 to 943
-19	10	-6	-15	-35	34	-36	-3	cell = 944 to 951
11	26	-3	-30	-11	-50	-16	7	cell = 952 to 959
-36	-13	-17	1	20	-7	-8	18	cell = 960 to 967
-18	-22	-44	-25	-39	-23	-14	3	cell = 968 to 975
-26	-18	30	-12	-5	15	-58	4	cell = 976 to 983
7	13	11	10	-30	-20	-38	-22	cell = 984 to 991
14	-35	-20	-37	-34	-19	-34	-21	cell = 992 to 999
16	-23	-51	11	11	-35	-13	-37	cell = 1000 to 1007
-44	-28	10	-7	-10	-35	-13	-14	cell = 1008 to 1015
-61	3	23	-28	-6	-11	-15	-3	cell = 1016 to 1023
Calibration values from cell 0 to 1024 for channel 6:

37	-12	63	-2	27	-16	38	-4	cell = 0 to 7
44	-18	22	-14	30	-9	12	33	cell = 8 to 15
55	-23	43	-13	31	25	10	-31	cell = 16 to 23
14	-14	51	-18	63	5	65	-27	cell = 24 to 31
77	-8	-8	-41	32	29	70	-22	cell = 32 to 39
14	-13	81	-7	69	-15	32	-18	cell = 40 to 47
22	-13	42	-42	38	-36	32	0	cell = 48 to 55
48	-34	-12	4	69	0	24	-3	cell = 56 to 63
41	-2	60	-16	44	-2	76	-7	cell = 64 to 71
40	14	47	-1	24	-40	69	-7	cell = 72 to 79
33	-42	57	3	49	5	10	-19	cell = 80 to 87
30	1	74	16	13	-10	35	19	cell = 88 to 95
64	25	36	3	53	19	52	18	cell = 96 to 103
11	15	48	29	45	-21	94	-13	cell = 104 to 111
63	16	9	-1	20	-13	83	8	cell = 112 to 119
77	-26	-2	-40	-8	33	40	23	cell = 120 to 127
59	0	32	-42	24	36	54	-7	cell = 128 to 135
59	-18	71	-34	67	42	47	32	cell = 136 to 143
76	9	53	-14	51	29	7	-20	cell = 144 to 151
45	-24	43	21	47	-2	56	-9	cell = 152 to 159
30	12	15	-41	28	12	17	-10	cell = 160 to 167
30	-16	48	-7	45	9	70	-29	cell = 168 to 175
52	-6	32	22	95	22	72	50	cell = 176 to 183
91	45	45	-45	24	11	71	-6	cell = 184 to 191
6	-4	16	-14	32	-44	39	40	cell = 192 to 199
40	-12	46	30	60	-16	36	10	cell = 200 to 207
37	-29	58	-3	46	-8	58	-54	cell = 208 to 215
-9	-9	29	-4	27	-6	32	-14	cell = 216 to 223
19	-24	38	-15	59	-13	53	-53	cell = 224 to 231
40	33	16	-5	25	-3	28	-8	cell = 232 to 239
50	22	104	-25	71	25	62	-6	cell = 240 to 247
14	-3	18	4	61	-22	23	-13	cell = 248 to 255
67	-6	53	-19	44	-21	46	-16	cell = 256 to 263
72	16	68	4	41	2	28	1	cell = 264 to 271
38	-27	93	20	36	21	7	-36	cell = 272 to 279
13	-27	62	37	16	3	57	-5	cell = 280 to 287
44	14	59	-18	66	-16	39	0	cell = 288 to 295
59	16	36	-37	60	-64	27	8	cell = 296 to 303
30	35	4	14	36	16	28	31	cell = 304 to 311
88	-1	17	-11	34	-21	29	10	cell = 312 to 319
49	-28	44	-27	58	23	32	-18	cell = 320 to 327
38	1	66	-12	18	11	-17	1	cell = 328 to 335
9	-7	3	-11	16	-17	73	-34	cell = 336 to 343
42	-15	28	-11	22	12	44	-27	cell = 344 to 351
66	-3	59	-8	9	-3	23	-16	cell = 352 to 359
45	-26	53	-10	50	-1	49	-24	cell = 360 to 367
68	31	32	-33	61	33	21	-23	cell = 368 to 375
28	8	37	-46	38	-55	16	-34	cell = 376 to 383
27	-20	15	-5	41	-2	2	-20	cell = 384 to 391
76	-27	13	-10	13	-17	50	-39	cell = 392 to 399
31	-7	41	1	41	31	66	-46	cell = 400 to 407
59	-35	47	20	30	-24	51	-43	cell = 408 to 415
21	-5	67	10	44	0	37	-13	cell = 416 to 423
47	10	41	-1	28	-32	21	-6	cell = 424 to 431
27	-10	15	7	66	10	60	-8	cell = 432 to 439
2	-6	65	-34	41	-30	51	-49	cell = 440 to 447
9	-16	63	-58	48	-37	79	-10	cell = 448 to 455
11	-18	51	4	53	9	30	4	cell = 456 to 463
17	5	62	-4	26	30	47	14	cell = 464 to 471
55	8	36	-35	40	8	1	23	cell = 472 to 479
27	-27	52	-27	40	-32	-10	-8	cell = 480 to 487
46	-17	66	-25	19	2	55	-2	cell = 488 to 495
84	-16	-37	-51	-35	-77	-32	-88	cell = 496 to 503
52	-36	14	3	-9	-23	13	-43	cell = 504 to 511
-9	-68	-54	4	2	4	-6	34	cell = 512 to 519
-49	-20	-42	-7	-47	-34	9	-20	cell = 520 to 527
-16	-50	-5	14	17	11	-6	-15	cell = 528 to 535
5	-5	-42	-66	-7	1	-7	-30	cell = 536 to 543
-51	-32	-23	-11	-54	23	-15	-34	cell = 544 to 551
-12	-15	-57	-27	-16	-22	21	-62	cell = 552 to 559
-22	-41	-27	-37	11	-6	-39	-2	cell = 560 to 567
9	-15	-45	-16	-27	-19	-15	-2	cell = 568 to 575
-34	-22	-47	-5	-21	-26	-12	-17	cell = 576 to 583
-5	18	10	19	-44	5	-15	-20	cell = 584 to 591
-45	-15	-38	-30	-5	-29	33	6	cell = 592 to 599
-26	6	-29	-46	-23	28	-40	3	cell = 600 to 607
-6	-32	5	-52	-12	-39	-17	13	cell = 608 to 615
-43	-5	-31	-17	18	10	-13	-56	cell = 616 to 623
-19	-27	-36	-6	-33	-2	6	-26	cell = 624 to 631
-30	3	-2	3	-11	1	-16	-13	cell = 632 to 639
-28	9	-39	0	-38	-28	-31	1	cell = 640 to 647
-11	10	-23	5	-13	-32	-15	10	cell = 648 to 655
-48	5	-49	-28	-12	-12	-60	-39	cell = 656 to 663
-82	-14	11	33	-15	-40	-27	-1	cell = 664 to 671
2	0	-30	-17	0	-68	7	-18	cell = 672 to 679
27	-19	-15	4	-38	31	8	-25	cell = 680 to 687
8	-43	-22	1	-35	-62	-27	-19	cell = 688 to 695
-13	-29	3	1	-5	-16	-32	5	cell = 696 to 703
-34	-19	-8	-15	-7	-17	-28	-55	cell = 704 to 711
-57	-16	-25	-20	3	-10	-55	-19	cell = 712 to 719
-24	-21	-21	-41	1	-1	-18	-20	cell = 720 to 727
5	-33	33	3	-15	-27	-22	-28	cell = 728 to 735
7	-31	-29	7	-17	-2	-55	-37	cell = 736 to 743
-15	-2	-58	-25	-3	14	-45	-10	cell = 744 to 751
36	21	19	0	-2	0	31	12	cell = 752 to 759
2	-11	-9	-28	-34	-21	-34	-20	cell = 760 to 767
17	-11	-6	-30	-12	0	-27	-20	cell = 768 to 775
6	-47	-27	27	1	-5	-7	-33	cell = 776 to 783
-20	-22	-21	-4	-17	23	-36	-8	cell = 784 to 791
-60	-25	-37	-31	-33	-20	-54	-45	cell = 792 to 799
-22	-36	-42	-5	13	6	-40	3	cell = 800 to 807
-22	11	3	-19	8	-5	-25	-1	cell = 808 to 815
-35	11	-26	-28	-24	9	-25	-48	cell = 816 to 823
-19	3	-30	25	-65	16	10	2	cell = 824 to 831
-39	-29	-18	-65	13	-11	-23	12	cell = 832 to 839
18	12	3	-42	-40	-6	-10	-48	cell = 840 to 847
10	-1	-27	9	-26	-17	2	3	cell = 848 to 855
-24	-19	-33	-8	-47	-48	-59	-45	cell = 856 to 863
-48	-6	8	-8	-7	-29	-27	1	cell = 864 to 871
16	-33	-27	13	-59	16	-36	-2	cell = 872 to 879
-31	0	-19	-11	8	11	-26	-10	cell = 880 to 887
-8	-39	-19	35	-57	-63	-55	12	cell = 888 to 895
-30	-22	-22	1	20	15	5	23	cell = 896 to 903
-11	-1	-26	-45	16	0	-29	4	cell = 904 to 911
-33	6	10	-6	-41	-10	16	-27	cell = 912 to 919
-4	-21	-21	9	-69	-52	-2	4	cell = 920 to 927
-24	7	-41	-32	-52	-2	-28	-9	cell = 928 to 935
-5	-4	-14	10	-17	23	-5	-9	cell = 936 to 943
-36	-4	-2	-37	-10	-36	1	-18	cell = 944 to 951
8	-20	5	3	-15	-25	13	-18	cell = 952 to 959
-56	2	1	10	8	5	-14	-11	cell = 960 to 967
-33	-13	-23	42	9	-38	-61	-23	cell = 968 to 975
-38	-7	-30	-11	10	-11	-35	-27	cell = 976 to 983
-43	-60	-4	-38	-15	-16	-2	-30	cell = 984 to 991
-7	-46	-2	-19	-46	-7	12	29	cell = 992 to 999
-50	-35	-3	-7	6	-2	-3	-1	cell = 1000 to 1007
-41	-12	-33	-39	-57	-22	-23	-1	cell = 1008 to 1015
-22	18	-59	-24	-25	-18	-47	3	cell = 1016 to 1023
Calibration values from cell 0 to 1024 for channel 7:

9	29	5	-26	23	-22	1	-13	cell = 0 to 7
43	-36	28	19	1	15	36	-30	cell = 8 to 15
55	-55	35	-8	39	-15	56	6	cell = 16 to 23
70	-27	82	-7	3	1	44	-21	cell = 24 to 31
75	9	55	12	33	15	73	4	cell = 32 to 39
10	8	44	-34	59	11	0	26	cell = 40 to 47
36	25	65	-11	102	-4	59	10	cell = 48 to 55
63	-6	39	-22	44	4	40	-21	cell = 56 to 63
40	-4	24	-28	49	-19	11	-16	cell = 64 to 71
49	15	15	-15	54	-28	49	-22	cell = 72 to 79
80	10	0	58	43	22	61	-29	cell = 80 to 87
22	21	57	-17	32	-17	51	-21	cell = 88 to 95
57	-5	44	-45	54	10	60	-6	cell = 96 to 103
34	11	20	4	6	7	56	-25	cell = 104 to 111
29	-40	31	12	13	12	16	-19	cell = 112 to 119
44	-45	63	-46	12	-3	18	-52	cell = 120 to 127
58	-3	27	1	60	-17	33	17	cell = 128 to 135
57	19	74	-13	25	9	77	10	cell = 136 to 143
-10	-6	0	-23	53	-11	48	7	cell = 144 to 151
37	4	50	6	63	8	46	-16	cell = 152 to 159
56	10	42	-4	23	-20	48	-28	cell = 160 to 167
48	4	46	1	72	2	51	-3	cell = 168 to 175
34	12	48	-7	38	2	35	-34	cell = 176 to 183
22	-40	23	21	35	-26	36	-14	cell = 184 to 191
60	16	23	-13	81	19	49	-7	cell = 192 to 199
62	-8	30	-13	76	0	36	-31	cell = 200 to 207
59	-18	19	31	42	32	26	16	cell = 208 to 215
13	17	28	-32	10	-29	40	-12	cell = 216 to 223
38	-2	33	-3	30	-11	53	-14	cell = 224 to 231
26	-8	44	5	31	-61	68	-21	cell = 232 to 239
68	40	32	-27	60	11	13	-24	cell = 240 to 247
55	-2	69	-40	48	-10	39	-54	cell = 248 to 255
44	-12	60	-12	50	-23	39	-9	cell = 256 to 263
74	-8	65	-30	1	5	37	-48	cell = 264 to 271
38	-34	58	-30	15	-13	37	-16	cell = 272 to 279
29	-18	50	4	8	-2	24	14	cell = 280 to 287
69	-66	27	-5	49	-22	37	45	cell = 288 to 295
109	-35	34	-1	48	19	50	-15	cell = 296 to 303
32	-26	71	-6	37	46	48	2	cell = 304 to 311
6	20	73	-3	34	-20	25	-10	cell = 312 to 319
59	-2	78	4	-8	-29	89	9	cell = 320 to 327
67	5	48	-26	10	-6	46	45	cell = 328 to 335
15	11	53	-6	46	13	73	-5	cell = 336 to 343
72	-6	44	-39	4	-21	50	-39	cell = 344 to 351
7	-27	23	35	44	29	74	15	cell = 352 to 359
14	-19	39	-23	55	-7	32	0	cell = 360 to 367
36	-21	0	-5	-13	-3	55	5	cell = 368 to 375
34	-4	36	11	63	-31	8	-58	cell = 376 to 383
46	33	61	-26	27	-9	9	-5	cell = 384 to 391
15	-34	94	38	13	23	32	6	cell = 392 to 399
1	-36	52	21	-15	3	53	13	cell = 400 to 407
37	-5	17	-33	54	-22	8	-4	cell = 408 to 415
16	6	40	7	3	16	53	-13	cell = 416 to 423
29	-20	45	-29	43	-19	-5	-48	cell = 424 to 431
19	2	58	-58	50	-12	50	36	cell = 432 to 439
83	10	21	-58	22	-6	12	-8	cell = 440 to 447
40	-49	93	-20	16	27	35	-7	cell = 448 to 455
64	17	59	-19	50	-11	43	16	cell = 456 to 463
28	-25	61	-26	28	-8	38	-22	cell = 464 to 471
-7	-49	69	-20	10	17	24	0	cell = 472 to 479
40	8	8	-28	75	2	61	-37	cell = 480 to 487
41	2	63	-7	44	3	43	-16	cell = 488 to 495
38	-9	-41	-73	-66	-81	-47	-106	cell = 496 to 503
48	29	75	3	49	-11	14	26	cell = 504 to 511
-20	-17	-36	-36	-25	8	-40	-31	cell = 512 to 519
-10	13	-37	-10	32	-72	14	3	cell = 520 to 527
-1	39	32	-39	-42	-9	-24	-18	cell = 528 to 535
-21	6	-9	7	-48	1	-25	-4	cell = 536 to 543
-36	-41	-29	-34	-12	-40	-17	16	cell = 544 to 551
-33	-30	0	6	7	-2	-54	-50	cell = 552 to 559
-21	-19	-3	-35	16	-28	-60	-69	cell = 560 to 567
-26	-42	2	-41	2	-35	-63	3	cell = 568 to 575
-56	-5	-23	-2	-28	-10	-11	-14	cell = 576 to 583
5	6	-23	26	-33	-16	-15	3	cell = 584 to 591
-24	7	-30	15	-2	-34	-25	-12	cell = 592 to 599
-7	-69	-15	-53	-17	-52	15	-20	cell = 600 to 607
-5	-26	-13	9	6	-7	-15	-25	cell = 608 to 615
4	-4	-11	-34	-13	4	-18	11	cell = 616 to 623
-11	-28	-25	-5	-25	24	-47	-41	cell = 624 to 631
2	-10	-54	-63	-46	-28	-22	-44	cell = 632 to 639
-28	11	-37	-31	-36	-27	-16	-22	cell = 640 to 647
-3	-13	-6	0	-35	2	-22	4	cell = 648 to 655
3	-8	14	-25	-18	-6	-54	-5	cell = 656 to 663
0	-36	-36	22	1	4	2	-24	cell = 664 to 671
0	-6	-20	20	-21	-35	1	-10	cell = 672 to 679
-4	-19	-12	0	-1	-52	-64	-23	cell = 680 to 687
21	-48	-27	-31	1	-3	-10	0	cell = 688 to 695
-18	6	8	10	-13	-22	-8	-15	cell = 696 to 703
-12	-4	-16	-3	-29	-23	-47	-21	cell = 704 to 711
-47	-29	17	-36	2	-16	-49	-8	cell = 712 to 719
9	-19	-40	11	8	-34	-34	-73	cell = 720 to 727
-50	1	-48	-43	5	18	-12	-28	cell = 728 to 735
-22	-14	-22	-28	-37	-19	-13	-33	cell = 736 to 743
16	-9	-60	-4	24	-20	-55	-8	cell = 744 to 751
-40	22	-24	29	13	-10	-46	-13	cell = 752 to 759
-38	-32	-8	-55	-5	-64	-61	-27	cell = 760 to 767
-73	-23	-7	-38	-27	0	-23	-45	cell = 768 to 775
-11	-42	8	21	13	-46	-60	-29	cell = 776 to 783
-19	-8	-2	-14	-26	-37	-46	-39	cell = 784 to 791
0	-42	-2	46	5	-45	51	-21	cell = 792 to 799
3	-28	-27	-2	8	-47	-8	2	cell = 800 to 807
-10	-2	-25	-23	0	-38	-31	11	cell = 808 to 815
-4	-37	30	-14	28	-13	-7	0	cell = 816 to 823
35	23	-35	-26	-7	-35	2	-6	cell = 824 to 831
-11	-31	-59	-1	-25	-15	-20	4	cell = 832 to 839
-33	2	8	-9	3	4	-35	5	cell = 840 to 847
6	9	-23	19	-35	4	1	-24	cell = 848 to 855
7	14	-39	-13	-27	-11	-32	-23	cell = 856 to 863
14	16	22	-19	5	-33	-24	-7	cell = 864 to 871
-13	-18	-3	-16	-13	12	-52	27	cell = 872 to 879
-20	-27	-28	-18	-43	-6	-20	22	cell = 880 to 887
-26	7	-48	4	-44	-8	-14	-41	cell = 888 to 895
-11	-26	1	-66	-24	-2	-16	0	cell = 896 to 903
-20	-22	-7	-10	-17	-46	15	-33	cell = 904 to 911
10	46	13	-45	7	-17	10	4	cell = 912 to 919
-20	-23	18	12	-40	-28	-19	-8	cell = 920 to 927
5	-12	-24	-20	3	1	5	4	cell = 928 to 935
-10	-5	46	15	-32	-27	-40	-10	cell = 936 to 943
0	-58	29	-20	-22	-19	-18	49	cell = 944 to 951
-42	-7	-11	8	30	-14	0	-31	cell = 952 to 959
-9	-10	-27	-7	-34	-2	-46	-17	cell = 960 to 967
-37	1	-42	-7	18	-44	-28	-10	cell = 968 to 975
-4	-42	-9	-43	-38	-16	-33	-22	cell = 976 to 983
-18	-49	-3	-15	-52	-11	-71	-10	cell = 984 to 991
-12	21	-43	-21	-24	-46	-6	-1	cell = 992 to 999
-12	-5	-24	11	-7	-3	4	5	cell = 1000 to 1007
14	-11	-4	-14	-61	-11	-9	-32	cell = 1008 to 1015
-3	-40	-5	-9	-45	-22	-25	-3	cell = 1016 to 1023
Calibration values from cell 0 to 1024 for channel 8:

101	-17	55	12	31	-27	12	6	cell = 0 to 7
9	-20	36	-5	37	12	57	5	cell = 8 to 15
82	-13	87	38	15	-9	32	31	cell = 16 to 23
0	2	53	-48	28	18	40	-42	cell = 24 to 31
26	9	77	-9	64	23	62	10	cell = 32 to 39
52	-9	94	-51	61	4	71	-1	cell = 40 to 47
44	-26	60	24	72	8	59	-7	cell = 48 to 55
69	-25	19	-26	43	1	-3	-9	cell = 56 to 63
6	-26	17	17	59	15	36	-17	cell = 64 to 71
35	11	41	36	55	27	55	-32	cell = 72 to 79
50	3	58	3	44	23	24	20	cell = 80 to 87
56	0	73	-49	42	-12	25	-17	cell = 88 to 95
37	5	45	-1	28	9	36	0	cell = 96 to 103
60	-46	51	-9	83	12	83	-45	cell = 104 to 111
44	-42	80	-36	51	-3	57	-1	cell = 112 to 119
24	12	76	14	52	-13	63	-28	cell = 120 to 127
19	18	56	-7	53	0	111	-29	cell = 128 to 135
12	-14	64	26	61	-13	44	-33	cell = 136 to 143
52	1	42	-11	29	18	5	-1	cell = 144 to 151
25	-11	46	12	22	-39	95	14	cell = 152 to 159
50	-8	80	-15	34	8	65	-15	cell = 160 to 167
44	-10	45	-33	73	-32	74	6	cell = 168 to 175
60	10	29	-5	27	-21	41	-6	cell = 176 to 183
63	-11	67	2	34	5	39	-26	cell = 184 to 191
29	18	69	24	30	-1	5	-20	cell = 192 to 199
20	9	27	-16	35	0	45	-30	cell = 200 to 207
60	-8	70	-3	54	38	50	-1	cell = 208 to 215
40	5	78	-13	46	4	43	-42	cell = 216 to 223
18	-38	34	-9	63	-10	23	-14	cell = 224 to 231
30	-43	57	-54	41	-22	64	3	cell = 232 to 239
59	-17	73	-3	26	10	32	-28	cell = 240 to 247
43	-15	75	-37	81	-6	31	-34	cell = 248 to 255
9	-14	19	-2	57	-36	50	-21	cell = 256 to 263
45	36	36	18	87	3	33	-21	cell = 264 to 271
30	9	-13	-31	37	1	39	48	cell = 272 to 279
37	13	84	-12	19	-23	42	16	cell = 280 to 287
13	-44	32	20	25	8	74	19	cell = 288 to 295
34	-30	29	-65	50	37	61	29	cell = 296 to 303
65	-22	62	-15	53	-13	53	-8	cell = 304 to 311
29	-9	52	-19	20	5	35	-27	cell = 312 to 319
42	12	32	-49	84	-5	37	3	cell = 320 to 327
21	2	78	12	58	0	13	-43	cell = 328 to 335
30	-26	58	-24	58	28	53	-12	cell = 336 to 343
19	-23	33	0	46	-19	38	-11	cell = 344 to 351
56	-7	70	-1	70	34	92	-16	cell = 352 to 359
45	-6	46	-31	19	-23	52	-7	cell = 360 to 367
9	6	52	-4	77	84	47	20	cell = 368 to 375
20	-4	59	-60	33	-6	36	-30	cell = 376 to 383
27	-3	45	-5	50	-18	39	9	cell = 384 to 391
74	18	64	26	67	19	72	-33	cell = 392 to 399
44	-15	19	-64	58	-16	18	-4	cell = 400 to 407
67	27	30	-21	65	-16	51	-11	cell = 408 to 415
20	-9	74	-29	47	-39	51	6	cell = 416 to 423
49	-31	72	-16	32	-6	94	-8	cell = 424 to 431
14	-5	43	-59	28	6	42	-12	cell = 432 to 439
40	-22	42	0	77	-16	51	45	cell = 440 to 447
61	-3	48	37	27	-8	47	-8	cell = 448 to 455
53	-10	31	-13	31	-15	54	12	cell = 456 to 463
14	9	50	-12	49	15	50	11	cell = 464 to 471
-4	-10	24	-3	33	-20	63	-16	cell = 472 to 479
67	-24	62	-8	16	-9	47	15	cell = 480 to 487
62	32	22	-34	-15	40	65	-24	cell = 488 to 495
58	16	-28	-90	-6	-41	1	-81	cell = 496 to 503
61	-35	27	-42	54	-27	52	23	cell = 504 to 511
-36	7	-46	5	-37	-2	-9	-31	cell = 512 to 519
-28	-17	-21	-24	-4	8	-7	-20	cell = 520 to 527
-42	-24	-23	-22	-26	-6	-20	-19	cell = 528 to 535
-26	3	-30	-31	-22	-18	6	10	cell = 536 to 543
10	-41	-40	3	-23	-25	-11	-54	cell = 544 to 551
-31	9	-34	-15	-12	15	-28	-8	cell = 552 to 559
-53	-28	-41	25	-18	-30	0	-27	cell = 560 to 567
9	-23	-14	-21	17	-38	-30	0	cell = 568 to 575
-15	-13	-26	-16	-79	6	-36	9	cell = 576 to 583
-17	-28	-10	28	-18	-22	-34	-19	cell = 584 to 591
-15	-26	-52	-17	-19	-14	-45	-34	cell = 592 to 599
-15	-15	-18	-18	-7	-44	-22	-12	cell = 600 to 607
-17	-48	-17	-6	-32	-13	-58	26	cell = 608 to 615
-17	-10	-7	19	-65	-28	-14	-3	cell = 616 to 623
-46	-15	-19	-1	-26	-33	-40	-15	cell = 624 to 631
9	-17	-55	15	-39	-22	-24	-34	cell = 632 to 639
-5	-38	17	-15	-26	-15	-12	-24	cell = 640 to 647
-42	-10	-43	3	22	-34	5	4	cell = 648 to 655
-56	-18	-29	-30	-10	-29	-41	-7	cell = 656 to 663
-35	3	-18	-31	-6	0	6	-24	cell = 664 to 671
-5	-10	-25	-33	-8	-41	-49	-46	cell = 672 to 679
-12	9	-2	-8	0	-41	-36	0	cell = 680 to 687
-6	-3	-60	9	-29	-11	-17	0	cell = 688 to 695
-2	-26	-28	-18	-7	-30	-46	-18	cell = 696 to 703
-8	-4	-41	-43	-60	-14	-18	-7	cell = 704 to 711
-59	-58	0	-28	-19	-28	-34	-7	cell = 712 to 719
-13	-13	-32	-1	-22	-58	28	5	cell = 720 to 727
-35	0	-10	-5	-20	-8	-15	-23	cell = 728 to 735
0	-4	-18	-35	0	14	-25	14	cell = 736 to 743
-33	-36	-24	-13	-24	-35	-27	-13	cell = 744 to 751
1	-19	-45	-2	-39	-32	-50	-10	cell = 752 to 759
-45	-4	23	-16	0	-12	-55	15	cell = 760 to 767
-39	-63	-5	-17	-2	4	-24	-29	cell = 768 to 775
-36	-27	-20	-56	-19	-31	-16	-16	cell = 776 to 783
-61	-36	19	-37	-39	19	11	-55	cell = 784 to 791
-2	-38	-32	-4	-8	-70	-55	-52	cell = 792 to 799
10	-37	-28	-5	-48	-28	-51	12	cell = 800 to 807
-11	-7	-14	-32	3	-42	-2	-22	cell = 808 to 815
-22	-17	-17	-8	-7	-19	-10	3	cell = 816 to 823
-37	-16	-22	6	-24	-32	-36	3	cell = 824 to 831
-23	-63	-43	-22	-50	-17	-17	31	cell = 832 to 839
7	-55	20	-29	-45	-6	-46	-4	cell = 840 to 847
-12	-43	-35	-11	2	-11	-20	6	cell = 848 to 855
-43	-20	-17	-38	-10	-6	-43	-4	cell = 856 to 863
5	-23	-64	-39	-29	-40	-14	-46	cell = 864 to 871
-37	-18	-7	-21	-34	-23	15	-53	cell = 872 to 879
-31	-37	-18	17	-34	-28	-26	-45	cell = 880 to 887
-22	22	-25	-29	-28	8	-12	-30	cell = 888 to 895
-35	-17	-19	-27	-14	-30	-34	-20	cell = 896 to 903
-17	-16	-33	-15	-34	4	-40	-28	cell = 904 to 911
-2	-22	-31	-32	-1	-26	-11	-33	cell = 912 to 919
-31	-41	-6	-24	0	-24	-55	-38	cell = 920 to 927
-7	-24	-27	0	-24	4	27	-36	cell = 928 to 935
-9	9	-6	-8	27	-24	-45	21	cell = 936 to 943
-15	-34	-51	19	3	18	-3	2	cell = 944 to 951
-16	-16	27	-5	9	-11	-18	12	cell = 952 to 959
-42	-38	-20	12	10	-31	35	12	cell = 960 to 967
-60	-20	4	-17	-7	-17	7	-12	cell = 968 to 975
-25	-37	-28	-26	-19	-19	-49	-34	cell = 976 to 983
-15	-55	-14	-45	-32	-57	-77	-10	cell = 984 to 991
6	-8	-28	-22	8	-10	-3	1	cell = 992 to 999
-25	-34	-43	-23	4	3	-11	-12	cell = 1000 to 1007
5	14	-20	-34	2	-21	38	-33	cell = 1008 to 1015
9	-22	-57	4	-22	-56	-59	-2	cell = 1016 to 1023
