Calibration values from cell 0 to 1024 for channel 0:

67	-8	37	-34	75	-21	71	-14	cell = 0 to 7
40	-36	78	-13	3	-6	34	-25	cell = 8 to 15
31	-1	52	-14	43	11	60	7	cell = 16 to 23
47	-30	46	-18	22	-7	29	-38	cell = 24 to 31
39	-41	46	-8	17	38	54	-12	cell = 32 to 39
33	30	54	-7	45	-23	63	14	cell = 40 to 47
25	23	48	35	57	29	29	-7	cell = 48 to 55
26	-3	43	0	66	27	27	-48	cell = 56 to 63
61	-12	38	-33	53	-16	50	7	cell = 64 to 71
-1	-20	73	25	66	-56	31	25	cell = 72 to 79
50	14	68	-28	76	35	64	-64	cell = 80 to 87
7	-3	80	-31	62	11	57	-43	cell = 88 to 95
98	7	19	0	54	17	36	-9	cell = 96 to 103
8	21	49	-2	30	19	68	2	cell = 104 to 111
76	17	75	-27	47	-6	52	-40	cell = 112 to 119
28	-47	36	-11	29	-24	46	-15	cell = 120 to 127
58	6	48	30	44	6	8	-19	cell = 128 to 135
88	-34	61	9	63	-5	46	-36	cell = 136 to 143
50	1	65	-31	86	-42	46	-4	cell = 144 to 151
24	22	48	-29	35	-13	50	-7	cell = 152 to 159
54	17	74	-5	85	-11	18	-7	cell = 160 to 167
10	6	55	-11	20	-1	55	-9	cell = 168 to 175
49	16	18	4	44	-40	81	15	cell = 176 to 183
45	7	67	47	65	-44	81	-8	cell = 184 to 191
33	20	31	11	57	-33	27	-26	cell = 192 to 199
26	-40	82	-12	77	8	19	-28	cell = 200 to 207
110	3	72	-2	35	-35	23	-42	cell = 208 to 215
31	-2	49	-30	64	18	56	-7	cell = 216 to 223
40	-25	47	0	39	13	40	-11	cell = 224 to 231
56	-14	68	14	59	-2	71	-21	cell = 232 to 239
38	18	22	-21	43	-43	54	5	cell = 240 to 247
14	-8	35	-12	44	1	40	-75	cell = 248 to 255
63	8	58	40	13	19	51	-24	cell = 256 to 263
72	7	-2	-11	53	0	31	-6	cell = 264 to 271
43	0	48	15	44	-18	31	-57	cell = 272 to 279
24	-25	55	1	52	15	22	-24	cell = 280 to 287
13	-10	29	-42	66	4	52	-38	cell = 288 to 295
10	10	60	3	48	-14	36	-57	cell = 296 to 303
32	-6	60	-8	42	-5	73	-49	cell = 304 to 311
31	11	57	-29	59	6	44	13	cell = 312 to 319
47	7	71	4	28	-13	58	-8	cell = 320 to 327
66	-55	50	-13	34	3	34	-5	cell = 328 to 335
45	0	32	-13	54	4	17	31	cell = 336 to 343
50	30	16	23	35	-38	22	-31	cell = 344 to 351
26	-11	2	-29	45	16	34	-46	cell = 352 to 359
32	-3	16	25	19	16	53	5	cell = 360 to 367
35	6	29	-26	25	-23	39	14	cell = 368 to 375
39	-21	21	-8	38	-29	16	-4	cell = 376 to 383
40	-38	56	-1	56	-31	70	33	cell = 384 to 391
45	-11	49	-33	10	13	58	-27	cell = 392 to 399
-9	8	21	29	38	-9	51	-4	cell = 400 to 407
43	13	24	-45	0	14	35	-11	cell = 408 to 415
4	-12	22	19	36	24	58	-23	cell = 416 to 423
58	45	39	-34	81	2	57	-50	cell = 424 to 431
88	-6	28	-37	98	-5	37	11	cell = 432 to 439
30	-9	37	9	68	-10	42	25	cell = 440 to 447
55	0	51	1	46	-21	47	-3	cell = 448 to 455
50	28	60	-18	9	25	35	1	cell = 456 to 463
22	18	16	-31	27	-58	32	-7	cell = 464 to 471
13	-18	45	-17	50	-56	81	-17	cell = 472 to 479
35	1	44	-25	50	22	7	3	cell = 480 to 487
75	6	0	37	21	-37	35	-4	cell = 488 to 495
81	-36	-35	-24	0	-100	-37	-53	cell = 496 to 503
-2	9	59	4	37	-27	33	0	cell = 504 to 511
7	-40	-31	-31	-14	-9	-43	-13	cell = 512 to 519
1	6	-58	-9	-9	-11	-6	-41	cell = 520 to 527
-30	-13	-84	-24	-12	-33	-6	-24	cell = 528 to 535
-61	3	-12	5	-16	-17	-44	30	cell = 536 to 543
-51	22	1	-27	8	-27	-18	1	cell = 544 to 551
-20	-46	-23	-11	-15	-29	-4	16	cell = 552 to 559
-28	22	12	-42	-4	-4	-23	6	cell = 560 to 567
-6	-4	-32	-19	-12	-24	-20	-9	cell = 568 to 575
19	-2	16	-22	-13	-48	17	-49	cell = 576 to 583
-32	-4	-20	-14	20	-22	-51	-10	cell = 584 to 591
-62	-8	-5	-48	-19	-51	-33	-10	cell = 592 to 599
-18	12	-15	-39	-17	-12	8	-23	cell = 600 to 607
-25	-14	-14	4	-37	-5	-28	37	cell = 608 to 615
-18	-2	-30	-29	-26	-71	26	0	cell = 616 to 623
-2	-17	-26	-35	-13	-26	-2	-25	cell = 624 to 631
-2	-20	-29	-52	-33	-8	-34	12	cell = 632 to 639
-22	-22	-18	-3	-8	-57	-42	-53	cell = 640 to 647
-57	-17	-28	-14	-20	-21	-41	-12	cell = 648 to 655
-24	-2	20	-40	-49	7	-19	-8	cell = 656 to 663
24	-34	-34	14	-6	-45	-2	-12	cell = 664 to 671
-14	-8	-16	-6	-40	5	-17	-15	cell = 672 to 679
-9	-14	4	-25	-15	-19	-13	-15	cell = 680 to 687
6	21	-57	-9	28	-15	-31	14	cell = 688 to 695
-34	-54	-33	-22	-55	3	-48	-28	cell = 696 to 703
-6	-26	-13	-22	-2	-30	-36	0	cell = 704 to 711
-27	6	-26	26	-51	-8	-35	-9	cell = 712 to 719
9	-25	12	-28	-50	7	-10	15	cell = 720 to 727
-9	-20	-55	-11	-25	-13	-50	-22	cell = 728 to 735
-34	13	-48	11	-29	-4	32	-27	cell = 736 to 743
-50	-21	-23	0	-3	-33	-19	-61	cell = 744 to 751
-56	3	-14	-33	16	-37	-14	-50	cell = 752 to 759
-8	-26	-26	-28	-10	-30	-16	15	cell = 760 to 767
-34	-58	-46	-12	-21	-29	-23	-43	cell = 768 to 775
-25	-41	-35	-11	3	-11	-11	-37	cell = 776 to 783
2	-23	35	-28	-28	-47	-31	-30	cell = 784 to 791
-30	-4	-55	-38	-46	-19	9	-39	cell = 792 to 799
-20	-33	-24	-6	-41	-8	-27	-3	cell = 800 to 807
-34	-16	-24	-3	-51	-9	-6	5	cell = 808 to 815
-32	-15	-20	3	-8	-13	-25	-26	cell = 816 to 823
-2	12	-36	-4	18	-20	-30	-17	cell = 824 to 831
-22	-21	7	14	-53	14	-18	-37	cell = 832 to 839
-50	-22	5	-7	-12	-29	-28	-4	cell = 840 to 847
-52	-27	-37	-48	-60	0	-20	5	cell = 848 to 855
-13	-24	-18	11	-30	-8	3	-1	cell = 856 to 863
-17	-13	28	-21	-14	-28	-61	-2	cell = 864 to 871
-37	-64	6	-35	-32	-39	4	-32	cell = 872 to 879
-23	-51	-4	-7	-24	-9	-18	-2	cell = 880 to 887
-39	-31	-2	-1	-19	12	-28	-12	cell = 888 to 895
0	37	-10	18	-12	-47	-8	-21	cell = 896 to 903
-4	-37	-44	-27	-10	-12	19	13	cell = 904 to 911
-12	-7	-19	-13	-11	-4	-41	9	cell = 912 to 919
-7	4	-63	-63	-10	-4	-2	3	cell = 920 to 927
-20	-43	8	-13	11	-43	-31	14	cell = 928 to 935
-49	-19	-27	-4	20	-44	-41	7	cell = 936 to 943
-12	-33	23	-22	-22	-18	-36	-15	cell = 944 to 951
-20	-28	7	9	-29	5	-29	-13	cell = 952 to 959
-14	-23	-15	4	-49	-31	-30	16	cell = 960 to 967
-51	-2	-32	-23	-30	-23	7	-23	cell = 968 to 975
4	2	-38	17	-26	28	5	-8	cell = 976 to 983
3	18	2	-14	-49	-22	4	-20	cell = 984 to 991
1	-21	-35	6	-33	-46	-21	-46	cell = 992 to 999
-18	-23	-20	-19	-22	-28	2	-32	cell = 1000 to 1007
21	-42	-30	-18	-28	-51	-47	-27	cell = 1008 to 1015
-21	1	0	5	-41	11	-31	27	cell = 1016 to 1023
Calibration values from cell 0 to 1024 for channel 1:

31	0	59	-46	33	3	17	-10	cell = 0 to 7
46	-11	-1	-28	51	5	58	15	cell = 8 to 15
24	25	27	-6	22	30	68	-10	cell = 16 to 23
48	-39	17	-5	13	-15	73	-6	cell = 24 to 31
27	25	93	31	68	-13	27	2	cell = 32 to 39
50	2	51	-1	66	-33	34	1	cell = 40 to 47
69	-13	54	-16	58	-7	30	-19	cell = 48 to 55
15	-32	32	-8	43	-2	33	-41	cell = 56 to 63
63	24	35	4	60	-48	12	12	cell = 64 to 71
50	52	50	-6	-12	-25	28	18	cell = 72 to 79
70	40	50	-2	71	-9	55	20	cell = 80 to 87
37	2	26	-17	64	-21	36	9	cell = 88 to 95
71	-35	51	-21	22	-26	36	-14	cell = 96 to 103
15	20	67	1	29	16	63	-34	cell = 104 to 111
44	-30	15	-4	72	-7	42	-16	cell = 112 to 119
45	-19	46	-8	49	-32	53	-16	cell = 120 to 127
58	4	52	15	24	28	47	13	cell = 128 to 135
34	22	52	-4	54	-16	22	-23	cell = 136 to 143
47	-53	48	26	40	-9	56	-54	cell = 144 to 151
52	-1	40	-29	33	14	33	-5	cell = 152 to 159
45	2	40	11	30	-27	14	-27	cell = 160 to 167
40	-28	35	-36	12	20	42	-1	cell = 168 to 175
51	-19	104	-36	79	31	28	-49	cell = 176 to 183
48	2	20	25	55	-26	28	-41	cell = 184 to 191
8	-18	54	9	16	-1	38	16	cell = 192 to 199
29	-25	34	4	73	27	85	-33	cell = 200 to 207
28	-27	48	-32	31	0	42	9	cell = 208 to 215
20	16	72	-21	38	-51	82	-13	cell = 216 to 223
62	-9	20	35	23	22	46	5	cell = 224 to 231
46	13	51	-38	21	-14	92	-10	cell = 232 to 239
31	21	47	-3	64	16	40	-14	cell = 240 to 247
19	1	10	32	32	-15	13	25	cell = 248 to 255
70	-23	55	-2	47	-22	41	7	cell = 256 to 263
46	1	-5	-14	44	-4	57	8	cell = 264 to 271
60	-16	65	-2	49	-6	73	-22	cell = 272 to 279
42	-24	-5	-3	48	-9	50	-18	cell = 280 to 287
41	-20	45	-18	100	-1	52	-22	cell = 288 to 295
53	6	63	-22	27	-30	34	-24	cell = 296 to 303
32	10	55	-22	50	-4	42	14	cell = 304 to 311
43	-34	60	-3	3	26	34	10	cell = 312 to 319
42	-26	22	-45	9	13	53	25	cell = 320 to 327
90	-13	61	7	67	12	57	-41	cell = 328 to 335
56	-49	56	-28	36	-20	54	32	cell = 336 to 343
21	6	18	0	54	2	13	-21	cell = 344 to 351
57	4	27	-17	26	12	27	-22	cell = 352 to 359
74	-6	29	25	84	35	34	-16	cell = 360 to 367
34	30	41	-18	44	12	66	-5	cell = 368 to 375
15	-25	7	-24	70	-13	62	19	cell = 376 to 383
67	11	14	21	72	14	39	-4	cell = 384 to 391
-7	-3	63	31	34	-36	-13	-12	cell = 392 to 399
54	1	30	-8	35	-3	50	-10	cell = 400 to 407
16	-4	67	-33	-3	-17	44	-15	cell = 408 to 415
14	-2	25	-2	10	-12	21	-17	cell = 416 to 423
74	9	66	-34	10	18	36	-13	cell = 424 to 431
59	4	33	16	61	-25	52	11	cell = 432 to 439
24	0	25	-39	4	37	21	4	cell = 440 to 447
67	-15	36	-33	22	6	59	11	cell = 448 to 455
25	-15	35	-26	72	-7	36	-33	cell = 456 to 463
42	-6	74	1	24	4	43	-5	cell = 464 to 471
71	-16	25	-23	29	23	61	1	cell = 472 to 479
44	-2	39	9	0	-17	46	-7	cell = 480 to 487
-11	-23	39	-51	64	5	57	11	cell = 488 to 495
74	23	2	-86	-28	-72	-57	-96	cell = 496 to 503
26	-38	83	0	0	45	75	-34	cell = 504 to 511
15	-21	26	-37	-36	2	-7	15	cell = 512 to 519
-16	-7	-5	-36	-22	-14	-8	-10	cell = 520 to 527
-2	14	-25	-14	5	0	11	-14	cell = 528 to 535
-3	-1	-23	23	-25	-38	-28	-20	cell = 536 to 543
-8	-26	-14	-63	5	-25	-47	-3	cell = 544 to 551
22	-30	-2	3	-26	-53	18	0	cell = 552 to 559
7	18	-12	5	-14	-57	0	1	cell = 560 to 567
-23	-14	-23	-32	-18	-46	-4	-23	cell = 568 to 575
0	-25	-41	-17	-4	46	-31	34	cell = 576 to 583
12	-6	-28	-2	-22	-22	-29	-5	cell = 584 to 591
15	9	-43	-21	-51	-35	-20	-32	cell = 592 to 599
-7	-24	-2	2	-39	10	-17	-5	cell = 600 to 607
-18	-5	-35	-1	-32	-47	-20	12	cell = 608 to 615
30	-24	-39	-3	-69	-34	-14	-39	cell = 616 to 623
11	-23	-20	-38	6	24	-2	-1	cell = 624 to 631
-50	1	-13	-17	-48	-7	-30	-12	cell = 632 to 639
-26	1	-21	-17	-9	1	-54	-25	cell = 640 to 647
-58	-39	20	7	-46	-3	-5	31	cell = 648 to 655
-22	-30	-8	-17	-50	-21	-28	-2	cell = 656 to 663
-14	-46	-52	30	-15	-40	-27	-7	cell = 664 to 671
-5	-11	-27	-44	-40	-16	-27	-45	cell = 672 to 679
-35	-44	-54	-26	-39	-6	15	-12	cell = 680 to 687
-44	-23	6	-37	-3	-23	-42	-9	cell = 688 to 695
-10	-39	-30	-10	-30	-15	-38	-33	cell = 696 to 703
0	24	-39	-39	-30	-10	-28	-23	cell = 704 to 711
-37	-26	-29	-61	-12	-12	-32	-14	cell = 712 to 719
-11	-49	-2	-9	20	-10	-16	-15	cell = 720 to 727
-30	-1	-20	-48	-38	-16	-24	9	cell = 728 to 735
-43	17	-16	-38	-31	-34	11	-12	cell = 736 to 743
30	-16	-18	1	-20	-13	10	-30	cell = 744 to 751
8	-10	-30	-27	-53	31	-17	-18	cell = 752 to 759
-14	-21	-35	-7	-21	3	-8	-7	cell = 760 to 767
-21	23	1	-19	14	-32	10	-18	cell = 768 to 775
-38	30	-24	-19	-40	3	-21	-37	cell = 776 to 783
-37	-30	-22	-7	15	-15	-36	15	cell = 784 to 791
-21	-22	0	8	-47	-12	-42	32	cell = 792 to 799
-19	-16	-46	-25	0	-4	-8	-59	cell = 800 to 807
-59	-31	-31	0	-5	-54	-70	-13	cell = 808 to 815
-27	-9	-34	-9	12	18	23	-4	cell = 816 to 823
-14	-30	-37	-18	-28	22	3	-3	cell = 824 to 831
-12	3	-28	11	-16	16	-24	-17	cell = 832 to 839
-39	0	-23	-12	-51	-27	13	-16	cell = 840 to 847
-28	-11	-42	-7	-37	-8	12	-12	cell = 848 to 855
-11	-62	-23	7	-17	9	-41	-42	cell = 856 to 863
-24	-40	17	-34	-49	-32	6	-31	cell = 864 to 871
-53	-14	-35	16	-36	-24	0	-12	cell = 872 to 879
-8	12	9	-1	-4	4	-28	-38	cell = 880 to 887
-45	-3	-41	-15	7	-21	13	-26	cell = 888 to 895
-69	-11	-37	-5	-61	-39	-37	-20	cell = 896 to 903
20	-40	-26	21	20	7	14	-7	cell = 904 to 911
-13	-27	-62	-40	-31	-51	-38	-45	cell = 912 to 919
-41	6	-10	-55	31	-35	-16	-19	cell = 920 to 927
-50	5	-10	-9	-23	-9	-22	-30	cell = 928 to 935
-12	-34	-21	-65	-72	-14	-1	-6	cell = 936 to 943
-25	-22	-16	-32	-24	-39	-19	-28	cell = 944 to 951
-26	-25	-34	-1	5	17	-23	-5	cell = 952 to 959
-16	-3	-17	-20	-40	2	-2	-10	cell = 960 to 967
-7	-45	-26	-3	29	-12	-63	24	cell = 968 to 975
12	-8	-17	17	-23	-35	-39	43	cell = 976 to 983
-1	-31	-16	-36	-11	-56	-28	-22	cell = 984 to 991
-21	-2	-30	3	-23	-19	-3	-18	cell = 992 to 999
0	-14	-32	-19	-7	-9	-58	-36	cell = 1000 to 1007
-27	3	-48	-13	-27	-35	-19	-18	cell = 1008 to 1015
-40	-55	6	-8	-15	-39	-18	-6	cell = 1016 to 1023
Calibration values from cell 0 to 1024 for channel 2:

-3	-5	57	-37	27	39	53	-33	cell = 0 to 7
65	-17	58	-55	35	-7	43	-23	cell = 8 to 15
64	-11	53	-7	72	26	58	-16	cell = 16 to 23
15	-28	61	-30	49	3	68	12	cell = 24 to 31
42	-34	34	2	25	-16	6	-27	cell = 32 to 39
71	-13	78	1	14	30	51	0	cell = 40 to 47
48	-4	29	-6	53	-6	40	-9	cell = 48 to 55
27	9	44	-42	54	-4	47	-8	cell = 56 to 63
29	-21	43	-5	40	-30	76	13	cell = 64 to 71
15	-13	51	-26	32	9	34	7	cell = 72 to 79
15	3	37	4	90	-24	33	1	cell = 80 to 87
30	-7	65	0	41	6	44	-12	cell = 88 to 95
51	-25	53	-23	52	16	25	-25	cell = 96 to 103
66	8	20	-12	50	4	71	-19	cell = 104 to 111
7	23	34	19	58	-10	25	-6	cell = 112 to 119
10	-11	-4	24	60	21	44	13	cell = 120 to 127
0	-9	8	-25	32	6	81	-69	cell = 128 to 135
59	-17	37	-7	61	30	48	8	cell = 136 to 143
22	-11	46	-9	18	-19	86	31	cell = 144 to 151
61	11	55	-9	4	-10	69	-13	cell = 152 to 159
87	3	45	28	34	-7	53	-13	cell = 160 to 167
13	10	28	-27	43	30	49	-28	cell = 168 to 175
25	-26	42	-24	23	-15	-2	-34	cell = 176 to 183
2	-4	39	-15	28	-8	38	-1	cell = 184 to 191
25	-27	55	9	45	-22	20	1	cell = 192 to 199
33	-17	37	-7	67	30	58	-48	cell = 200 to 207
25	-22	56	4	55	0	54	31	cell = 208 to 215
50	-12	44	0	-12	5	75	-3	cell = 216 to 223
21	-47	75	5	85	-33	56	25	cell = 224 to 231
66	-48	58	-14	72	-4	66	-18	cell = 232 to 239
88	-8	35	11	3	6	37	-11	cell = 240 to 247
43	-18	55	4	37	-32	30	-9	cell = 248 to 255
30	-4	42	-8	57	-40	40	-24	cell = 256 to 263
35	0	13	-18	44	28	40	15	cell = 264 to 271
42	-3	17	-1	10	12	19	9	cell = 272 to 279
41	4	51	-6	21	5	47	5	cell = 280 to 287
50	-19	66	-8	49	-36	70	15	cell = 288 to 295
20	-7	6	-34	50	-29	24	-24	cell = 296 to 303
47	-13	25	-39	57	-3	57	-24	cell = 304 to 311
27	21	55	-24	68	-2	4	-21	cell = 312 to 319
43	-13	32	-49	48	-24	28	-10	cell = 320 to 327
54	-17	-3	-3	35	16	75	-14	cell = 328 to 335
16	-10	21	-35	42	10	21	-20	cell = 336 to 343
42	-62	31	-2	20	14	58	-21	cell = 344 to 351
58	11	66	19	48	-8	35	0	cell = 352 to 359
46	6	71	-9	72	-30	80	-24	cell = 360 to 367
33	6	27	32	23	9	50	-2	cell = 368 to 375
12	-11	63	33	76	48	46	-34	cell = 376 to 383
18	7	42	-3	47	11	8	-4	cell = 384 to 391
16	-11	45	-6	15	-10	40	3	cell = 392 to 399
30	37	88	2	64	4	54	-34	cell = 400 to 407
-8	-1	77	8	60	-6	73	-34	cell = 408 to 415
40	-7	25	12	74	-12	58	-13	cell = 416 to 423
30	-32	34	1	39	8	49	-24	cell = 424 to 431
42	-3	46	-43	39	-17	29	-49	cell = 432 to 439
22	-35	52	-6	46	-14	29	-26	cell = 440 to 447
38	3	20	-10	11	16	33	-13	cell = 448 to 455
32	-26	47	-21	20	-9	23	-22	cell = 456 to 463
14	-44	56	-40	8	47	30	-3	cell = 464 to 471
36	-22	57	-55	31	-58	57	-14	cell = 472 to 479
72	11	22	-4	41	-24	23	-4	cell = 480 to 487
38	28	63	-3	78	10	4	-8	cell = 488 to 495
83	-18	-19	-107	-60	-79	-15	-106	cell = 496 to 503
24	-33	19	-22	29	-4	35	1	cell = 504 to 511
-24	9	-33	-28	11	-27	-55	-47	cell = 512 to 519
-18	37	-50	-41	-4	4	-25	-38	cell = 520 to 527
0	-3	-36	-33	-19	-3	-11	6	cell = 528 to 535
-21	-48	-6	0	26	-15	-8	-54	cell = 536 to 543
-28	-44	-24	-44	-11	-25	-8	3	cell = 544 to 551
-16	-30	-71	-19	-25	-15	-5	16	cell = 552 to 559
-2	-10	-40	-7	-33	-32	-57	27	cell = 560 to 567
-1	-33	-63	-13	15	-12	-2	23	cell = 568 to 575
-7	-30	0	-23	-4	-4	-35	-16	cell = 576 to 583
-78	-9	-40	-15	-5	48	-26	-69	cell = 584 to 591
-3	-44	-41	-20	-29	-19	20	-54	cell = 592 to 599
16	-23	-31	-32	-14	-2	-8	-35	cell = 600 to 607
-19	-42	6	-17	-23	1	-8	-30	cell = 608 to 615
-31	-31	-8	-42	-45	-26	8	-46	cell = 616 to 623
-5	-12	3	-24	-3	-15	-1	13	cell = 624 to 631
-39	-1	3	-13	-60	-37	-20	-21	cell = 632 to 639
-19	-46	-20	-34	9	-30	-13	-25	cell = 640 to 647
-89	-35	-9	-30	13	-13	-29	-18	cell = 648 to 655
-31	-19	-32	-40	-4	-15	-61	5	cell = 656 to 663
-13	4	-15	-36	-8	-55	-3	22	cell = 664 to 671
-18	-16	-57	-1	-8	9	-27	11	cell = 672 to 679
-10	21	-39	11	-27	-25	-17	-29	cell = 680 to 687
-14	-2	-15	-39	-27	7	-27	-8	cell = 688 to 695
-31	-18	-21	-25	-17	-65	-32	-7	cell = 696 to 703
4	-20	-9	-27	-33	-38	-35	29	cell = 704 to 711
1	6	-40	31	-54	-15	-18	2	cell = 712 to 719
24	-13	-33	-21	-2	-24	-38	-2	cell = 720 to 727
-32	-19	-10	-34	-28	-29	-40	-5	cell = 728 to 735
13	21	-2	-20	-26	13	4	6	cell = 736 to 743
16	-25	-17	-13	-4	-35	22	5	cell = 744 to 751
-28	18	20	0	-11	-4	-20	-8	cell = 752 to 759
-33	-30	-23	18	-13	-3	-49	-15	cell = 760 to 767
7	-40	-23	11	-53	-10	11	-21	cell = 768 to 775
-14	-26	-19	-27	-14	-18	-25	-4	cell = 776 to 783
-19	-24	-19	3	63	-20	-64	-30	cell = 784 to 791
7	-21	-19	10	9	-15	-19	19	cell = 792 to 799
-48	-15	-7	46	-21	-13	-34	8	cell = 800 to 807
-38	-14	-33	-24	-13	0	-18	-2	cell = 808 to 815
-54	-20	-12	-12	-13	7	-25	18	cell = 816 to 823
32	-15	11	-25	-17	-17	5	5	cell = 824 to 831
-25	-4	-33	-22	-22	8	-43	-23	cell = 832 to 839
-47	-22	-33	-9	-42	-1	-4	4	cell = 840 to 847
-24	8	-6	3	-24	-24	-58	20	cell = 848 to 855
12	-7	-44	-43	11	2	-45	-11	cell = 856 to 863
5	-2	-7	9	-27	-1	-63	-36	cell = 864 to 871
-44	-35	-8	-27	-19	-18	16	17	cell = 872 to 879
-3	-4	-27	-26	-36	-11	-9	-41	cell = 880 to 887
16	-31	6	-9	-17	-6	-13	-22	cell = 888 to 895
-9	6	10	-38	-31	-29	-40	17	cell = 896 to 903
-38	18	-5	-22	-29	27	-6	18	cell = 904 to 911
7	19	-15	-9	5	5	-2	0	cell = 912 to 919
-17	6	-30	-22	-18	26	-3	8	cell = 920 to 927
-32	-2	-21	-33	-14	-13	-42	-5	cell = 928 to 935
-9	19	-29	9	-18	-55	2	16	cell = 936 to 943
-23	-33	28	-52	-11	-8	-46	-5	cell = 944 to 951
-23	-13	4	-3	-35	-11	-37	-22	cell = 952 to 959
-16	-19	-31	-28	-26	3	-59	0	cell = 960 to 967
-16	-48	-27	-30	22	-14	-20	-6	cell = 968 to 975
23	39	2	-34	-28	-13	-8	-3	cell = 976 to 983
-60	-48	-8	-31	-38	-10	-33	-39	cell = 984 to 991
-4	-34	-17	-25	-4	4	18	29	cell = 992 to 999
-47	-11	12	13	-30	7	-2	16	cell = 1000 to 1007
-18	-27	-36	-27	-19	8	-86	-45	cell = 1008 to 1015
-35	14	-28	-23	16	-37	-42	-12	cell = 1016 to 1023
Calibration values from cell 0 to 1024 for channel 3:

52	-25	39	-2	50	10	89	-19	cell = 0 to 7
21	-12	43	2	48	-21	67	-18	cell = 8 to 15
48	19	18	5	64	4	25	-15	cell = 16 to 23
46	-5	41	-28	50	16	78	-11	cell = 24 to 31
34	12	48	-61	30	-5	67	-46	cell = 32 to 39
10	7	59	-21	29	34	33	4	cell = 40 to 47
23	2	59	-6	32	-6	61	5	cell = 48 to 55
56	-32	8	18	27	-30	75	2	cell = 56 to 63
27	-27	50	-16	35	25	36	-12	cell = 64 to 71
48	-45	70	-54	37	20	59	1	cell = 72 to 79
17	-31	73	-27	44	-42	57	-11	cell = 80 to 87
18	-28	25	-2	41	-7	88	-44	cell = 88 to 95
33	36	50	1	52	12	15	-16	cell = 96 to 103
24	-15	21	-9	55	17	52	22	cell = 104 to 111
57	30	27	-6	58	19	57	-13	cell = 112 to 119
24	28	55	-1	3	7	51	-32	cell = 120 to 127
36	-17	40	-11	45	-6	61	4	cell = 128 to 135
4	-13	31	-31	31	-42	38	-59	cell = 136 to 143
61	2	56	-20	53	10	60	15	cell = 144 to 151
12	-25	55	-12	47	0	50	6	cell = 152 to 159
45	-18	40	-10	36	-9	68	6	cell = 160 to 167
54	7	42	-8	22	-8	55	-10	cell = 168 to 175
33	27	42	0	27	15	47	-7	cell = 176 to 183
56	2	23	22	24	-34	33	-18	cell = 184 to 191
52	-20	11	-15	19	4	7	-27	cell = 192 to 199
51	13	47	0	48	-13	41	-32	cell = 200 to 207
34	-27	29	-14	48	19	66	-22	cell = 208 to 215
98	-4	49	-27	0	11	33	-6	cell = 216 to 223
12	40	47	-22	4	-26	23	-13	cell = 224 to 231
14	20	46	-19	52	-9	58	-29	cell = 232 to 239
26	14	29	-14	60	-21	105	-17	cell = 240 to 247
35	19	56	0	16	-17	41	-17	cell = 248 to 255
13	26	24	-11	31	9	35	10	cell = 256 to 263
62	11	21	-14	9	17	40	13	cell = 264 to 271
1	0	64	-37	72	13	36	22	cell = 272 to 279
26	-5	34	0	0	-2	61	11	cell = 280 to 287
12	-23	61	-7	24	13	33	-36	cell = 288 to 295
35	24	23	-11	36	-2	36	-37	cell = 296 to 303
46	2	60	-31	23	10	51	13	cell = 304 to 311
27	-2	46	-17	46	-4	40	24	cell = 312 to 319
32	-10	62	-30	59	-17	38	-33	cell = 320 to 327
83	34	48	-10	30	-10	43	-20	cell = 328 to 335
37	-17	57	-4	36	23	38	-23	cell = 336 to 343
75	-6	46	-8	58	52	45	-4	cell = 344 to 351
38	3	33	-9	40	-44	45	44	cell = 352 to 359
86	24	70	-3	47	1	68	-11	cell = 360 to 367
26	-37	35	7	39	-41	45	-6	cell = 368 to 375
77	-6	46	-43	33	20	47	-21	cell = 376 to 383
40	-10	51	44	31	8	29	2	cell = 384 to 391
27	8	35	-45	23	4	8	-2	cell = 392 to 399
49	25	0	14	32	-55	33	-29	cell = 400 to 407
53	-20	34	-45	30	-17	56	2	cell = 408 to 415
58	14	51	-6	43	-8	50	-13	cell = 416 to 423
19	-29	70	53	49	3	52	-39	cell = 424 to 431
49	6	52	-38	54	21	31	2	cell = 432 to 439
-32	7	42	-18	60	-22	56	-13	cell = 440 to 447
18	-14	79	25	14	-33	49	12	cell = 448 to 455
53	25	30	-11	35	-11	23	-2	cell = 456 to 463
46	35	57	26	-6	16	22	-32	cell = 464 to 471
61	-27	17	-13	43	-19	67	3	cell = 472 to 479
33	1	69	-12	49	5	60	-21	cell = 480 to 487
55	-28	31	18	43	-25	49	-48	cell = 488 to 495
19	-21	-23	-75	-63	-81	-48	-90	cell = 496 to 503
57	4	49	-16	18	8	8	-2	cell = 504 to 511
-42	-3	-29	18	-38	-25	-39	-23	cell = 512 to 519
-11	-16	-21	-31	-23	-18	-23	-8	cell = 520 to 527
-29	18	-29	-2	0	-64	-21	-42	cell = 528 to 535
-13	-21	-15	-49	-21	5	-18	9	cell = 536 to 543
-15	-7	-24	20	5	9	-46	-14	cell = 544 to 551
-1	25	-21	-17	4	-1	-60	-24	cell = 552 to 559
3	-54	-59	16	-14	-15	-5	-5	cell = 560 to 567
-24	-14	-57	-30	-22	-29	-13	-14	cell = 568 to 575
-11	-20	-33	25	-45	-62	1	-42	cell = 576 to 583
-20	-14	-16	-12	-55	-30	7	-13	cell = 584 to 591
-23	-21	-64	-31	1	-4	-4	1	cell = 592 to 599
-49	-9	-46	9	0	-2	-41	28	cell = 600 to 607
-32	-34	-32	-26	3	-26	16	-16	cell = 608 to 615
-27	-22	-11	-49	5	-28	-25	-4	cell = 616 to 623
-24	23	-44	14	-57	-7	-6	-8	cell = 624 to 631
2	-25	-16	15	-14	-34	-16	-27	cell = 632 to 639
18	-33	-38	10	-55	24	-36	4	cell = 640 to 647
-6	-64	-28	-18	-37	-19	-32	-13	cell = 648 to 655
-33	2	-13	-8	-20	21	12	20	cell = 656 to 663
-55	-34	-22	-55	-36	-1	22	-10	cell = 664 to 671
-17	-7	-8	8	11	-7	2	-12	cell = 672 to 679
-18	-48	-8	-30	-42	-57	-4	5	cell = 680 to 687
3	-12	-29	-36	-19	-20	-3	-13	cell = 688 to 695
-9	-52	-38	-30	-17	-34	13	-29	cell = 696 to 703
-2	-25	-8	-40	-53	-27	-45	-1	cell = 704 to 711
-14	8	-16	-13	-7	-57	-18	11	cell = 712 to 719
-50	-26	-13	-2	-14	34	-53	-4	cell = 720 to 727
-49	19	-23	-23	-7	-40	-25	-17	cell = 728 to 735
24	-23	-35	-29	-26	1	-19	-42	cell = 736 to 743
-10	-48	-22	-12	1	-6	25	9	cell = 744 to 751
-14	-23	-36	-9	-10	11	-21	8	cell = 752 to 759
-36	-19	-2	-3	-16	-50	-14	-43	cell = 760 to 767
-2	-12	21	23	-25	6	-51	16	cell = 768 to 775
-19	-35	-16	-46	-3	-16	-31	-18	cell = 776 to 783
32	9	-4	2	0	-8	-27	-8	cell = 784 to 791
10	4	-29	-20	-11	-5	-23	7	cell = 792 to 799
-44	12	-24	6	15	-14	-28	-15	cell = 800 to 807
-30	9	-7	-37	-10	-4	-19	-8	cell = 808 to 815
-16	-42	-10	8	-8	2	-36	-64	cell = 816 to 823
8	-29	-18	-30	-3	-17	-44	19	cell = 824 to 831
-40	7	18	-17	12	11	-2	-16	cell = 832 to 839
2	-27	6	37	14	-9	-58	0	cell = 840 to 847
5	-26	23	0	-30	-1	-56	-16	cell = 848 to 855
-42	-21	-31	26	0	-52	-21	-27	cell = 856 to 863
-10	18	-13	-12	-23	-13	-23	-20	cell = 864 to 871
-19	-32	-18	1	-35	-18	-55	0	cell = 872 to 879
-55	-7	-55	-43	-18	-37	-21	-29	cell = 880 to 887
-43	-12	-47	-51	-31	-37	-4	-50	cell = 888 to 895
5	-47	-6	-7	3	1	-12	28	cell = 896 to 903
-30	7	-14	-20	-32	-13	-22	19	cell = 904 to 911
-21	11	-44	-4	-8	-23	18	-10	cell = 912 to 919
0	-33	-1	-13	-32	9	12	-17	cell = 920 to 927
-57	9	-3	25	1	-49	1	-23	cell = 928 to 935
-10	-16	-6	-10	8	-22	-45	-22	cell = 936 to 943
-3	-7	-26	-6	-16	-14	-63	6	cell = 944 to 951
-1	-30	-17	-32	-8	7	-21	-42	cell = 952 to 959
-23	-2	-2	-38	-27	-41	-46	3	cell = 960 to 967
-31	-47	-34	-12	-38	-25	-17	-2	cell = 968 to 975
-21	-24	-47	-13	-44	-25	-27	-39	cell = 976 to 983
-49	-9	2	-1	-6	-16	-33	-27	cell = 984 to 991
-47	9	-27	-12	-10	-8	-42	1	cell = 992 to 999
-7	-40	-20	-25	-34	-9	-17	16	cell = 1000 to 1007
-40	16	-54	-29	-34	-10	-45	-7	cell = 1008 to 1015
-21	-7	-15	-29	-31	18	9	-9	cell = 1016 to 1023
Calibration values from cell 0 to 1024 for channel 4:

33	18	59	-38	49	8	20	-26	cell = 0 to 7
59	7	53	-17	53	-27	14	-34	cell = 8 to 15
35	-33	75	23	13	-15	77	-22	cell = 16 to 23
35	-14	53	-39	49	0	22	-11	cell = 24 to 31
54	-25	54	-19	2	-12	74	-40	cell = 32 to 39
41	8	46	-12	38	31	44	6	cell = 40 to 47
43	-11	51	-12	22	10	46	-38	cell = 48 to 55
53	-17	37	21	16	0	23	-3	cell = 56 to 63
53	-12	31	0	38	32	59	-30	cell = 64 to 71
52	-33	-6	-11	16	21	23	20	cell = 72 to 79
62	20	52	-52	74	-24	74	-53	cell = 80 to 87
43	-11	15	4	62	-6	49	10	cell = 88 to 95
66	0	66	-12	50	-4	31	-37	cell = 96 to 103
54	-37	51	-13	54	-25	57	-17	cell = 104 to 111
50	-31	60	-15	71	-17	34	3	cell = 112 to 119
35	15	31	-6	80	14	67	2	cell = 120 to 127
39	1	27	-24	69	-7	73	-27	cell = 128 to 135
23	-3	36	-15	36	14	44	1	cell = 136 to 143
40	1	50	14	61	-8	73	-13	cell = 144 to 151
42	-9	41	-9	57	11	96	-17	cell = 152 to 159
60	-43	59	-35	62	-13	72	-9	cell = 160 to 167
38	-29	42	-19	70	2	27	16	cell = 168 to 175
58	0	18	-32	10	-18	33	-44	cell = 176 to 183
67	5	50	-8	61	1	33	-12	cell = 184 to 191
71	-5	42	19	36	-31	45	-6	cell = 192 to 199
34	-22	52	-5	35	-9	31	10	cell = 200 to 207
44	-26	48	-4	44	1	22	-11	cell = 208 to 215
52	-25	77	-15	7	-4	32	-25	cell = 216 to 223
54	2	36	-3	31	-6	26	-11	cell = 224 to 231
51	-29	61	-2	16	-7	38	-22	cell = 232 to 239
30	0	40	-28	23	-3	1	9	cell = 240 to 247
21	-10	19	5	47	-17	40	-5	cell = 248 to 255
61	-12	57	-20	47	-31	65	3	cell = 256 to 263
11	-15	39	13	36	-20	21	-30	cell = 264 to 271
61	-33	49	5	17	7	10	-1	cell = 272 to 279
33	-4	71	17	60	-6	28	-11	cell = 280 to 287
41	-29	3	-18	72	0	37	23	cell = 288 to 295
34	3	32	-24	0	7	54	-7	cell = 296 to 303
36	18	44	7	27	0	72	11	cell = 304 to 311
30	-32	37	2	58	-40	1	-15	cell = 312 to 319
39	-3	23	13	35	-16	23	-40	cell = 320 to 327
55	29	58	-25	48	-6	9	-2	cell = 328 to 335
71	-11	30	-13	46	-4	60	-36	cell = 336 to 343
59	-9	71	20	11	18	40	-22	cell = 344 to 351
8	7	97	-24	55	-18	26	-25	cell = 352 to 359
31	-11	-8	16	25	3	38	9	cell = 360 to 367
28	-25	65	-27	98	-28	38	-45	cell = 368 to 375
84	-9	52	27	48	-28	36	28	cell = 376 to 383
99	7	51	1	60	-2	33	17	cell = 384 to 391
50	26	36	-6	-5	4	14	21	cell = 392 to 399
38	-8	26	-23	44	-7	49	-19	cell = 400 to 407
10	-28	59	-24	14	-3	34	-30	cell = 408 to 415
28	5	25	-9	25	29	27	-25	cell = 416 to 423
38	-1	10	-15	24	3	55	25	cell = 424 to 431
61	34	7	-32	48	-48	49	21	cell = 432 to 439
24	6	94	38	59	-18	11	-8	cell = 440 to 447
66	13	35	9	3	-12	38	22	cell = 448 to 455
25	-22	35	16	54	3	46	-43	cell = 456 to 463
31	1	54	-10	40	-38	15	0	cell = 464 to 471
27	7	47	-13	38	20	28	-22	cell = 472 to 479
18	-2	46	29	65	-19	48	-47	cell = 480 to 487
34	12	61	9	28	-17	43	-20	cell = 488 to 495
27	-34	-29	-50	-2	-51	-21	-75	cell = 496 to 503
77	-53	8	-34	43	-21	25	2	cell = 504 to 511
-23	-36	-34	-31	-25	-27	-3	0	cell = 512 to 519
-9	-20	-8	8	-19	-27	-23	-9	cell = 520 to 527
9	-7	3	-30	-16	-27	-16	-59	cell = 528 to 535
-16	-22	-29	-18	-18	-27	-44	-22	cell = 536 to 543
-8	-35	-11	4	1	8	0	-2	cell = 544 to 551
16	-21	16	-57	-20	-25	-17	-37	cell = 552 to 559
13	-33	-21	5	-9	3	-45	-26	cell = 560 to 567
3	-13	-8	-38	-22	-36	-15	-47	cell = 568 to 575
4	-23	-17	-9	-15	-29	-30	-14	cell = 576 to 583
-37	-10	-9	4	-16	-17	-17	-37	cell = 584 to 591
-43	11	-42	-25	-68	11	-31	-43	cell = 592 to 599
-64	4	-32	-25	-16	-26	-58	-15	cell = 600 to 607
3	45	-35	-20	-53	-18	-46	-8	cell = 608 to 615
-17	10	-25	-22	0	-8	8	8	cell = 616 to 623
-3	-11	-43	4	7	-13	-42	-64	cell = 624 to 631
-30	-9	1	1	-51	-17	-12	-10	cell = 632 to 639
-40	-6	9	23	-29	0	-20	-6	cell = 640 to 647
-29	-46	-36	-7	-15	1	-14	33	cell = 648 to 655
-41	1	6	-18	-28	-26	-6	-8	cell = 656 to 663
-30	-12	-9	-18	8	-40	-3	-19	cell = 664 to 671
-13	-19	-15	-30	11	12	-52	0	cell = 672 to 679
-29	-37	-14	4	-40	-10	-41	-6	cell = 680 to 687
1	-14	12	-20	-1	-49	13	-44	cell = 688 to 695
-30	-7	-50	8	-5	-6	-31	-15	cell = 696 to 703
-37	0	-22	-19	-28	40	-36	-27	cell = 704 to 711
-21	-20	18	8	11	-5	-10	-10	cell = 712 to 719
11	43	22	-37	-40	-26	-39	-11	cell = 720 to 727
-17	-25	-20	-10	-17	-54	-14	-24	cell = 728 to 735
-1	-18	-48	-19	-20	-21	-33	-10	cell = 736 to 743
-5	-10	12	24	-23	-8	-18	-36	cell = 744 to 751
-20	-33	-26	7	-36	-17	-37	-9	cell = 752 to 759
-28	-20	-6	6	-23	-4	-9	-7	cell = 760 to 767
-31	-9	-14	-13	3	-58	-42	-52	cell = 768 to 775
-7	-44	-66	8	6	-3	-34	-20	cell = 776 to 783
-41	60	6	-1	14	-42	-13	17	cell = 784 to 791
-15	-20	7	-33	-9	-15	8	-6	cell = 792 to 799
-20	-15	-15	-30	-4	-5	-37	-8	cell = 800 to 807
4	-50	-60	-48	-37	-16	-17	-10	cell = 808 to 815
-12	8	-19	-1	-19	36	-51	9	cell = 816 to 823
-20	40	-34	6	-9	-44	-26	39	cell = 824 to 831
-14	-50	-25	-9	-62	-27	-7	-11	cell = 832 to 839
9	-14	0	-1	-24	-27	-38	-3	cell = 840 to 847
-31	-13	17	10	-27	-78	-2	-18	cell = 848 to 855
-40	-14	-34	-5	1	-22	-16	22	cell = 856 to 863
-10	-13	-37	-12	-1	-3	26	8	cell = 864 to 871
-20	22	-41	-22	0	3	6	8	cell = 872 to 879
4	-23	-37	-13	-20	-15	-7	12	cell = 880 to 887
-15	-36	1	0	34	-19	-40	-17	cell = 888 to 895
-50	-40	-14	6	-16	-31	-10	13	cell = 896 to 903
19	-39	-48	-12	-34	15	-17	0	cell = 904 to 911
-12	-43	-61	7	-16	13	-35	-59	cell = 912 to 919
-26	-13	-23	-4	-18	-39	-2	-27	cell = 920 to 927
-17	-13	-8	-17	0	-35	-5	-6	cell = 928 to 935
-45	-34	-42	-32	-1	-58	-6	-32	cell = 936 to 943
-11	56	-45	-11	-34	-34	-19	-15	cell = 944 to 951
22	0	-34	23	-10	-47	-82	10	cell = 952 to 959
8	0	-14	-48	-3	-19	-35	-23	cell = 960 to 967
-14	-10	15	-20	-4	-23	-13	-4	cell = 968 to 975
-12	-8	-39	-66	5	-45	-26	-3	cell = 976 to 983
-42	-33	-32	12	-48	-17	-31	3	cell = 984 to 991
17	-39	6	10	-11	-26	-20	-35	cell = 992 to 999
-20	-26	-7	25	-25	-8	-17	-42	cell = 1000 to 1007
11	-19	-11	-45	-26	-16	4	-17	cell = 1008 to 1015
-30	-46	-32	-39	-41	-22	5	8	cell = 1016 to 1023
Calibration values from cell 0 to 1024 for channel 5:

24	-25	44	-34	73	13	60	10	cell = 0 to 7
49	-28	48	0	38	-19	60	-36	cell = 8 to 15
49	15	87	-1	34	-11	2	4	cell = 16 to 23
26	-10	48	-29	38	11	57	5	cell = 24 to 31
46	-21	22	-6	24	-10	11	6	cell = 32 to 39
8	32	67	-24	55	-10	19	-34	cell = 40 to 47
68	-19	54	-5	14	7	25	-25	cell = 48 to 55
25	-3	26	-23	66	-5	29	9	cell = 56 to 63
46	39	73	6	50	-29	82	-19	cell = 64 to 71
44	-6	36	-35	47	-26	12	-15	cell = 72 to 79
70	2	75	-4	40	-26	53	-27	cell = 80 to 87
30	-6	40	-12	65	-26	46	-14	cell = 88 to 95
18	-27	36	1	52	14	64	-25	cell = 96 to 103
58	-4	35	1	7	-5	35	4	cell = 104 to 111
58	-12	44	10	46	-3	16	-28	cell = 112 to 119
54	1	40	-48	47	-9	29	-14	cell = 120 to 127
41	-7	31	-3	81	-2	48	-33	cell = 128 to 135
15	1	88	20	30	-12	35	41	cell = 136 to 143
49	-44	48	-15	10	24	30	-38	cell = 144 to 151
24	-6	78	-47	50	7	9	-34	cell = 152 to 159
27	-12	68	-5	97	-32	3	-26	cell = 160 to 167
34	-16	37	15	35	41	41	-32	cell = 168 to 175
26	7	40	-2	64	8	56	18	cell = 176 to 183
36	-55	-2	-19	-5	0	79	-13	cell = 184 to 191
-3	-26	46	-24	41	4	75	-35	cell = 192 to 199
1	26	78	-5	33	-19	119	3	cell = 200 to 207
59	1	75	-17	48	-2	46	-9	cell = 208 to 215
40	14	73	1	38	-34	56	-13	cell = 216 to 223
87	6	5	-7	55	-59	-5	-5	cell = 224 to 231
27	-18	66	-23	71	-20	16	-18	cell = 232 to 239
31	-21	52	-4	15	12	61	8	cell = 240 to 247
27	27	21	-8	65	-48	59	29	cell = 248 to 255
69	-11	53	-5	15	-17	57	10	cell = 256 to 263
50	18	36	16	46	1	35	4	cell = 264 to 271
55	25	40	-25	10	16	44	-29	cell = 272 to 279
0	-9	3	-3	79	10	4	-13	cell = 280 to 287
67	-9	72	11	5	10	50	19	cell = 288 to 295
38	4	31	-9	24	29	52	-24	cell = 296 to 303
38	17	42	18	53	-11	17	-13	cell = 304 to 311
87	7	-11	-17	65	28	37	-30	cell = 312 to 319
89	28	28	13	66	-9	53	-38	cell = 320 to 327
1	3	43	12	5	-11	18	-18	cell = 328 to 335
54	8	52	-23	50	12	18	-11	cell = 336 to 343
62	-4	82	-20	-3	9	30	-27	cell = 344 to 351
49	26	25	-45	79	-29	16	6	cell = 352 to 359
6	-8	24	-18	64	20	35	-14	cell = 360 to 367
13	-11	57	-27	69	-4	51	-17	cell = 368 to 375
15	0	28	-22	12	16	46	-37	cell = 376 to 383
28	7	31	-13	24	-7	52	-8	cell = 384 to 391
36	-26	42	0	42	-5	29	5	cell = 392 to 399
46	15	41	-26	50	-17	42	13	cell = 400 to 407
72	2	52	-8	33	47	44	-20	cell = 408 to 415
63	-17	13	-59	46	-10	14	15	cell = 416 to 423
38	-7	24	-14	36	12	34	3	cell = 424 to 431
81	-4	73	-7	66	-45	36	-16	cell = 432 to 439
51	10	13	9	57	14	39	19	cell = 440 to 447
12	8	111	27	12	-33	56	-28	cell = 448 to 455
34	-7	13	18	21	-16	71	-5	cell = 456 to 463
27	20	25	10	10	-15	8	-16	cell = 464 to 471
58	-6	19	-26	59	32	3	1	cell = 472 to 479
16	44	64	-8	33	-16	52	-30	cell = 480 to 487
14	2	19	-44	8	22	50	-24	cell = 488 to 495
56	11	-36	-62	-20	-85	-2	-90	cell = 496 to 503
52	-58	62	-12	76	-46	32	8	cell = 504 to 511
-21	26	-15	10	-28	16	-14	-18	cell = 512 to 519
-11	-11	-10	-40	5	-6	-41	-44	cell = 520 to 527
-14	-20	17	-3	-4	-9	-7	-34	cell = 528 to 535
4	5	-31	9	-5	-25	-21	3	cell = 536 to 543
-43	17	-6	18	-47	-50	-12	-32	cell = 544 to 551
-22	-45	-48	-25	-23	2	-43	-7	cell = 552 to 559
-30	-6	-9	-8	-52	-8	-12	-42	cell = 560 to 567
-32	31	-10	-7	-39	-26	-26	-38	cell = 568 to 575
-25	-26	0	2	-5	6	-30	-57	cell = 576 to 583
-13	-12	-42	-11	-46	30	-15	-33	cell = 584 to 591
13	-3	-9	-26	3	-52	-37	-17	cell = 592 to 599
-7	18	-26	-26	-41	3	-27	28	cell = 600 to 607
-21	-27	-7	-12	9	-2	-9	-32	cell = 608 to 615
-18	-40	-23	-49	2	-6	0	-31	cell = 616 to 623
-22	-13	3	11	-3	-11	-35	-42	cell = 624 to 631
-7	-24	-26	-28	-32	13	-46	-38	cell = 632 to 639
-33	-15	-6	15	16	10	-18	2	cell = 640 to 647
-39	-6	-25	-15	-52	-34	44	0	cell = 648 to 655
-39	-40	-41	6	-53	-42	-2	-6	cell = 656 to 663
-19	-4	-42	-21	25	14	-22	7	cell = 664 to 671
-79	-19	-11	-15	-21	5	-8	5	cell = 672 to 679
-37	2	-18	-26	8	-38	-44	23	cell = 680 to 687
-12	-3	-8	38	5	-14	-28	-2	cell = 688 to 695
-31	-17	-23	-6	-61	-4	-25	-3	cell = 696 to 703
1	-15	-15	-31	-9	-23	-57	-35	cell = 704 to 711
-28	-4	-18	-62	-22	-3	-24	-21	cell = 712 to 719
-35	-29	-30	-42	-19	7	-25	-23	cell = 720 to 727
-21	-14	26	3	15	-39	-8	-19	cell = 728 to 735
11	23	-8	-38	2	-23	-33	-53	cell = 736 to 743
-7	-16	-39	-4	-40	-34	14	-10	cell = 744 to 751
0	-54	-37	-9	-36	-7	-3	-16	cell = 752 to 759
-34	-16	-25	26	-49	-54	-12	-7	cell = 760 to 767
0	-12	-2	-8	-15	-20	-20	-28	cell = 768 to 775
-3	-34	-26	-2	-13	-45	-16	16	cell = 776 to 783
-5	-27	3	-26	10	-3	3	-22	cell = 784 to 791
5	-23	-15	4	-29	-32	-31	5	cell = 792 to 799
-26	-43	11	-34	-22	1	-29	-18	cell = 800 to 807
-1	-25	17	-27	-21	0	-31	-19	cell = 808 to 815
-38	-4	27	29	-6	-13	9	1	cell = 816 to 823
0	-10	-7	-44	-57	-23	-29	6	cell = 824 to 831
5	10	-6	-41	6	-23	4	-73	cell = 832 to 839
-16	-5	-28	-25	-11	-27	-52	-3	cell = 840 to 847
8	5	-19	12	-7	-9	-17	-28	cell = 848 to 855
-19	-19	-29	-25	-32	-28	-8	20	cell = 856 to 863
-14	-10	-20	-50	-4	-35	-47	-14	cell = 864 to 871
-51	15	-22	-23	-23	-16	-18	-12	cell = 872 to 879
-38	-16	13	-15	22	13	-20	-9	cell = 880 to 887
-35	-13	2	-15	0	-27	6	8	cell = 888 to 895
5	-38	-16	13	-10	-11	-47	27	cell = 896 to 903
-18	20	-28	0	-13	-9	-38	-43	cell = 904 to 911
8	-19	-38	-35	-33	-20	-23	12	cell = 912 to 919
-2	-28	-19	-32	-33	-31	-55	10	cell = 920 to 927
-15	-17	-13	-21	-18	-49	-11	-21	cell = 928 to 935
-35	21	-6	-7	-35	-13	-20	-10	cell = 936 to 943
-27	-29	-47	-22	6	-43	-18	24	cell = 944 to 951
8	-10	-19	-25	-26	-51	-40	6	cell = 952 to 959
4	3	-38	-34	-23	-64	-22	-7	cell = 960 to 967
-7	28	-8	-9	-11	4	-33	-20	cell = 968 to 975
0	0	-47	-39	-75	-8	-26	-14	cell = 976 to 983
-34	-24	-20	-31	-10	-30	-12	14	cell = 984 to 991
-6	9	-8	-11	-8	-13	-29	-12	cell = 992 to 999
-11	5	-28	-41	-5	5	-33	-37	cell = 1000 to 1007
-26	-24	-32	-19	-78	-15	-47	7	cell = 1008 to 1015
21	-57	-36	-34	11	-21	-56	-34	cell = 1016 to 1023
Calibration values from cell 0 to 1024 for channel 6:

64	19	63	23	20	23	51	-12	cell = 0 to 7
11	5	45	-7	28	-16	76	-2	cell = 8 to 15
32	-5	79	0	-3	3	57	-16	cell = 16 to 23
81	-15	45	3	11	8	83	15	cell = 24 to 31
54	-17	82	-30	36	-19	56	-27	cell = 32 to 39
51	3	36	-23	26	-10	57	-14	cell = 40 to 47
34	-16	36	-6	100	-25	78	-19	cell = 48 to 55
50	14	75	-32	59	-13	82	-37	cell = 56 to 63
75	-2	3	23	45	6	33	-39	cell = 64 to 71
12	11	21	7	31	-6	42	5	cell = 72 to 79
13	-11	55	15	61	3	42	-6	cell = 80 to 87
44	13	73	-4	40	-17	72	17	cell = 88 to 95
55	-6	32	17	24	-4	55	11	cell = 96 to 103
37	-29	29	-33	48	-3	45	-31	cell = 104 to 111
52	14	44	-35	65	-5	33	14	cell = 112 to 119
76	-29	78	-22	13	-3	48	0	cell = 120 to 127
66	-20	50	13	49	5	28	-20	cell = 128 to 135
35	18	55	0	29	38	71	-24	cell = 136 to 143
45	19	41	-2	6	0	42	-8	cell = 144 to 151
35	-19	18	1	49	-12	36	-35	cell = 152 to 159
37	-29	39	16	28	-20	60	0	cell = 160 to 167
58	-7	33	8	33	-16	17	43	cell = 168 to 175
65	-27	30	-8	29	-6	27	-32	cell = 176 to 183
65	19	49	-18	39	-7	30	0	cell = 184 to 191
13	-16	20	7	24	-12	38	-28	cell = 192 to 199
-15	-6	32	-13	52	-31	-4	-33	cell = 200 to 207
39	11	67	-13	-2	-8	4	-24	cell = 208 to 215
52	-4	58	5	19	25	42	34	cell = 216 to 223
59	11	62	-10	31	-20	59	-33	cell = 224 to 231
6	-31	86	-27	63	0	44	4	cell = 232 to 239
13	16	46	10	50	30	59	-37	cell = 240 to 247
41	-19	58	5	39	6	30	29	cell = 248 to 255
51	6	11	-3	44	-50	77	-14	cell = 256 to 263
14	-43	79	6	24	0	83	-13	cell = 264 to 271
57	13	42	40	57	20	39	4	cell = 272 to 279
63	7	48	-20	75	-22	58	-28	cell = 280 to 287
54	9	23	-19	34	-41	49	-6	cell = 288 to 295
61	-35	52	-37	34	3	61	-7	cell = 296 to 303
39	-12	7	-33	36	-16	27	-27	cell = 304 to 311
40	18	31	-6	23	11	49	16	cell = 312 to 319
23	8	62	8	65	3	49	-49	cell = 320 to 327
-3	-5	45	-48	72	53	-1	-20	cell = 328 to 335
51	-2	24	-37	10	-67	55	-55	cell = 336 to 343
32	-12	86	-32	47	-1	43	2	cell = 344 to 351
30	9	45	-6	52	3	46	-15	cell = 352 to 359
23	-36	27	24	23	10	30	-33	cell = 360 to 367
55	6	16	32	60	-47	61	4	cell = 368 to 375
15	2	22	-36	69	-41	18	-50	cell = 376 to 383
27	8	32	-28	63	-10	34	-5	cell = 384 to 391
64	-12	32	-10	36	-34	53	14	cell = 392 to 399
14	3	55	-22	48	1	36	27	cell = 400 to 407
13	-6	29	-2	62	13	42	-6	cell = 408 to 415
52	-26	60	23	3	-22	35	-26	cell = 416 to 423
36	-4	93	-16	79	-15	30	-70	cell = 424 to 431
30	0	71	11	43	-29	26	-4	cell = 432 to 439
54	25	57	17	2	30	23	-17	cell = 440 to 447
29	20	66	-23	36	-17	59	-5	cell = 448 to 455
42	-15	72	-14	22	32	0	-2	cell = 456 to 463
57	-8	13	-13	15	9	45	-17	cell = 464 to 471
60	-38	46	-7	36	-1	32	-4	cell = 472 to 479
75	4	27	22	71	-52	73	1	cell = 480 to 487
37	-21	47	8	34	12	-21	15	cell = 488 to 495
35	-11	-36	-89	-15	-87	-40	-127	cell = 496 to 503
32	-7	57	-6	1	-9	38	-15	cell = 504 to 511
-17	-13	-48	-37	-77	9	-33	-11	cell = 512 to 519
-18	-55	-9	-26	-26	-2	-29	-12	cell = 520 to 527
-39	-22	-37	-10	16	-9	-35	-45	cell = 528 to 535
-31	-42	-21	-17	-9	-25	21	-16	cell = 536 to 543
-49	12	0	2	-31	-14	-34	21	cell = 544 to 551
-17	-9	-7	7	-12	11	-6	-5	cell = 552 to 559
-27	16	-45	-4	-25	-43	-12	21	cell = 560 to 567
-2	13	9	-22	-25	1	-9	-9	cell = 568 to 575
-4	9	-36	4	-23	-28	-38	4	cell = 576 to 583
11	-1	-33	4	-18	-41	-21	4	cell = 584 to 591
-37	7	-27	-14	-32	-2	-8	0	cell = 592 to 599
2	13	-42	-12	15	-12	12	-19	cell = 600 to 607
-15	-20	-29	7	-22	-2	-13	-23	cell = 608 to 615
7	-52	-38	-34	-24	18	-5	-14	cell = 616 to 623
-20	5	1	29	-23	-14	2	-13	cell = 624 to 631
-3	-39	-41	13	-15	11	-22	12	cell = 632 to 639
-33	15	-14	-20	-7	9	-37	8	cell = 640 to 647
-11	-5	-52	-24	-12	-43	-7	-14	cell = 648 to 655
-28	-23	-17	4	-40	5	-6	9	cell = 656 to 663
-7	-32	-44	-11	-21	-9	-18	3	cell = 664 to 671
5	-24	-18	43	-34	-24	-2	-8	cell = 672 to 679
-41	-35	-16	-3	-15	-40	22	-19	cell = 680 to 687
-4	-55	-4	12	-37	-46	4	-18	cell = 688 to 695
-31	-5	19	-24	-35	0	22	-28	cell = 696 to 703
-28	14	1	-7	-31	-30	-8	-26	cell = 704 to 711
-33	-7	-67	-7	-13	15	-17	-34	cell = 712 to 719
-7	-2	-21	-22	-29	-12	-28	-15	cell = 720 to 727
-4	-15	-1	-40	-24	-21	-20	-8	cell = 728 to 735
-30	-6	-37	-25	-15	-45	-32	-15	cell = 736 to 743
-51	8	-34	-29	-26	-58	54	-2	cell = 744 to 751
-35	-19	21	26	-47	-52	-44	-26	cell = 752 to 759
-16	-43	-17	0	-8	-32	-23	-80	cell = 760 to 767
-9	-7	-39	-32	1	-44	-30	17	cell = 768 to 775
-26	-41	-24	-47	-43	-47	-23	-25	cell = 776 to 783
-26	25	-16	2	-44	-8	-35	-21	cell = 784 to 791
-42	16	-60	12	-18	22	-44	7	cell = 792 to 799
8	-23	-21	-29	-28	2	-38	-27	cell = 800 to 807
-35	-28	-64	-15	-22	-16	10	-31	cell = 808 to 815
-14	6	-41	33	-62	-3	-13	-31	cell = 816 to 823
-33	-15	19	-4	-24	-32	3	-31	cell = 824 to 831
-24	-21	-40	-10	13	-21	-17	7	cell = 832 to 839
-33	-5	-16	-50	-40	-35	-22	21	cell = 840 to 847
-31	-28	-1	-14	-40	11	-8	28	cell = 848 to 855
-51	-19	-3	-29	-8	8	-33	-51	cell = 856 to 863
19	-18	-12	-13	-5	-33	-22	12	cell = 864 to 871
-18	-47	-9	-26	4	-6	-39	-23	cell = 872 to 879
-8	-2	-47	11	-43	-39	-39	-60	cell = 880 to 887
-6	-46	-28	-34	-28	-59	-1	-6	cell = 888 to 895
-14	-9	-42	-20	-11	-14	-5	6	cell = 896 to 903
-36	-7	11	12	-19	8	-72	0	cell = 904 to 911
-6	-41	0	-20	18	35	-9	30	cell = 912 to 919
-6	-30	-40	-25	-2	-46	-31	-67	cell = 920 to 927
-20	-26	-21	-11	-30	-10	-42	12	cell = 928 to 935
-25	-47	-29	-17	-38	22	-20	23	cell = 936 to 943
-50	-37	-31	-25	-15	-18	2	-24	cell = 944 to 951
-14	-19	-21	1	-2	-31	-35	15	cell = 952 to 959
1	-21	-10	-48	2	-42	-30	6	cell = 960 to 967
2	-48	-23	1	-18	-9	-12	2	cell = 968 to 975
20	-32	-29	-14	-39	10	-29	-26	cell = 976 to 983
-14	-6	15	-14	-50	-2	10	-5	cell = 984 to 991
2	35	-35	-45	-25	-23	-19	14	cell = 992 to 999
9	-31	-42	-15	-21	-15	-32	8	cell = 1000 to 1007
-5	-18	-9	-22	12	-19	-11	-38	cell = 1008 to 1015
-19	-39	-11	-47	-4	19	-29	-37	cell = 1016 to 1023
Calibration values from cell 0 to 1024 for channel 7:

40	22	34	36	56	5	46	-37	cell = 0 to 7
40	47	21	18	23	-2	51	-38	cell = 8 to 15
4	-1	22	-36	43	-11	33	-33	cell = 16 to 23
52	2	26	37	28	-8	70	-17	cell = 24 to 31
21	-22	41	-11	36	8	54	-16	cell = 32 to 39
51	38	42	-26	67	-40	37	-18	cell = 40 to 47
39	4	50	-18	-32	31	28	26	cell = 48 to 55
113	-46	25	0	49	7	37	-18	cell = 56 to 63
48	-3	24	0	52	10	61	-18	cell = 64 to 71
34	1	36	-18	57	-26	20	-17	cell = 72 to 79
41	27	37	-10	83	-74	65	-38	cell = 80 to 87
7	-11	33	48	66	-14	16	-2	cell = 88 to 95
48	-24	27	9	83	0	30	-47	cell = 96 to 103
95	-15	81	-13	82	4	62	-25	cell = 104 to 111
26	-26	31	-32	42	33	66	-14	cell = 112 to 119
25	-29	32	2	39	-33	12	9	cell = 120 to 127
28	23	79	-58	62	-5	19	-24	cell = 128 to 135
23	-13	20	-47	56	-22	83	-23	cell = 136 to 143
22	-7	42	-12	14	12	37	-32	cell = 144 to 151
39	10	58	-19	31	0	47	-24	cell = 152 to 159
43	-12	69	-11	13	-38	35	5	cell = 160 to 167
22	12	44	-31	70	-2	53	-28	cell = 168 to 175
55	9	24	10	23	-12	61	-34	cell = 176 to 183
28	0	33	-35	78	-27	37	4	cell = 184 to 191
25	14	46	-10	30	-5	27	-27	cell = 192 to 199
24	-5	57	-15	54	27	59	-6	cell = 200 to 207
37	-1	66	-11	31	20	46	15	cell = 208 to 215
39	-28	87	-8	6	-37	73	-29	cell = 216 to 223
22	-4	53	-42	16	-24	55	-27	cell = 224 to 231
32	0	80	-17	32	-13	78	-12	cell = 232 to 239
45	44	5	19	21	-29	12	-5	cell = 240 to 247
45	-2	55	14	51	-3	25	23	cell = 248 to 255
56	-27	64	1	51	-24	50	-27	cell = 256 to 263
15	-13	28	-4	68	-6	55	9	cell = 264 to 271
44	-5	42	1	43	-22	25	-3	cell = 272 to 279
29	-17	6	-37	-17	-14	46	2	cell = 280 to 287
68	-19	42	-18	25	-14	1	-13	cell = 288 to 295
40	-19	65	-5	38	-26	17	-43	cell = 296 to 303
34	-6	62	-12	22	6	5	-4	cell = 304 to 311
37	-5	23	-17	21	-36	29	-1	cell = 312 to 319
16	-11	39	0	33	-10	28	-50	cell = 320 to 327
9	52	25	22	41	0	38	-22	cell = 328 to 335
35	-45	49	11	40	4	56	-14	cell = 336 to 343
24	-30	47	-51	46	-16	48	22	cell = 344 to 351
56	-13	63	-11	14	3	54	0	cell = 352 to 359
50	-21	61	24	8	30	42	-58	cell = 360 to 367
55	-19	13	-23	27	-36	12	-17	cell = 368 to 375
40	19	44	-32	15	-3	52	-12	cell = 376 to 383
18	10	79	36	59	-8	39	-30	cell = 384 to 391
18	-20	47	4	4	-30	49	1	cell = 392 to 399
15	43	88	6	41	-26	41	5	cell = 400 to 407
77	27	17	-3	51	4	52	-42	cell = 408 to 415
47	-22	22	-3	87	-9	50	-11	cell = 416 to 423
40	-33	-7	10	45	6	49	-45	cell = 424 to 431
48	11	43	7	35	-5	58	13	cell = 432 to 439
38	-25	53	-13	31	-20	40	-34	cell = 440 to 447
18	3	35	-86	17	14	50	-15	cell = 448 to 455
14	-16	35	5	50	-21	34	-15	cell = 456 to 463
39	11	32	-14	71	28	37	23	cell = 464 to 471
7	-32	33	4	52	-43	9	-44	cell = 472 to 479
20	-17	48	-34	14	-25	29	-56	cell = 480 to 487
46	7	2	-24	26	40	31	-15	cell = 488 to 495
13	-12	-2	-61	-48	-100	-33	-86	cell = 496 to 503
22	-45	33	-1	17	-7	63	-18	cell = 504 to 511
-6	-1	-25	0	-42	-58	1	-41	cell = 512 to 519
-54	-46	-49	-28	9	-63	-40	-30	cell = 520 to 527
-12	2	0	2	-27	-36	-22	0	cell = 528 to 535
-41	37	0	-15	4	39	-26	4	cell = 536 to 543
-24	-31	-38	-32	-21	-8	-11	-19	cell = 544 to 551
-20	2	-34	-33	-58	-44	-20	0	cell = 552 to 559
-21	-12	-9	16	2	-20	-20	-3	cell = 560 to 567
-9	-22	-28	-31	-17	5	-29	-39	cell = 568 to 575
15	-12	-45	19	20	-22	1	1	cell = 576 to 583
-38	5	-33	-34	-46	21	-40	-45	cell = 584 to 591
-2	-26	-44	-12	-2	-20	-27	-8	cell = 592 to 599
-38	4	-28	-19	-30	-45	8	-26	cell = 600 to 607
-23	-46	-45	-25	0	0	-57	13	cell = 608 to 615
-34	36	-21	-40	-14	27	-38	-1	cell = 616 to 623
8	-39	-17	12	-23	24	-34	11	cell = 624 to 631
-7	-25	-8	-4	-30	-55	-37	-2	cell = 632 to 639
-35	26	2	21	-10	-19	-43	-10	cell = 640 to 647
-13	-29	-16	-38	-8	-44	5	-2	cell = 648 to 655
-3	-10	-20	-12	-10	-6	-26	-12	cell = 656 to 663
-19	-41	-33	-19	-18	-27	-16	-22	cell = 664 to 671
18	-3	-10	-5	18	-31	30	-9	cell = 672 to 679
-25	-37	-10	-2	5	-4	8	16	cell = 680 to 687
-4	-14	-17	-38	-35	-24	-31	-5	cell = 688 to 695
36	-14	-19	30	-22	-6	-23	-2	cell = 696 to 703
-21	0	-1	-18	-28	-11	17	-45	cell = 704 to 711
-18	-29	-45	-24	-29	-18	-58	13	cell = 712 to 719
-7	-40	-8	-52	-37	5	-65	-13	cell = 720 to 727
-61	8	-24	1	-15	6	-37	-14	cell = 728 to 735
19	-26	-38	10	6	-20	-18	-4	cell = 736 to 743
-19	-22	-34	-23	-3	-4	-2	-14	cell = 744 to 751
4	10	-17	-7	1	-42	-17	0	cell = 752 to 759
-19	6	-32	-65	21	-20	27	-13	cell = 760 to 767
-15	1	-3	-8	-23	-18	-9	-22	cell = 768 to 775
-8	-32	-41	18	-15	7	-18	6	cell = 776 to 783
3	-29	-31	15	-2	0	-14	2	cell = 784 to 791
-34	-24	-18	-8	-12	-47	19	4	cell = 792 to 799
-15	-35	-11	30	15	-40	-2	-23	cell = 800 to 807
-11	-2	-25	-4	-18	-18	-7	1	cell = 808 to 815
4	-28	18	-29	-8	3	22	-32	cell = 816 to 823
-34	-26	-49	33	-27	-19	-8	-13	cell = 824 to 831
8	-22	-34	-34	-29	-22	-42	-45	cell = 832 to 839
-8	-15	-13	-8	-9	1	-2	-9	cell = 840 to 847
-7	0	-6	19	-5	-41	-11	-12	cell = 848 to 855
-4	-1	-20	14	2	-26	-21	-62	cell = 856 to 863
-39	-53	-24	-9	5	-1	-22	-27	cell = 864 to 871
-46	-22	-9	-40	-24	-13	-37	-12	cell = 872 to 879
-30	-4	-10	-15	-26	-1	-21	-22	cell = 880 to 887
-15	-54	19	-26	10	-5	-25	30	cell = 888 to 895
-11	-13	-19	31	23	-16	-15	-13	cell = 896 to 903
26	17	-7	-13	-11	-8	-10	-22	cell = 904 to 911
-7	-3	-24	-23	-28	-9	8	18	cell = 912 to 919
6	-10	6	-5	-43	-12	-30	-44	cell = 920 to 927
-67	6	-37	-24	-42	-27	-11	-14	cell = 928 to 935
-14	5	-47	-16	-4	-27	-31	17	cell = 936 to 943
12	41	-12	-14	-11	-20	-15	0	cell = 944 to 951
-43	-8	-53	-16	20	-17	-28	17	cell = 952 to 959
-11	-10	-16	-12	-3	-77	-31	-33	cell = 960 to 967
-38	-14	-33	-48	-1	2	31	-9	cell = 968 to 975
-32	-36	-7	0	2	0	22	0	cell = 976 to 983
-25	4	15	4	-11	22	-18	10	cell = 984 to 991
-12	-17	-10	-8	-9	-16	-10	17	cell = 992 to 999
6	-6	-33	-2	4	-26	-25	-33	cell = 1000 to 1007
-19	-12	-6	-16	-11	15	-30	-16	cell = 1008 to 1015
26	-3	-14	-3	-13	-35	5	-14	cell = 1016 to 1023
Calibration values from cell 0 to 1024 for channel 8:

17	16	45	-43	58	15	28	-17	cell = 0 to 7
10	-7	8	-15	8	-4	48	-15	cell = 8 to 15
11	-9	35	-5	39	-7	52	-6	cell = 16 to 23
32	-3	47	-5	52	7	39	-19	cell = 24 to 31
26	-5	54	7	51	2	77	-13	cell = 32 to 39
12	-26	56	-8	55	-22	35	-40	cell = 40 to 47
67	17	50	8	27	-21	76	15	cell = 48 to 55
47	26	12	-37	62	-19	92	-34	cell = 56 to 63
48	-30	42	-9	-8	-61	50	14	cell = 64 to 71
46	-42	47	-15	24	-50	49	-7	cell = 72 to 79
59	-59	83	2	35	11	1	-5	cell = 80 to 87
68	-30	76	-34	37	-16	64	-36	cell = 88 to 95
-6	-22	96	-33	38	26	59	32	cell = 96 to 103
36	-12	71	-41	56	-2	67	-8	cell = 104 to 111
36	19	34	-18	81	-28	60	-28	cell = 112 to 119
72	-33	69	-50	52	9	75	0	cell = 120 to 127
96	25	2	-23	29	-11	99	-8	cell = 128 to 135
19	6	22	-38	36	20	39	12	cell = 136 to 143
45	12	20	-11	86	21	23	-33	cell = 144 to 151
49	28	81	-39	31	0	36	2	cell = 152 to 159
50	42	40	-18	46	-38	35	-18	cell = 160 to 167
64	-20	56	26	54	-38	31	-26	cell = 168 to 175
60	6	58	9	44	-7	55	-44	cell = 176 to 183
33	-50	31	26	47	-11	61	12	cell = 184 to 191
56	-26	1	0	51	8	43	21	cell = 192 to 199
38	16	35	21	50	6	47	-18	cell = 200 to 207
12	36	13	12	3	21	62	32	cell = 208 to 215
46	11	45	-51	45	-9	58	-51	cell = 216 to 223
78	-7	51	-17	20	-2	52	-47	cell = 224 to 231
17	-6	26	-27	57	17	28	-30	cell = 232 to 239
13	-3	53	-18	76	-9	41	0	cell = 240 to 247
23	60	50	-5	79	-36	46	-35	cell = 248 to 255
65	-20	31	-40	74	-13	45	-20	cell = 256 to 263
73	-18	47	-19	36	5	45	6	cell = 264 to 271
38	-31	70	-11	17	-16	60	-27	cell = 272 to 279
25	-5	12	4	43	0	37	-33	cell = 280 to 287
36	-16	59	13	44	26	16	-29	cell = 288 to 295
61	-9	92	-10	7	-14	35	15	cell = 296 to 303
50	-20	73	-4	58	-3	49	-21	cell = 304 to 311
36	-17	51	-18	35	10	53	-3	cell = 312 to 319
49	0	44	2	63	-20	47	-31	cell = 320 to 327
21	21	18	-29	70	28	21	-9	cell = 328 to 335
38	35	17	8	39	13	49	-12	cell = 336 to 343
52	-3	13	-32	88	-7	30	-9	cell = 344 to 351
98	-18	67	24	6	14	26	-10	cell = 352 to 359
25	-9	74	-18	16	9	40	7	cell = 360 to 367
67	-8	32	-20	55	16	18	11	cell = 368 to 375
26	-59	37	-6	57	0	42	2	cell = 376 to 383
2	23	35	-5	21	4	32	-4	cell = 384 to 391
73	-34	74	-37	27	9	47	-29	cell = 392 to 399
34	11	28	-27	30	-19	45	0	cell = 400 to 407
81	-27	81	-1	34	-2	69	-22	cell = 408 to 415
43	-11	85	-44	59	-20	31	-24	cell = 416 to 423
38	-43	19	-12	63	-17	69	-4	cell = 424 to 431
47	-17	38	17	61	-6	9	-24	cell = 432 to 439
64	-38	49	5	50	-14	38	-7	cell = 440 to 447
41	-2	73	0	15	16	29	-13	cell = 448 to 455
68	11	37	13	71	-2	25	-24	cell = 456 to 463
44	45	55	-40	48	-32	32	-43	cell = 464 to 471
44	-30	23	-17	71	21	17	-4	cell = 472 to 479
14	-37	9	-13	43	-4	57	-45	cell = 480 to 487
28	-5	57	25	89	-20	62	-23	cell = 488 to 495
34	-3	-38	-95	-10	-48	-17	-48	cell = 496 to 503
71	-59	-10	-55	33	-17	12	0	cell = 504 to 511
-35	-25	19	9	-36	0	1	-41	cell = 512 to 519
-43	-8	-41	-5	-60	15	-32	-34	cell = 520 to 527
0	-37	-14	-41	-21	0	-47	-25	cell = 528 to 535
-35	3	-37	0	-9	-2	-33	24	cell = 536 to 543
-13	5	-27	31	19	14	-9	11	cell = 544 to 551
-52	-26	-32	0	-50	-37	-7	7	cell = 552 to 559
-34	-23	-31	-14	-12	-2	-8	4	cell = 560 to 567
0	-6	-53	-13	-35	-8	-26	-32	cell = 568 to 575
-7	-38	-1	4	9	-36	-2	18	cell = 576 to 583
-24	-16	-13	-24	-58	-6	19	16	cell = 584 to 591
39	-26	-13	-29	-14	-4	-36	-13	cell = 592 to 599
21	4	-50	-35	-16	-17	-38	-26	cell = 600 to 607
-7	-31	-8	-27	-19	13	4	-70	cell = 608 to 615
21	-21	-5	-3	15	-43	-15	-34	cell = 616 to 623
-44	-19	-31	-13	-10	-14	-44	-58	cell = 624 to 631
-24	-15	20	-16	11	-13	-10	-38	cell = 632 to 639
-30	-15	-10	-2	31	-7	-35	-14	cell = 640 to 647
11	2	-54	-27	-25	3	-17	19	cell = 648 to 655
-41	-6	-8	-12	-37	-36	-16	15	cell = 656 to 663
-55	-33	-43	-13	15	-37	-20	-3	cell = 664 to 671
-30	-10	-19	3	-25	-22	-19	5	cell = 672 to 679
-16	7	-23	-34	2	2	-60	-17	cell = 680 to 687
3	-44	-20	4	35	-35	3	-24	cell = 688 to 695
-14	-4	-9	-20	-31	-22	-14	-7	cell = 696 to 703
-22	-35	-20	-15	7	-3	-32	7	cell = 704 to 711
-14	-19	14	-3	-21	-11	-39	-17	cell = 712 to 719
-8	-12	17	-30	-2	-15	-27	-11	cell = 720 to 727
-16	-3	-44	-20	-32	-31	-34	-5	cell = 728 to 735
19	-30	-52	-44	-30	-51	-25	-18	cell = 736 to 743
-42	-25	5	-19	-20	20	-12	-58	cell = 744 to 751
-28	-19	-19	-3	-22	-31	0	-37	cell = 752 to 759
-54	-27	-30	-46	-67	-26	-27	-50	cell = 760 to 767
-1	6	-40	5	6	-35	-71	7	cell = 768 to 775
10	-32	-25	-51	-32	3	11	-20	cell = 776 to 783
7	-11	-28	-46	-5	-37	-14	0	cell = 784 to 791
-9	-22	4	-8	-12	-6	8	-7	cell = 792 to 799
-2	-40	9	3	-26	-27	-43	-30	cell = 800 to 807
-2	18	1	-12	-28	-6	-35	-44	cell = 808 to 815
-8	4	-26	11	9	-5	-34	12	cell = 816 to 823
-25	-63	-28	-56	9	-24	-27	-34	cell = 824 to 831
-15	15	24	-23	0	-20	-10	22	cell = 832 to 839
-39	-48	-21	6	-34	-14	-28	-58	cell = 840 to 847
-37	-40	-34	-10	21	9	-32	1	cell = 848 to 855
-30	-27	-49	-3	-12	-14	1	-9	cell = 856 to 863
-35	2	-37	-12	-19	10	-11	-28	cell = 864 to 871
-24	-23	-27	0	-26	7	-4	13	cell = 872 to 879
-24	40	-35	-31	-2	-5	-9	-19	cell = 880 to 887
-60	-5	-8	-28	-13	-47	-8	1	cell = 888 to 895
-2	12	-8	-5	-13	0	0	-11	cell = 896 to 903
7	-16	-19	-29	-26	35	-20	-54	cell = 904 to 911
-15	11	-12	-7	16	-5	-14	-4	cell = 912 to 919
-34	-30	-79	-7	-10	10	-2	-21	cell = 920 to 927
-60	-13	-27	-8	-29	-11	-31	-10	cell = 928 to 935
16	-42	-15	-52	-8	-34	-33	12	cell = 936 to 943
-24	12	-12	-13	-24	-13	-7	-18	cell = 944 to 951
-13	-38	-30	-19	1	-2	-19	21	cell = 952 to 959
-11	-45	-7	-10	-12	-37	-36	-23	cell = 960 to 967
-10	6	-41	-58	-60	-14	-51	-43	cell = 968 to 975
-36	6	-22	-28	-52	-35	-26	-27	cell = 976 to 983
-42	4	-17	-60	-17	7	-13	7	cell = 984 to 991
-71	-19	14	10	-31	8	-57	-4	cell = 992 to 999
-46	-24	0	-12	3	-18	-17	27	cell = 1000 to 1007
-16	-14	-22	5	-20	-15	-15	-41	cell = 1008 to 1015
-9	-10	-34	-8	-11	-45	-25	2	cell = 1016 to 1023
