Calibration values from cell 0 to 1024 for channel 0:

68	-8	61	-24	-7	13	29	-21	cell = 0 to 7
1	12	37	-45	14	-6	40	21	cell = 8 to 15
39	-20	43	10	56	26	61	-41	cell = 16 to 23
44	-19	30	-7	23	-30	73	24	cell = 24 to 31
45	-33	22	-8	80	0	19	9	cell = 32 to 39
59	-2	31	-18	20	-4	23	-49	cell = 40 to 47
12	-9	106	31	76	-27	19	-11	cell = 48 to 55
73	9	24	37	20	-34	33	12	cell = 56 to 63
53	20	45	12	13	-28	18	4	cell = 64 to 71
45	-27	95	-6	45	13	32	-42	cell = 72 to 79
40	-11	60	-34	39	-2	41	0	cell = 80 to 87
50	-30	15	-10	56	-9	63	14	cell = 88 to 95
43	-36	56	-4	50	-5	42	-47	cell = 96 to 103
-8	38	24	1	68	30	39	28	cell = 104 to 111
48	10	25	-16	34	-4	59	-19	cell = 112 to 119
27	10	34	10	22	-41	65	-19	cell = 120 to 127
11	15	76	7	60	15	77	12	cell = 128 to 135
75	-4	50	31	58	-14	79	-13	cell = 136 to 143
36	-42	22	-10	57	-57	56	23	cell = 144 to 151
47	-20	26	-9	30	0	41	-17	cell = 152 to 159
46	9	9	-40	54	-13	58	-41	cell = 160 to 167
63	-21	16	7	0	21	58	0	cell = 168 to 175
17	0	58	22	54	62	39	14	cell = 176 to 183
34	-24	23	-24	39	3	73	5	cell = 184 to 191
45	-17	85	-18	61	1	36	-28	cell = 192 to 199
67	-40	28	-11	57	-29	55	6	cell = 200 to 207
11	-20	49	-36	32	-17	67	-10	cell = 208 to 215
40	-12	42	-1	23	0	35	-30	cell = 216 to 223
48	10	30	3	51	-36	44	-30	cell = 224 to 231
12	19	32	7	37	6	92	-9	cell = 232 to 239
66	-8	65	-15	65	-25	54	-23	cell = 240 to 247
15	-19	38	-24	60	12	40	-10	cell = 248 to 255
47	19	55	-13	62	7	60	18	cell = 256 to 263
50	-8	53	-2	38	12	38	-32	cell = 264 to 271
19	-35	60	-13	1	3	27	-16	cell = 272 to 279
47	-12	-18	5	41	-22	47	11	cell = 280 to 287
26	1	64	-7	68	-4	55	8	cell = 288 to 295
61	-6	61	-14	46	2	27	4	cell = 296 to 303
-9	-5	74	-5	36	-23	25	1	cell = 304 to 311
63	-18	15	-29	22	4	25	-31	cell = 312 to 319
31	5	111	19	46	11	11	-16	cell = 320 to 327
54	-46	92	-4	63	-26	19	-27	cell = 328 to 335
28	-28	56	18	21	-4	25	12	cell = 336 to 343
55	13	67	42	9	-4	43	-29	cell = 344 to 351
66	18	53	-16	57	-33	63	1	cell = 352 to 359
84	15	38	-24	70	9	37	-21	cell = 360 to 367
45	-13	36	-2	53	-18	7	-30	cell = 368 to 375
39	-15	17	28	59	-24	55	0	cell = 376 to 383
50	-21	38	-30	17	-48	55	-12	cell = 384 to 391
55	-13	44	-11	55	-3	40	-4	cell = 392 to 399
66	2	55	-27	105	-40	85	-34	cell = 400 to 407
72	-2	47	28	87	6	55	-35	cell = 408 to 415
7	35	8	-1	41	-14	58	7	cell = 416 to 423
52	0	46	-12	10	11	61	-19	cell = 424 to 431
56	-16	58	21	52	-7	5	-28	cell = 432 to 439
43	5	26	-48	9	1	40	-3	cell = 440 to 447
47	-49	10	-31	62	-10	67	5	cell = 448 to 455
53	-53	49	-14	30	-17	15	13	cell = 456 to 463
33	-4	65	0	-20	-6	88	-51	cell = 464 to 471
51	6	37	16	64	-10	49	0	cell = 472 to 479
41	4	70	-35	9	-13	21	-22	cell = 480 to 487
58	-10	51	11	58	-21	24	-15	cell = 488 to 495
16	17	-8	-81	-17	-47	-8	-37	cell = 496 to 503
42	1	42	20	38	34	49	12	cell = 504 to 511
-20	0	-11	-21	-36	17	-31	9	cell = 512 to 519
-41	-5	-30	-49	-10	-46	-19	-35	cell = 520 to 527
-18	15	-6	-22	-5	4	-14	-35	cell = 528 to 535
-35	-41	-37	-11	-23	-51	-13	3	cell = 536 to 543
-39	0	-34	-26	-9	8	13	-51	cell = 544 to 551
11	-27	7	-5	-42	18	12	-24	cell = 552 to 559
-70	-58	-2	-24	4	-18	-14	-26	cell = 560 to 567
-10	-7	-56	14	-23	18	-27	9	cell = 568 to 575
-46	-45	-9	-27	-40	-30	-9	-43	cell = 576 to 583
-17	-5	-23	4	-55	-11	11	25	cell = 584 to 591
-80	-28	-54	-28	-54	-32	-55	-20	cell = 592 to 599
-32	-35	-43	-50	-31	-39	-5	0	cell = 600 to 607
10	-34	-19	-35	-10	-7	5	-16	cell = 608 to 615
-11	-13	-26	-17	27	-12	-39	-54	cell = 616 to 623
-11	24	15	-2	-1	-37	-27	5	cell = 624 to 631
-51	-3	-61	-16	-14	-14	-7	4	cell = 632 to 639
-26	-4	-34	-14	-34	5	-18	-2	cell = 640 to 647
-9	-8	-9	-21	-19	-45	-44	1	cell = 648 to 655
-13	11	-33	-5	0	-12	8	34	cell = 656 to 663
13	1	-43	-11	-49	-32	-7	-56	cell = 664 to 671
-26	7	-51	-27	-26	-53	-20	-26	cell = 672 to 679
10	-34	-62	-10	-37	-22	16	-14	cell = 680 to 687
-39	-15	-6	11	-8	-14	-26	-26	cell = 688 to 695
-41	11	-65	-22	-40	9	-52	-23	cell = 696 to 703
-29	-26	-8	-31	-22	-17	-21	0	cell = 704 to 711
-32	-37	-32	-7	0	-1	-27	-8	cell = 712 to 719
-6	-18	-13	-47	-64	-17	-7	-4	cell = 720 to 727
-58	-15	-25	-39	-32	-15	-6	-16	cell = 728 to 735
-22	11	2	-22	-9	-10	-29	-9	cell = 736 to 743
-7	-53	-12	-13	-33	-20	-29	-13	cell = 744 to 751
-14	3	-58	-1	-21	-25	-35	11	cell = 752 to 759
8	-38	-31	-55	10	-11	-19	15	cell = 760 to 767
-33	-35	-33	-12	-36	-15	-34	-4	cell = 768 to 775
-25	30	-38	-39	-17	7	-35	18	cell = 776 to 783
-21	-2	-17	14	48	6	-11	-31	cell = 784 to 791
5	3	-42	-25	-44	-31	-18	13	cell = 792 to 799
-53	-15	23	-5	-30	-30	-22	-15	cell = 800 to 807
-39	-14	-14	-5	-38	-37	-49	-26	cell = 808 to 815
-26	-50	-5	-33	7	19	-1	6	cell = 816 to 823
-25	-9	-21	-30	-27	3	-48	18	cell = 824 to 831
9	0	-41	8	-32	5	-8	-4	cell = 832 to 839
11	-45	-3	0	-13	-30	-14	-35	cell = 840 to 847
35	17	-18	-39	-4	-35	-14	-29	cell = 848 to 855
-24	13	-51	-13	-49	18	-38	-6	cell = 856 to 863
-53	44	-21	5	-18	-28	-29	32	cell = 864 to 871
-52	5	17	-20	-10	-26	17	-29	cell = 872 to 879
-47	11	-20	17	-1	-8	-45	-16	cell = 880 to 887
6	-26	3	-2	-12	-40	-37	-16	cell = 888 to 895
-37	-10	15	-14	-44	-22	-15	-19	cell = 896 to 903
22	-50	-34	22	27	3	-4	22	cell = 904 to 911
0	-26	-13	15	-1	-40	-44	-56	cell = 912 to 919
-26	-11	-21	-11	9	-52	-36	-17	cell = 920 to 927
-36	14	-1	-21	-10	-28	24	-11	cell = 928 to 935
-50	-18	-37	-21	-25	-37	-20	-35	cell = 936 to 943
4	-54	-5	-28	-31	-3	-32	-10	cell = 944 to 951
-16	-58	-13	-33	-39	3	-11	-6	cell = 952 to 959
-21	28	-12	-20	-12	-7	-25	-57	cell = 960 to 967
-20	-30	-14	16	-26	-8	-37	10	cell = 968 to 975
-2	-38	-13	22	-18	-10	-36	1	cell = 976 to 983
44	-6	16	-11	-30	-13	-37	-22	cell = 984 to 991
11	-30	-76	2	-38	-22	-22	-22	cell = 992 to 999
-32	-22	10	-23	-16	-11	-32	0	cell = 1000 to 1007
-28	20	-41	-34	-29	-35	-32	-25	cell = 1008 to 1015
-29	-37	1	-26	-25	-5	-46	-26	cell = 1016 to 1023
Calibration values from cell 0 to 1024 for channel 1:

16	-25	43	-38	54	-17	41	-52	cell = 0 to 7
71	-62	67	-56	-1	-15	26	16	cell = 8 to 15
42	-3	48	-40	37	0	53	-6	cell = 16 to 23
25	15	80	-22	31	-24	53	-43	cell = 24 to 31
83	1	49	-36	56	-6	51	-23	cell = 32 to 39
47	13	63	-11	56	-34	37	9	cell = 40 to 47
63	-52	57	-27	35	8	28	-4	cell = 48 to 55
55	17	63	-51	35	7	46	16	cell = 56 to 63
34	-29	55	-2	72	-19	70	-39	cell = 64 to 71
28	-15	33	-17	68	-6	96	-28	cell = 72 to 79
70	-17	69	26	45	-22	21	-10	cell = 80 to 87
0	-14	33	4	48	-5	27	-10	cell = 88 to 95
73	-11	37	-10	60	-7	62	0	cell = 96 to 103
45	8	50	-25	47	-8	73	-37	cell = 104 to 111
21	15	83	-17	16	12	61	-40	cell = 112 to 119
88	18	34	-3	51	-3	40	-14	cell = 120 to 127
26	10	37	-24	42	-11	46	-14	cell = 128 to 135
28	-35	16	-23	53	-29	71	-11	cell = 136 to 143
28	16	40	-21	33	28	41	4	cell = 144 to 151
27	13	82	9	60	-37	18	18	cell = 152 to 159
38	-18	7	-36	13	-48	27	44	cell = 160 to 167
49	-5	56	-23	53	-4	29	-22	cell = 168 to 175
62	-18	18	4	48	-29	50	-27	cell = 176 to 183
67	-15	30	8	31	-22	81	21	cell = 184 to 191
52	8	54	-1	10	8	39	0	cell = 192 to 199
-19	-24	57	-20	67	4	36	-29	cell = 200 to 207
16	-14	70	-29	63	-9	36	11	cell = 208 to 215
62	30	45	-7	23	-4	53	3	cell = 216 to 223
12	0	71	10	43	24	26	-27	cell = 224 to 231
53	-16	50	-36	52	4	65	-9	cell = 232 to 239
24	15	49	-16	35	18	40	-23	cell = 240 to 247
2	-18	51	25	46	-8	29	20	cell = 248 to 255
75	-23	21	17	-4	-35	73	-11	cell = 256 to 263
27	4	74	-26	22	1	34	-32	cell = 264 to 271
22	-17	36	16	30	-7	18	-10	cell = 272 to 279
60	-24	94	-10	19	16	43	-14	cell = 280 to 287
45	-26	69	-7	50	-29	41	-5	cell = 288 to 295
36	-28	55	4	23	4	9	31	cell = 296 to 303
73	-20	82	-18	41	22	41	1	cell = 304 to 311
50	39	50	-40	55	-19	9	19	cell = 312 to 319
26	-16	3	-14	47	34	45	-25	cell = 320 to 327
51	26	37	-22	53	-4	23	-13	cell = 328 to 335
54	-24	36	18	75	41	36	-26	cell = 336 to 343
32	10	44	-40	64	-3	37	-41	cell = 344 to 351
49	-10	52	-28	58	-1	80	-18	cell = 352 to 359
37	11	87	17	20	0	44	-44	cell = 360 to 367
86	-12	27	-10	-9	-12	18	13	cell = 368 to 375
8	4	45	20	28	-26	21	-3	cell = 376 to 383
77	-66	52	-21	17	-8	5	-23	cell = 384 to 391
30	-4	42	33	1	4	54	4	cell = 392 to 399
45	-9	52	-30	23	-9	46	-14	cell = 400 to 407
88	12	44	-47	21	-5	38	20	cell = 408 to 415
17	-32	94	0	59	-49	62	-9	cell = 416 to 423
29	1	43	-10	45	-45	40	-21	cell = 424 to 431
58	19	51	-40	73	-38	42	-42	cell = 432 to 439
19	-3	68	-12	66	-45	62	-3	cell = 440 to 447
22	-4	5	-7	0	-9	41	-18	cell = 448 to 455
44	15	30	0	32	-11	59	-13	cell = 456 to 463
46	-6	60	-1	41	-13	19	12	cell = 464 to 471
54	18	13	-13	72	2	64	21	cell = 472 to 479
17	-4	51	14	30	19	75	-10	cell = 480 to 487
75	7	48	-24	34	5	61	-55	cell = 488 to 495
49	-3	-43	-57	-21	-83	-35	-91	cell = 496 to 503
12	-13	63	1	33	-63	9	-8	cell = 504 to 511
-43	-25	3	-14	-44	-29	32	-20	cell = 512 to 519
-22	-33	0	-7	-37	-25	-52	-25	cell = 520 to 527
-36	0	10	-6	-3	-27	-51	-15	cell = 528 to 535
32	8	-17	-14	-26	-20	2	-7	cell = 536 to 543
-41	-7	-21	4	-8	-26	6	-35	cell = 544 to 551
44	-86	-41	-23	-38	-17	-20	-28	cell = 552 to 559
19	-28	-19	-13	14	-14	-14	-15	cell = 560 to 567
-17	-35	-23	-32	-4	-9	-28	-26	cell = 568 to 575
-13	28	-60	-4	-14	-58	-19	-13	cell = 576 to 583
-51	11	-28	-21	-31	-45	-35	-12	cell = 584 to 591
-5	-27	-18	-18	-32	-41	-66	38	cell = 592 to 599
17	-4	-9	-22	-23	11	-13	-39	cell = 600 to 607
20	14	2	-30	17	3	-2	-5	cell = 608 to 615
26	-24	-50	-53	0	-13	-54	15	cell = 616 to 623
-23	17	20	-21	-32	18	-30	-58	cell = 624 to 631
-16	-7	-46	-54	-24	44	-33	-16	cell = 632 to 639
-19	-32	12	-5	-10	-29	-36	-21	cell = 640 to 647
-28	-46	8	17	-1	-22	-2	-18	cell = 648 to 655
3	16	7	-20	1	-34	-18	-11	cell = 656 to 663
-46	-33	1	-12	-38	-46	-36	5	cell = 664 to 671
-38	-13	-52	-35	-37	-44	-24	-24	cell = 672 to 679
-69	7	-27	-12	0	-28	10	-14	cell = 680 to 687
-61	-15	-12	-4	-14	-2	9	-16	cell = 688 to 695
-37	-5	-10	-6	8	5	-19	12	cell = 696 to 703
7	15	-20	36	-52	-18	-12	-17	cell = 704 to 711
0	-8	-45	-16	-45	-30	-9	-50	cell = 712 to 719
-36	20	-24	-16	-12	29	-50	-48	cell = 720 to 727
-19	-24	-17	-55	3	-43	-33	-55	cell = 728 to 735
8	-49	-21	10	-24	11	-15	-8	cell = 736 to 743
27	14	-5	-22	-6	4	-39	-4	cell = 744 to 751
-5	-56	-19	21	-14	-42	-3	-15	cell = 752 to 759
-19	-1	13	-8	0	-42	-49	-12	cell = 760 to 767
-32	-12	-82	-15	-14	-33	-28	-8	cell = 768 to 775
-22	0	3	5	10	-7	-49	-15	cell = 776 to 783
-14	-32	-28	-7	32	-62	-33	-19	cell = 784 to 791
-36	-53	-50	-11	-30	-16	-42	-6	cell = 792 to 799
-25	-31	-8	0	-18	6	-19	1	cell = 800 to 807
-23	31	32	-12	-28	-53	6	-3	cell = 808 to 815
-37	-16	-18	-12	-12	15	-11	6	cell = 816 to 823
-18	-36	-37	23	-11	-26	-11	28	cell = 824 to 831
-29	31	1	-18	-17	-29	27	23	cell = 832 to 839
-17	-5	-9	4	-32	-36	0	-18	cell = 840 to 847
-46	-4	-11	-61	-45	-30	-20	-35	cell = 848 to 855
-15	0	-26	3	2	21	2	-13	cell = 856 to 863
-36	19	-64	23	-13	17	-42	12	cell = 864 to 871
-16	-25	0	29	-32	-48	1	-28	cell = 872 to 879
-5	-4	-34	-14	-18	-8	-54	-34	cell = 880 to 887
-11	-41	-62	-25	-15	9	18	28	cell = 888 to 895
17	-15	3	-9	-62	-29	-17	9	cell = 896 to 903
6	23	13	-33	17	-40	-28	30	cell = 904 to 911
-51	-35	-39	-3	-21	-8	-6	-16	cell = 912 to 919
-62	-38	5	-4	-45	-32	-4	-13	cell = 920 to 927
-33	-36	-17	6	-9	-32	-60	-36	cell = 928 to 935
-39	-15	-59	6	21	26	-75	-10	cell = 936 to 943
4	-21	-24	-18	-35	-23	-24	1	cell = 944 to 951
0	-20	-74	-16	1	-51	-24	-10	cell = 952 to 959
-1	-4	-48	40	-13	-18	-44	-37	cell = 960 to 967
-48	0	-27	-42	-38	-21	-48	15	cell = 968 to 975
-32	1	-9	-25	3	-42	-29	22	cell = 976 to 983
41	-22	-12	-9	-49	-36	-17	-1	cell = 984 to 991
26	13	-9	-3	-8	11	-31	11	cell = 992 to 999
-4	-5	13	16	-59	-31	-10	-29	cell = 1000 to 1007
20	-4	-46	-34	-21	-29	-61	-6	cell = 1008 to 1015
-55	-48	10	-6	-19	-8	-57	1	cell = 1016 to 1023
Calibration values from cell 0 to 1024 for channel 2:

60	9	49	-2	42	-12	34	-19	cell = 0 to 7
26	25	24	-8	81	-22	35	-27	cell = 8 to 15
21	-16	32	-38	44	19	42	16	cell = 16 to 23
41	-37	76	-36	33	-46	8	-6	cell = 24 to 31
32	11	53	-19	76	-15	42	-53	cell = 32 to 39
71	-30	51	-10	28	4	56	-9	cell = 40 to 47
42	27	40	1	35	0	49	-38	cell = 48 to 55
40	-39	57	-21	51	5	33	27	cell = 56 to 63
50	-40	41	-5	30	11	37	-32	cell = 64 to 71
15	16	28	-20	55	-8	68	-11	cell = 72 to 79
51	18	50	-22	34	5	43	6	cell = 80 to 87
48	28	69	33	64	-33	27	-4	cell = 88 to 95
4	4	62	57	18	-1	37	-23	cell = 96 to 103
75	1	21	33	51	-32	70	-24	cell = 104 to 111
51	26	37	-29	52	-22	35	-20	cell = 112 to 119
29	-3	21	-26	13	-59	73	-5	cell = 120 to 127
32	-25	75	15	67	-29	34	-40	cell = 128 to 135
41	25	67	40	45	20	31	-36	cell = 136 to 143
40	-10	58	-29	22	-10	33	-6	cell = 144 to 151
69	-19	71	-5	57	-16	48	-10	cell = 152 to 159
58	15	66	13	70	-31	42	13	cell = 160 to 167
62	40	45	5	31	-28	13	-8	cell = 168 to 175
89	14	63	0	51	22	25	-38	cell = 176 to 183
56	-7	45	-7	44	-2	37	29	cell = 184 to 191
25	-5	56	26	38	25	33	-36	cell = 192 to 199
58	-22	17	-27	48	-21	28	-36	cell = 200 to 207
52	31	-18	-16	19	2	7	1	cell = 208 to 215
41	-14	31	-64	27	-1	8	8	cell = 216 to 223
55	-8	40	-35	11	-23	64	-51	cell = 224 to 231
40	-19	67	34	50	17	92	-1	cell = 232 to 239
51	-21	71	7	45	-17	3	-23	cell = 240 to 247
65	-9	54	14	18	-50	59	-37	cell = 248 to 255
60	34	60	-20	86	-23	45	-11	cell = 256 to 263
49	-43	32	-16	42	17	40	0	cell = 264 to 271
47	27	32	-16	64	-20	50	6	cell = 272 to 279
88	-20	17	-16	49	-18	45	-7	cell = 280 to 287
57	19	47	-11	51	48	99	5	cell = 288 to 295
14	-18	58	40	37	-47	7	-55	cell = 296 to 303
54	10	26	10	67	-36	59	11	cell = 304 to 311
70	-13	39	-17	51	-33	6	-23	cell = 312 to 319
67	35	30	-49	49	-25	48	8	cell = 320 to 327
44	2	72	-26	60	32	32	-16	cell = 328 to 335
26	-33	74	-34	3	25	40	-41	cell = 336 to 343
52	-20	34	-3	14	-1	14	13	cell = 344 to 351
37	-24	78	22	18	-26	69	-50	cell = 352 to 359
34	25	68	-19	46	-35	70	4	cell = 360 to 367
35	9	55	6	30	5	93	30	cell = 368 to 375
49	-5	30	15	28	-37	23	-6	cell = 376 to 383
35	3	31	3	45	24	50	-4	cell = 384 to 391
45	-53	39	-40	46	7	46	-10	cell = 392 to 399
34	-60	80	-12	55	8	24	22	cell = 400 to 407
45	-33	49	-37	2	-39	32	23	cell = 408 to 415
25	18	32	15	70	1	72	-12	cell = 416 to 423
21	-14	45	-9	-1	-14	13	1	cell = 424 to 431
35	-35	40	-6	52	7	62	-35	cell = 432 to 439
0	4	7	-8	48	-7	46	-12	cell = 440 to 447
49	2	38	-24	30	-32	21	-16	cell = 448 to 455
38	-8	72	-5	41	21	35	-30	cell = 456 to 463
10	-3	46	22	54	-38	79	-18	cell = 464 to 471
45	-25	41	7	34	1	30	-9	cell = 472 to 479
46	6	61	-12	46	11	28	-24	cell = 480 to 487
59	-16	79	29	64	-47	11	1	cell = 488 to 495
32	4	-13	-83	-27	-38	-34	-73	cell = 496 to 503
39	-9	53	-6	49	-27	18	20	cell = 504 to 511
-26	-20	-15	-1	-20	7	-41	-39	cell = 512 to 519
-27	-29	-49	-35	-61	-32	-63	3	cell = 520 to 527
-38	-8	-61	1	-63	-3	24	-45	cell = 528 to 535
-16	-37	38	-34	-12	-53	-56	-4	cell = 536 to 543
2	-61	-18	-26	-24	-7	-30	18	cell = 544 to 551
-43	-3	-22	-20	-1	5	-15	-12	cell = 552 to 559
-30	3	-8	-18	-16	9	0	-2	cell = 560 to 567
-45	1	-28	-28	-63	-1	-10	15	cell = 568 to 575
-17	-5	-44	-27	5	-21	5	-19	cell = 576 to 583
10	-24	-29	-46	-15	5	-27	6	cell = 584 to 591
-29	-26	-60	-2	-18	-35	15	0	cell = 592 to 599
-23	6	-2	-44	-10	-23	-30	-6	cell = 600 to 607
-38	-2	-18	-8	12	-59	-7	-32	cell = 608 to 615
-16	-1	-22	5	-7	-11	-33	-43	cell = 616 to 623
10	2	-71	-9	12	-5	-34	3	cell = 624 to 631
-21	-18	-33	-15	-32	-5	-13	22	cell = 632 to 639
-38	1	8	-47	-12	-28	-5	-11	cell = 640 to 647
-17	-20	-41	-18	-9	-40	-45	-15	cell = 648 to 655
-3	24	-54	-31	-9	-43	-18	-16	cell = 656 to 663
-48	6	-18	-55	-29	-29	-28	-43	cell = 664 to 671
-6	-5	30	-11	-17	-6	-9	-11	cell = 672 to 679
-35	3	-31	11	13	-47	-19	-4	cell = 680 to 687
-43	-5	-44	-2	8	-6	-3	-7	cell = 688 to 695
-10	-46	-2	18	19	0	-7	-35	cell = 696 to 703
-16	-48	-14	-15	10	-28	-19	-56	cell = 704 to 711
-12	-18	-13	-55	-10	-3	-28	-7	cell = 712 to 719
-9	-14	3	-20	47	-5	-6	14	cell = 720 to 727
-39	-38	42	11	-41	-29	16	4	cell = 728 to 735
-15	-21	-26	1	-49	-30	-4	-11	cell = 736 to 743
28	-27	2	-11	-8	-2	-26	29	cell = 744 to 751
-31	11	-31	-44	-23	-46	-9	-21	cell = 752 to 759
-56	-67	-46	17	-30	-7	8	-26	cell = 760 to 767
-17	25	12	5	-18	-5	-24	2	cell = 768 to 775
-23	8	-36	39	-31	-16	-26	-39	cell = 776 to 783
2	30	-46	-28	8	47	-41	-7	cell = 784 to 791
-19	2	-11	-6	-25	-36	-12	-44	cell = 792 to 799
-33	25	-34	-41	38	8	15	17	cell = 800 to 807
-48	-21	-15	2	1	32	-18	-31	cell = 808 to 815
-12	4	-18	-7	-8	-34	-53	-8	cell = 816 to 823
-9	-57	5	-14	-20	-69	12	-42	cell = 824 to 831
-18	-8	-39	-16	-7	-44	-62	-5	cell = 832 to 839
-9	-43	-42	-16	-8	-41	1	-20	cell = 840 to 847
-20	2	-15	31	-41	2	-8	-16	cell = 848 to 855
8	2	-22	-19	-25	-45	-29	0	cell = 856 to 863
-4	-23	-25	-7	-9	17	-11	10	cell = 864 to 871
-52	-18	3	5	-33	23	22	-32	cell = 872 to 879
-32	-40	14	-11	-27	-51	-24	-15	cell = 880 to 887
-45	-39	-33	-57	-55	8	-30	20	cell = 888 to 895
-67	-20	2	-31	-29	-49	-33	-16	cell = 896 to 903
0	-12	-24	-47	-40	-10	-6	-14	cell = 904 to 911
-38	-12	1	-12	-30	0	-37	-28	cell = 912 to 919
-29	-7	-9	10	-6	-10	-48	-36	cell = 920 to 927
-3	-12	-29	-23	-33	2	24	-19	cell = 928 to 935
-43	3	-40	0	-2	23	-41	-7	cell = 936 to 943
-6	-46	-21	-61	-15	-12	-12	-61	cell = 944 to 951
-25	0	0	-35	-38	-20	-37	-21	cell = 952 to 959
-5	-28	-3	-33	-21	-23	-33	-27	cell = 960 to 967
-57	-40	5	-34	-51	-56	-51	-17	cell = 968 to 975
-13	-17	-27	38	11	20	-25	-38	cell = 976 to 983
-36	10	-48	30	-8	28	0	-37	cell = 984 to 991
11	-32	-22	2	-20	-36	-48	-23	cell = 992 to 999
-25	-32	-22	-24	-2	-23	-19	-42	cell = 1000 to 1007
-25	-18	-24	-20	-19	-52	-24	6	cell = 1008 to 1015
-37	-52	15	-27	-8	14	8	6	cell = 1016 to 1023
Calibration values from cell 0 to 1024 for channel 3:

51	-6	8	0	39	-14	63	-16	cell = 0 to 7
74	-13	62	-12	69	17	45	-20	cell = 8 to 15
67	8	64	-8	56	31	65	-16	cell = 16 to 23
26	22	32	9	19	4	28	-18	cell = 24 to 31
41	5	13	0	60	-23	57	-19	cell = 32 to 39
50	27	59	-45	35	-14	23	24	cell = 40 to 47
57	24	60	-30	72	-45	49	-39	cell = 48 to 55
43	-32	16	-37	43	3	76	-44	cell = 56 to 63
8	-9	33	-13	24	-13	74	-27	cell = 64 to 71
31	-18	61	23	30	1	72	-24	cell = 72 to 79
52	2	67	2	54	-10	45	-46	cell = 80 to 87
41	-29	61	-29	57	-16	33	-20	cell = 88 to 95
32	2	37	-21	22	-32	43	-24	cell = 96 to 103
46	-19	37	-8	64	-10	75	18	cell = 104 to 111
44	19	46	16	14	-32	46	-1	cell = 112 to 119
61	-11	14	-28	80	15	35	-18	cell = 120 to 127
44	-40	70	18	46	9	20	-8	cell = 128 to 135
47	-15	42	-20	29	-32	19	-29	cell = 136 to 143
3	-16	52	7	25	8	15	14	cell = 144 to 151
22	29	58	14	41	-18	78	0	cell = 152 to 159
47	-4	-4	17	40	5	70	24	cell = 160 to 167
61	-23	-7	13	49	-47	41	35	cell = 168 to 175
32	2	21	-13	35	-38	47	27	cell = 176 to 183
27	-25	38	19	38	-5	87	-18	cell = 184 to 191
47	-15	49	-2	47	-43	52	22	cell = 192 to 199
12	-17	80	-42	43	-5	53	22	cell = 200 to 207
24	18	81	21	65	10	40	8	cell = 208 to 215
33	-24	16	-17	58	-32	58	-34	cell = 216 to 223
43	-2	30	22	30	-7	56	-27	cell = 224 to 231
36	-11	13	-12	58	11	24	-4	cell = 232 to 239
36	19	55	-23	61	-21	56	7	cell = 240 to 247
4	15	34	2	24	-27	23	-15	cell = 248 to 255
53	-25	57	-20	20	-37	83	-15	cell = 256 to 263
38	-25	5	-11	52	-7	50	-16	cell = 264 to 271
14	-9	14	10	-1	23	72	-13	cell = 272 to 279
47	12	4	8	71	0	23	-30	cell = 280 to 287
30	-24	53	5	81	25	51	-3	cell = 288 to 295
37	-4	73	-14	27	-13	58	0	cell = 296 to 303
45	-8	52	-34	77	23	27	32	cell = 304 to 311
41	5	44	9	54	17	12	-25	cell = 312 to 319
26	43	44	-10	79	3	41	18	cell = 320 to 327
57	8	50	-8	34	1	32	24	cell = 328 to 335
30	-1	43	33	52	-4	92	-28	cell = 336 to 343
40	10	15	-13	38	14	29	-21	cell = 344 to 351
60	4	50	28	6	-45	57	15	cell = 352 to 359
51	-31	68	30	-14	15	5	34	cell = 360 to 367
31	8	63	-48	50	2	61	33	cell = 368 to 375
28	6	38	-2	22	-5	11	2	cell = 376 to 383
25	-36	24	6	39	-8	13	3	cell = 384 to 391
44	-2	35	-12	10	-18	61	9	cell = 392 to 399
38	-26	46	-37	60	-5	58	-24	cell = 400 to 407
54	-4	47	-41	89	12	65	-65	cell = 408 to 415
-10	4	21	33	24	-28	57	-26	cell = 416 to 423
80	-23	53	-8	75	-12	55	-9	cell = 424 to 431
-3	-10	32	-28	48	48	70	-27	cell = 432 to 439
20	7	32	-17	15	-25	29	19	cell = 440 to 447
80	-16	10	11	38	30	30	21	cell = 448 to 455
49	-14	21	-1	18	29	36	-2	cell = 456 to 463
42	-28	38	-36	19	-24	46	-37	cell = 464 to 471
62	4	36	-2	44	-18	59	15	cell = 472 to 479
62	11	43	-10	53	-4	2	-23	cell = 480 to 487
49	7	21	16	31	-37	71	-7	cell = 488 to 495
30	3	37	-111	-56	-51	-63	-67	cell = 496 to 503
-13	0	35	3	37	7	87	-11	cell = 504 to 511
-43	-3	11	-5	16	-84	-34	4	cell = 512 to 519
-45	-11	-36	-5	28	-22	-4	16	cell = 520 to 527
-41	-41	4	-34	-44	-51	-31	-53	cell = 528 to 535
-25	-7	-29	-14	-42	-9	-8	-3	cell = 536 to 543
-8	-14	4	-48	-41	-13	-63	-19	cell = 544 to 551
-44	23	-76	4	-50	-27	-29	-9	cell = 552 to 559
-18	-46	-48	-10	-27	-15	-19	-7	cell = 560 to 567
-44	-25	-12	-4	-53	21	-36	-4	cell = 568 to 575
-21	-15	-49	19	-50	-22	7	-40	cell = 576 to 583
-1	-62	-33	-10	-8	-61	-28	22	cell = 584 to 591
-9	-16	-33	-15	-13	7	-48	-32	cell = 592 to 599
10	-38	1	-58	9	-17	-26	-26	cell = 600 to 607
-50	15	-51	-2	8	-40	-3	-18	cell = 608 to 615
21	-33	-24	6	-13	-26	-42	-26	cell = 616 to 623
-27	-13	-17	-44	-7	15	-20	-35	cell = 624 to 631
-50	12	-18	23	-32	-63	-40	-26	cell = 632 to 639
18	-37	30	44	-31	3	-59	10	cell = 640 to 647
-14	16	-39	-4	-56	-1	-6	-10	cell = 648 to 655
-34	22	-55	0	-20	15	-18	-18	cell = 656 to 663
-21	-29	-8	-7	-5	-39	-12	3	cell = 664 to 671
-50	-16	22	-31	1	9	-48	-25	cell = 672 to 679
-16	-49	-29	-20	-28	-3	0	-9	cell = 680 to 687
20	0	-14	-3	9	-24	-68	46	cell = 688 to 695
-11	-44	-34	-38	28	-30	11	1	cell = 696 to 703
-17	-43	-58	21	-28	3	-48	8	cell = 704 to 711
9	-51	-43	-10	-9	7	9	-20	cell = 712 to 719
-24	11	-28	-4	-15	11	1	4	cell = 720 to 727
-26	-41	-2	-46	-58	-47	-15	-42	cell = 728 to 735
14	-3	-30	-11	-30	4	-43	-32	cell = 736 to 743
-34	-36	-22	-3	-3	-23	-38	18	cell = 744 to 751
-18	-2	-25	14	-32	-19	-22	-14	cell = 752 to 759
-9	-34	4	-13	18	-10	-19	-44	cell = 760 to 767
1	-15	59	-15	-21	-27	-5	-4	cell = 768 to 775
-28	-21	-40	-5	-5	-13	-44	-22	cell = 776 to 783
-35	-12	-53	-17	-24	5	-4	-11	cell = 784 to 791
-19	-26	16	-42	-10	-32	-22	23	cell = 792 to 799
7	-38	-20	-10	-31	-22	-35	29	cell = 800 to 807
-50	-29	-37	-20	-32	-4	-27	-38	cell = 808 to 815
-36	18	-30	21	-18	-37	0	4	cell = 816 to 823
6	-12	0	-33	-43	28	-1	2	cell = 824 to 831
7	-38	-51	19	-11	1	-74	-21	cell = 832 to 839
0	10	-46	21	-20	-36	-10	4	cell = 840 to 847
20	-30	-22	-7	8	-26	-16	-21	cell = 848 to 855
-7	-57	-29	-6	-23	-27	10	14	cell = 856 to 863
-4	19	-3	-13	-43	-19	-32	-3	cell = 864 to 871
-4	-19	-48	-22	2	13	-34	-52	cell = 872 to 879
-4	-25	-2	-3	-22	-32	-7	-2	cell = 880 to 887
18	-22	-10	-19	-25	-20	-24	-14	cell = 888 to 895
-49	6	-61	-45	-16	-22	14	-31	cell = 896 to 903
-7	-9	-28	-22	-29	-27	-19	-59	cell = 904 to 911
-22	-2	17	-33	10	-56	-30	-8	cell = 912 to 919
-21	-31	-35	5	6	3	-13	-26	cell = 920 to 927
-14	-15	-5	7	-42	-35	-20	-51	cell = 928 to 935
-15	-18	19	-42	-38	-62	-1	20	cell = 936 to 943
-36	-33	16	-16	-14	-26	-10	-23	cell = 944 to 951
-35	-25	-16	-41	-14	-47	-39	-19	cell = 952 to 959
-38	-18	0	-10	-29	19	-15	-6	cell = 960 to 967
-42	-18	2	-34	-29	0	-22	-2	cell = 968 to 975
-5	-32	-15	-30	13	-40	-15	-6	cell = 976 to 983
-12	-25	16	-68	10	-19	-11	18	cell = 984 to 991
-19	-6	-12	-41	-1	-23	-8	-30	cell = 992 to 999
-3	-14	34	12	-5	-16	-55	-59	cell = 1000 to 1007
-29	-5	-40	-30	-26	32	-8	-9	cell = 1008 to 1015
-29	-30	-22	-19	-60	13	8	-30	cell = 1016 to 1023
Calibration values from cell 0 to 1024 for channel 4:

-16	-10	65	-9	71	-9	0	23	cell = 0 to 7
54	-5	59	-12	85	-7	90	-46	cell = 8 to 15
35	3	60	41	21	12	17	-13	cell = 16 to 23
59	1	43	11	46	11	37	29	cell = 24 to 31
59	-23	57	-6	35	-59	27	-38	cell = 32 to 39
27	-24	33	-28	40	2	23	-20	cell = 40 to 47
60	0	55	-15	52	-19	66	7	cell = 48 to 55
39	10	20	-22	21	-16	25	-41	cell = 56 to 63
30	-20	48	-32	42	-3	55	-7	cell = 64 to 71
33	9	-5	6	66	-10	18	-1	cell = 72 to 79
5	1	45	-61	38	-52	11	25	cell = 80 to 87
38	26	27	-10	15	-11	79	-9	cell = 88 to 95
79	8	24	28	56	15	6	-17	cell = 96 to 103
43	-55	11	-30	57	-9	58	9	cell = 104 to 111
49	-31	91	1	32	18	39	-21	cell = 112 to 119
-8	-6	19	11	72	-13	40	2	cell = 120 to 127
53	-21	51	6	47	-16	16	-17	cell = 128 to 135
27	-40	26	-11	38	26	87	-12	cell = 136 to 143
78	-9	48	1	31	-19	57	-13	cell = 144 to 151
35	-18	60	-26	56	-30	35	-12	cell = 152 to 159
38	55	95	-21	54	-1	57	27	cell = 160 to 167
46	-16	54	31	28	20	23	21	cell = 168 to 175
47	15	32	28	42	-28	22	1	cell = 176 to 183
17	-15	42	-11	50	-3	40	-14	cell = 184 to 191
26	-26	55	17	26	-18	18	-34	cell = 192 to 199
36	-12	60	7	75	-11	81	5	cell = 200 to 207
35	-50	63	-12	42	-16	49	-29	cell = 208 to 215
54	6	69	45	27	-17	43	-13	cell = 216 to 223
35	6	45	-22	83	-34	45	-25	cell = 224 to 231
42	-24	54	-5	22	22	59	-17	cell = 232 to 239
34	21	36	-21	41	42	21	-17	cell = 240 to 247
44	-20	43	-31	62	0	69	-13	cell = 248 to 255
22	22	80	-36	37	-24	38	-18	cell = 256 to 263
73	-13	33	-11	25	17	18	-16	cell = 264 to 271
21	-11	30	-16	22	-53	31	-32	cell = 272 to 279
68	-26	37	-14	66	-3	29	-27	cell = 280 to 287
63	-10	40	4	49	-21	38	-6	cell = 288 to 295
77	-28	40	11	7	27	65	6	cell = 296 to 303
54	-28	40	-10	36	24	34	-27	cell = 304 to 311
15	12	54	-23	55	-17	79	-29	cell = 312 to 319
29	15	70	-23	-5	-25	75	4	cell = 320 to 327
11	8	53	-33	27	31	53	-35	cell = 328 to 335
46	-26	39	-50	41	-17	41	-14	cell = 336 to 343
65	-21	34	-7	42	-2	58	-20	cell = 344 to 351
43	-14	44	21	43	6	13	2	cell = 352 to 359
56	-48	42	-8	35	-22	13	-3	cell = 360 to 367
8	-30	8	-35	43	1	45	-28	cell = 368 to 375
47	-26	31	-27	38	-10	57	32	cell = 376 to 383
52	-8	35	-11	51	-6	23	-44	cell = 384 to 391
42	10	40	-11	8	-22	67	-12	cell = 392 to 399
43	-27	29	2	9	0	18	7	cell = 400 to 407
46	-28	61	-7	21	-10	30	-27	cell = 408 to 415
37	-43	62	-47	47	-38	49	-29	cell = 416 to 423
41	-10	34	-5	39	22	69	9	cell = 424 to 431
20	1	53	7	45	-6	65	-35	cell = 432 to 439
57	3	39	1	22	8	75	-33	cell = 440 to 447
46	32	38	-22	68	4	20	6	cell = 448 to 455
71	-4	23	3	20	4	36	-28	cell = 456 to 463
32	-9	24	8	43	20	58	23	cell = 464 to 471
27	-32	56	-3	28	-33	61	-33	cell = 472 to 479
23	-2	63	-36	23	-13	37	-2	cell = 480 to 487
29	-7	92	-34	10	-37	51	-5	cell = 488 to 495
63	-32	-17	-64	-16	-68	-83	-59	cell = 496 to 503
47	-21	33	2	-46	-7	26	6	cell = 504 to 511
-34	-9	-16	-16	-34	-20	-23	-36	cell = 512 to 519
-36	-34	13	-26	-23	0	-16	-14	cell = 520 to 527
-35	-13	-31	37	-24	2	2	-37	cell = 528 to 535
-5	-41	-49	4	-10	-32	-29	4	cell = 536 to 543
-7	-27	-31	-2	-18	8	8	-26	cell = 544 to 551
-46	-9	-18	-68	-2	-1	-4	-10	cell = 552 to 559
-4	-9	2	-40	-15	-10	1	-65	cell = 560 to 567
-32	-4	-57	-49	-37	-49	-5	-2	cell = 568 to 575
-59	-6	-14	17	-13	-12	-4	7	cell = 576 to 583
-24	13	-32	-38	10	-20	-51	11	cell = 584 to 591
-34	-36	-37	-31	-12	-33	-8	-9	cell = 592 to 599
-35	42	-32	26	11	-7	-27	-29	cell = 600 to 607
-30	27	-14	-21	-47	12	-22	-30	cell = 608 to 615
-29	-9	9	-34	19	-17	-19	31	cell = 616 to 623
-33	-23	20	-2	-16	-12	-37	1	cell = 624 to 631
-40	-39	-49	35	-37	-38	-14	-31	cell = 632 to 639
3	-29	-23	-21	-26	-13	-2	-12	cell = 640 to 647
10	16	4	-30	6	11	-2	-5	cell = 648 to 655
-21	-46	15	-1	14	13	-5	27	cell = 656 to 663
-40	-12	-42	-50	8	-26	-15	-28	cell = 664 to 671
-2	-66	-14	-9	15	-6	-26	-46	cell = 672 to 679
-7	-41	-11	-2	-15	-8	-39	8	cell = 680 to 687
17	-20	-8	1	-23	-39	-35	-6	cell = 688 to 695
4	-19	-8	-11	-43	-7	-41	-36	cell = 696 to 703
-44	3	29	-10	-23	-26	-48	-28	cell = 704 to 711
-80	-24	-10	28	-8	11	-22	-15	cell = 712 to 719
-13	-25	-21	-9	-7	-11	-18	1	cell = 720 to 727
3	1	0	7	-40	-7	1	-16	cell = 728 to 735
6	-35	-11	-20	-23	-37	-22	-26	cell = 736 to 743
-2	-40	-48	30	-33	21	17	12	cell = 744 to 751
-13	0	-44	-26	-45	-16	-43	-18	cell = 752 to 759
-10	-14	-27	-20	-13	-29	-20	-40	cell = 760 to 767
-7	15	1	-18	-7	15	13	-13	cell = 768 to 775
-17	-27	-40	-47	-33	14	29	-5	cell = 776 to 783
-10	-20	24	11	-2	-48	-28	6	cell = 784 to 791
-24	-80	-21	-33	26	-22	3	-4	cell = 792 to 799
-26	-65	-6	-11	-5	13	8	-75	cell = 800 to 807
-20	-43	-55	26	-32	-27	-43	-34	cell = 808 to 815
26	-20	-40	-23	-8	9	-67	0	cell = 816 to 823
-36	-57	-7	25	15	22	-20	-18	cell = 824 to 831
-6	-2	-29	-2	-43	0	-17	-30	cell = 832 to 839
-28	11	-3	-17	-36	-38	-25	-10	cell = 840 to 847
8	11	-29	-19	-26	-18	-13	-6	cell = 848 to 855
-42	-50	-53	-8	-44	15	-15	-3	cell = 856 to 863
-29	-25	-3	-10	-4	0	24	-46	cell = 864 to 871
-48	-29	-5	1	-33	-18	-32	34	cell = 872 to 879
9	-59	-31	19	12	-13	32	-15	cell = 880 to 887
-21	-5	-38	10	-10	12	-8	-36	cell = 888 to 895
-62	-38	-38	3	2	-23	5	-5	cell = 896 to 903
-7	-36	-47	28	8	6	-27	13	cell = 904 to 911
-43	-36	-27	-40	-11	2	-34	-2	cell = 912 to 919
-14	14	-22	-42	-40	-14	-28	-20	cell = 920 to 927
12	-15	-46	25	37	-31	-12	-21	cell = 928 to 935
1	-30	-16	8	-6	-40	-36	-1	cell = 936 to 943
-57	-38	-26	-5	-48	-10	-17	9	cell = 944 to 951
45	6	11	26	-15	-27	-29	-20	cell = 952 to 959
7	-24	-46	-16	-15	13	-14	-11	cell = 960 to 967
10	9	14	-30	-14	1	-24	-38	cell = 968 to 975
-20	-4	-17	-25	-27	4	-25	-53	cell = 976 to 983
2	21	-17	-16	5	1	-31	-10	cell = 984 to 991
36	17	7	-15	-15	-43	-26	-52	cell = 992 to 999
-45	4	-36	13	-25	4	-36	-25	cell = 1000 to 1007
-11	-10	-27	-14	-44	-17	-2	-45	cell = 1008 to 1015
-10	-20	-45	2	-35	-17	-2	-21	cell = 1016 to 1023
Calibration values from cell 0 to 1024 for channel 5:

24	7	32	1	51	-35	55	-16	cell = 0 to 7
60	5	79	22	34	-2	45	5	cell = 8 to 15
35	-10	55	19	33	-33	58	8	cell = 16 to 23
26	12	49	-16	47	-17	57	2	cell = 24 to 31
48	-7	30	-6	49	-41	55	0	cell = 32 to 39
43	-13	6	31	41	10	11	-8	cell = 40 to 47
58	-41	7	10	57	0	18	31	cell = 48 to 55
36	27	93	-7	28	29	44	-1	cell = 56 to 63
52	15	69	-9	43	-17	42	-13	cell = 64 to 71
52	-32	19	7	34	-41	26	-4	cell = 72 to 79
56	-16	35	-49	39	-26	65	12	cell = 80 to 87
20	6	8	4	23	-1	17	2	cell = 88 to 95
35	10	36	17	45	-37	17	6	cell = 96 to 103
58	-17	26	-24	43	3	21	-25	cell = 104 to 111
56	-6	25	-13	57	-7	60	-40	cell = 112 to 119
40	-54	45	-3	38	-17	31	-23	cell = 120 to 127
56	7	56	29	33	25	44	13	cell = 128 to 135
-20	15	52	13	56	-4	36	-17	cell = 136 to 143
-4	3	20	-9	42	3	22	-24	cell = 144 to 151
53	-43	70	-8	45	-12	43	11	cell = 152 to 159
59	22	16	42	44	-40	29	-42	cell = 160 to 167
51	16	39	8	23	26	55	-11	cell = 168 to 175
16	0	48	-12	43	-24	40	-29	cell = 176 to 183
67	12	89	-29	27	-3	40	-26	cell = 184 to 191
20	-6	9	-26	-17	7	66	5	cell = 192 to 199
41	0	46	-38	19	-13	53	-27	cell = 200 to 207
24	-23	45	16	77	-27	76	-3	cell = 208 to 215
43	9	40	-25	53	-32	39	-5	cell = 216 to 223
60	16	29	-12	45	25	49	-6	cell = 224 to 231
73	9	82	-16	10	-11	42	-21	cell = 232 to 239
16	-9	52	-44	47	-2	40	24	cell = 240 to 247
31	0	14	-14	44	45	10	-15	cell = 248 to 255
43	-6	23	-28	34	9	41	-5	cell = 256 to 263
28	-1	56	-4	41	26	35	-10	cell = 264 to 271
34	41	70	-20	25	37	52	0	cell = 272 to 279
29	20	26	0	57	29	29	-8	cell = 280 to 287
36	21	54	27	17	-11	62	-9	cell = 288 to 295
28	-11	28	-21	55	-50	53	-30	cell = 296 to 303
26	-24	19	7	46	6	55	29	cell = 304 to 311
40	27	75	-51	56	6	18	1	cell = 312 to 319
68	-1	47	15	9	21	21	-12	cell = 320 to 327
65	-51	50	22	2	-27	40	11	cell = 328 to 335
34	14	57	-30	58	-25	31	9	cell = 336 to 343
-3	-5	56	-40	45	27	26	4	cell = 344 to 351
61	-36	68	-22	54	-15	46	-35	cell = 352 to 359
61	-23	36	17	74	17	25	-15	cell = 360 to 367
6	-29	47	7	50	-4	33	-14	cell = 368 to 375
32	16	27	18	60	14	31	-1	cell = 376 to 383
58	-14	29	-23	9	22	63	0	cell = 384 to 391
61	-24	32	-42	15	-3	68	2	cell = 392 to 399
82	21	53	-13	34	6	48	-55	cell = 400 to 407
41	-14	38	-7	1	-29	55	6	cell = 408 to 415
23	11	0	-29	14	14	32	-40	cell = 416 to 423
39	-3	40	-23	64	28	74	-14	cell = 424 to 431
35	6	43	6	-4	0	24	-6	cell = 432 to 439
14	22	27	-17	30	18	26	-11	cell = 440 to 447
61	-5	32	-19	85	17	75	-21	cell = 448 to 455
39	-3	67	-19	48	-2	29	30	cell = 456 to 463
-7	24	48	9	26	0	60	-22	cell = 464 to 471
69	-13	79	-3	25	-10	58	1	cell = 472 to 479
-10	-48	23	36	48	-1	56	-20	cell = 480 to 487
39	-11	51	20	50	-49	95	-16	cell = 488 to 495
55	9	-21	-49	-24	-88	-41	-84	cell = 496 to 503
58	-9	44	-16	47	11	50	-61	cell = 504 to 511
-34	-15	-30	-38	0	13	-21	7	cell = 512 to 519
-26	-8	-40	-25	-18	-17	-4	-37	cell = 520 to 527
-36	-24	-2	-8	-14	-3	-36	-17	cell = 528 to 535
-18	-26	-31	-20	2	-30	-30	-8	cell = 536 to 543
-51	-25	-51	-16	-10	-5	-38	-24	cell = 544 to 551
24	-28	-7	-6	-16	-28	-31	1	cell = 552 to 559
1	11	-21	-19	-68	-12	-7	-17	cell = 560 to 567
-23	-25	-33	16	-43	4	-14	-65	cell = 568 to 575
-20	-22	14	-8	-39	-5	-22	17	cell = 576 to 583
-13	-4	-43	-22	-60	-4	-27	2	cell = 584 to 591
-11	-14	-17	11	7	-20	-78	13	cell = 592 to 599
-1	-11	19	-3	-50	-17	-23	-56	cell = 600 to 607
-13	15	37	0	-26	10	-20	-5	cell = 608 to 615
-30	-41	-49	-22	-6	-52	-24	-23	cell = 616 to 623
-5	-6	-14	-9	-38	-19	-30	-18	cell = 624 to 631
-60	-8	-48	-7	-62	-1	-38	-9	cell = 632 to 639
7	-38	-16	4	-20	0	-3	-13	cell = 640 to 647
-62	-15	-37	-11	7	24	-14	-25	cell = 648 to 655
-8	-35	-46	21	-31	-32	-56	-12	cell = 656 to 663
-9	-6	-14	-10	1	-44	-8	-9	cell = 664 to 671
-17	8	-30	-21	-21	-48	-21	-58	cell = 672 to 679
-14	-26	-40	14	20	-34	-6	11	cell = 680 to 687
-13	-32	-65	29	-35	-13	-23	5	cell = 688 to 695
-49	-14	-11	-4	-16	-11	-11	12	cell = 696 to 703
-48	-6	-16	-19	-18	-41	-7	3	cell = 704 to 711
-36	15	-2	-5	-7	-22	3	18	cell = 712 to 719
-19	3	-16	-18	-41	-35	-12	-40	cell = 720 to 727
2	4	-32	-17	-34	-15	20	3	cell = 728 to 735
-13	-25	-19	15	-31	-30	-36	30	cell = 736 to 743
-32	-14	-44	4	-48	-4	-11	-50	cell = 744 to 751
-11	2	-7	-21	0	3	-30	-12	cell = 752 to 759
-27	-13	-3	-48	1	-38	0	-3	cell = 760 to 767
-20	-7	-8	11	-14	-33	3	-48	cell = 768 to 775
-27	-35	-7	13	-28	5	22	9	cell = 776 to 783
-24	-26	-11	-24	-39	0	-45	-18	cell = 784 to 791
-25	-33	-14	-20	-22	-38	6	-30	cell = 792 to 799
13	-26	-32	-27	-16	-18	-18	-23	cell = 800 to 807
-35	-36	23	-14	-20	-12	-17	-45	cell = 808 to 815
-39	-16	-34	-22	-6	-55	-17	-4	cell = 816 to 823
-20	12	-38	-28	-31	-35	-12	-30	cell = 824 to 831
3	-56	-30	6	-1	-26	8	22	cell = 832 to 839
-29	11	12	-40	-21	16	-17	1	cell = 840 to 847
-17	4	-39	18	-9	14	-28	5	cell = 848 to 855
-3	-44	-49	-10	-33	-2	-38	0	cell = 856 to 863
-16	17	-42	-10	3	-29	-7	-10	cell = 864 to 871
-6	5	-17	-7	-38	-4	-15	-23	cell = 872 to 879
-10	-5	-22	-21	-10	-1	-61	-43	cell = 880 to 887
-46	-24	-34	-39	-91	-33	-39	2	cell = 888 to 895
1	-19	-15	-32	-27	-48	1	-51	cell = 896 to 903
-44	-17	-65	-27	-6	-19	4	-12	cell = 904 to 911
-38	-13	-23	-20	-21	-10	-9	-14	cell = 912 to 919
-34	17	38	-19	-32	12	-24	-27	cell = 920 to 927
-11	-2	-31	12	-40	24	-6	5	cell = 928 to 935
-24	-6	-27	-1	7	-11	-34	-38	cell = 936 to 943
-13	-10	-7	-49	-14	33	-49	-32	cell = 944 to 951
-45	-21	-68	-27	-2	-49	4	17	cell = 952 to 959
-6	7	-21	-20	-6	-42	-46	29	cell = 960 to 967
29	-11	-27	-3	-26	-6	-16	-27	cell = 968 to 975
25	-10	-32	-25	-35	-20	-31	-28	cell = 976 to 983
3	-22	-60	23	-30	-13	30	16	cell = 984 to 991
-36	-21	-27	-50	3	27	-54	1	cell = 992 to 999
-26	-34	-33	-16	-30	17	-16	-6	cell = 1000 to 1007
21	-47	-31	1	-36	-35	-15	-25	cell = 1008 to 1015
-22	-32	0	11	-25	13	-14	-18	cell = 1016 to 1023
Calibration values from cell 0 to 1024 for channel 6:

14	-12	55	-23	20	-16	34	-48	cell = 0 to 7
69	47	25	-22	10	-14	18	-51	cell = 8 to 15
57	-33	52	-24	10	8	60	-39	cell = 16 to 23
1	-18	31	-32	1	21	69	-3	cell = 24 to 31
38	-9	75	15	17	22	25	-31	cell = 32 to 39
12	-3	41	-29	-12	46	28	-16	cell = 40 to 47
39	-2	38	-10	43	-2	62	14	cell = 48 to 55
35	26	22	0	45	-47	36	3	cell = 56 to 63
56	-10	26	-5	79	24	46	1	cell = 64 to 71
42	16	74	3	42	-2	39	-42	cell = 72 to 79
36	10	45	10	71	-15	73	-15	cell = 80 to 87
49	-59	0	-33	8	-8	46	-6	cell = 88 to 95
17	-1	17	-25	48	-15	51	4	cell = 96 to 103
79	-16	39	5	40	9	44	-24	cell = 104 to 111
21	-7	41	8	51	10	47	-28	cell = 112 to 119
42	-50	56	-6	55	-37	54	-27	cell = 120 to 127
59	-5	68	30	55	23	21	-1	cell = 128 to 135
41	13	42	8	-14	-21	26	-11	cell = 136 to 143
41	-18	75	7	76	-7	17	-2	cell = 144 to 151
63	-30	4	10	27	-3	51	-7	cell = 152 to 159
53	0	57	1	46	-35	36	-14	cell = 160 to 167
42	15	38	-12	43	-33	35	-28	cell = 168 to 175
5	-33	54	15	12	-10	43	17	cell = 176 to 183
49	3	11	-22	23	-27	26	0	cell = 184 to 191
31	32	100	-16	45	-17	19	-18	cell = 192 to 199
33	4	65	-34	21	8	39	-3	cell = 200 to 207
34	-18	32	-36	44	-6	20	0	cell = 208 to 215
16	25	65	-19	67	-28	63	-53	cell = 216 to 223
24	-44	49	28	59	-14	21	-43	cell = 224 to 231
61	-24	44	-11	3	-18	21	14	cell = 232 to 239
46	-32	32	-21	23	-20	34	-43	cell = 240 to 247
-3	-10	52	11	23	-14	62	-36	cell = 248 to 255
50	-24	49	-24	31	-12	79	-7	cell = 256 to 263
55	-12	55	19	7	5	62	-4	cell = 264 to 271
41	28	40	-14	59	-24	24	0	cell = 272 to 279
41	-7	27	-38	95	-34	38	-12	cell = 280 to 287
-3	21	44	-16	40	-1	24	-44	cell = 288 to 295
20	-9	38	3	17	-37	39	21	cell = 296 to 303
61	-22	40	4	23	-22	27	-18	cell = 304 to 311
-4	-21	25	26	0	-34	5	-65	cell = 312 to 319
61	-16	67	-1	33	-4	-18	-38	cell = 320 to 327
11	4	32	-55	17	41	81	-2	cell = 328 to 335
6	23	16	7	40	-7	52	3	cell = 336 to 343
39	3	71	-21	88	-23	48	-58	cell = 344 to 351
50	31	85	-27	13	-16	14	61	cell = 352 to 359
23	-26	77	-11	19	-2	44	-49	cell = 360 to 367
74	17	84	-2	17	3	43	-46	cell = 368 to 375
13	6	51	-57	47	17	76	-25	cell = 376 to 383
78	-15	48	-33	52	-19	8	-21	cell = 384 to 391
2	-3	32	-52	26	1	43	-6	cell = 392 to 399
59	-21	10	16	61	54	16	-23	cell = 400 to 407
76	-10	28	-3	93	-38	67	-17	cell = 408 to 415
-15	4	81	-11	55	-11	51	14	cell = 416 to 423
68	-53	62	-1	2	19	48	59	cell = 424 to 431
51	34	43	-18	53	4	24	1	cell = 432 to 439
66	-15	27	17	69	1	3	-27	cell = 440 to 447
61	18	24	-36	62	16	18	13	cell = 448 to 455
38	-37	52	1	43	-69	63	32	cell = 456 to 463
69	2	27	-10	25	6	77	-35	cell = 464 to 471
48	2	29	10	60	-4	48	-17	cell = 472 to 479
35	8	82	-16	41	-53	60	0	cell = 480 to 487
57	16	55	-6	44	-14	77	3	cell = 488 to 495
-14	-57	7	-74	-45	-83	-10	-73	cell = 496 to 503
65	-10	31	6	-19	0	53	-9	cell = 504 to 511
-10	-20	-10	-8	-48	1	-38	25	cell = 512 to 519
-36	-23	-50	6	-39	-2	14	-35	cell = 520 to 527
-16	-11	-40	-15	-19	-6	-6	-17	cell = 528 to 535
-18	-4	-12	-45	-21	16	-25	-46	cell = 536 to 543
-19	-14	-56	-13	-12	-39	-37	9	cell = 544 to 551
6	-31	-38	-11	-4	-31	-26	-16	cell = 552 to 559
-24	-15	-16	9	14	-36	-34	-11	cell = 560 to 567
0	-18	-8	-16	-39	9	-12	-3	cell = 568 to 575
-43	25	-63	-22	-32	11	-24	-20	cell = 576 to 583
-6	12	37	-4	-11	-18	-28	-14	cell = 584 to 591
-35	4	21	-2	-18	17	-9	-12	cell = 592 to 599
-23	11	-22	-32	-55	4	-3	-25	cell = 600 to 607
-35	-2	-2	11	2	14	-34	-4	cell = 608 to 615
-4	-12	-22	30	-17	-15	-28	-5	cell = 616 to 623
-60	-29	-40	-38	-4	-42	-15	-29	cell = 624 to 631
-13	-41	-30	30	8	-19	2	1	cell = 632 to 639
-27	-41	2	-23	-27	-8	-9	-14	cell = 640 to 647
29	-53	-31	26	-3	-17	11	-8	cell = 648 to 655
-41	-19	-46	-39	-51	-14	8	-13	cell = 656 to 663
-24	-13	35	-43	-17	10	17	-56	cell = 664 to 671
-3	-11	-15	20	-51	-22	13	-50	cell = 672 to 679
-27	18	-25	-26	-19	-42	8	-6	cell = 680 to 687
-36	-14	-4	-42	-1	8	-16	6	cell = 688 to 695
-37	-13	-35	-10	-10	-7	1	-2	cell = 696 to 703
-19	-23	-32	-4	-4	-19	0	-23	cell = 704 to 711
-8	0	-41	-11	-8	-22	1	-41	cell = 712 to 719
19	-16	4	-5	-36	27	-10	-2	cell = 720 to 727
-34	-34	-8	51	-41	-5	2	-34	cell = 728 to 735
-23	16	-50	2	-31	-7	-59	-12	cell = 736 to 743
-39	29	15	-31	4	-16	-16	27	cell = 744 to 751
-4	8	-21	-34	-43	-51	-48	-23	cell = 752 to 759
-23	-7	-35	-5	-22	-21	-18	7	cell = 760 to 767
-10	-36	-32	17	-35	-43	-17	-64	cell = 768 to 775
-13	3	-47	-20	2	33	-29	6	cell = 776 to 783
-21	-17	-64	-28	-34	-7	-38	-6	cell = 784 to 791
-44	5	-21	-20	3	10	-14	-12	cell = 792 to 799
7	16	-35	-17	-28	10	-33	-53	cell = 800 to 807
2	0	25	-10	3	37	-13	-7	cell = 808 to 815
-35	-6	-6	8	-43	22	-36	3	cell = 816 to 823
-36	-7	32	-25	-6	-4	-8	-39	cell = 824 to 831
-30	-27	-36	-22	-27	28	-38	-12	cell = 832 to 839
-20	-18	-7	0	-9	-16	5	-3	cell = 840 to 847
-53	0	-45	-4	16	27	-14	-60	cell = 848 to 855
13	-36	-33	-17	-36	-46	-24	-8	cell = 856 to 863
-26	4	-16	27	-47	15	-16	-16	cell = 864 to 871
-40	-33	-62	-13	-41	24	7	15	cell = 872 to 879
-18	-7	2	-35	-9	28	-42	6	cell = 880 to 887
-38	-48	-7	-40	-8	1	-22	-19	cell = 888 to 895
-31	-53	-3	-32	-9	-21	-28	-5	cell = 896 to 903
-9	-17	-12	12	-27	-58	-13	15	cell = 904 to 911
11	-32	-52	-34	-22	0	7	-17	cell = 912 to 919
-18	-19	3	-4	-26	-26	-54	-16	cell = 920 to 927
-9	-6	-56	11	-11	-20	-9	-12	cell = 928 to 935
-7	-17	4	-9	-12	9	7	3	cell = 936 to 943
-60	-24	1	-19	-50	-17	-21	34	cell = 944 to 951
-31	-8	7	-14	-9	2	-51	-40	cell = 952 to 959
-38	-49	-16	-35	-27	-45	-4	4	cell = 960 to 967
-22	-30	-20	-9	-11	-13	-36	41	cell = 968 to 975
0	5	-15	-16	9	-18	-25	19	cell = 976 to 983
51	-44	14	-28	-9	-39	0	5	cell = 984 to 991
-49	26	19	-16	13	-16	2	-49	cell = 992 to 999
-20	-21	-9	-3	-35	-17	-65	10	cell = 1000 to 1007
-2	-6	-47	-10	-51	31	-14	-12	cell = 1008 to 1015
-47	-18	-38	-21	37	4	-10	-21	cell = 1016 to 1023
Calibration values from cell 0 to 1024 for channel 7:

26	6	51	-18	47	-15	97	-19	cell = 0 to 7
8	-51	57	24	48	-5	41	13	cell = 8 to 15
19	-3	38	8	33	-5	43	-30	cell = 16 to 23
46	-45	45	-31	42	15	77	54	cell = 24 to 31
11	-30	31	-23	17	4	24	-48	cell = 32 to 39
64	24	44	-46	16	10	63	-47	cell = 40 to 47
57	-12	46	-6	14	-26	48	-2	cell = 48 to 55
34	-32	40	-18	86	24	-12	1	cell = 56 to 63
81	14	78	-66	84	-33	57	-12	cell = 64 to 71
33	-15	23	-28	39	21	59	11	cell = 72 to 79
48	17	66	-3	56	-3	34	4	cell = 80 to 87
60	-27	42	-6	46	-16	61	-31	cell = 88 to 95
16	6	11	-2	40	-45	51	15	cell = 96 to 103
52	-17	25	33	25	14	39	0	cell = 104 to 111
59	5	47	-18	42	16	71	-26	cell = 112 to 119
34	-26	25	3	45	29	18	-5	cell = 120 to 127
36	24	29	-28	58	9	55	1	cell = 128 to 135
40	-3	47	-27	44	14	71	7	cell = 136 to 143
27	5	33	-40	63	-49	30	-48	cell = 144 to 151
41	-50	38	-25	0	18	46	27	cell = 152 to 159
29	-2	59	-22	66	-41	46	17	cell = 160 to 167
41	0	46	-34	35	-6	-8	19	cell = 168 to 175
19	49	15	-7	19	31	76	50	cell = 176 to 183
62	-8	80	-3	8	7	60	-10	cell = 184 to 191
76	-17	82	-35	42	-15	2	-21	cell = 192 to 199
52	17	-1	26	52	10	67	23	cell = 200 to 207
57	-5	59	21	73	5	40	1	cell = 208 to 215
47	-32	7	-9	16	21	38	10	cell = 216 to 223
29	4	113	-33	39	-26	20	-33	cell = 224 to 231
8	-12	36	-29	58	-13	34	4	cell = 232 to 239
31	12	47	-5	33	-6	42	16	cell = 240 to 247
54	-28	70	9	22	-29	46	6	cell = 248 to 255
25	39	29	2	84	-29	54	-7	cell = 256 to 263
55	-34	33	-1	45	0	61	-24	cell = 264 to 271
48	-10	40	3	53	-8	46	3	cell = 272 to 279
-17	-14	20	-9	27	-23	52	-25	cell = 280 to 287
49	-33	49	-35	19	-39	74	-19	cell = 288 to 295
62	19	7	22	43	-10	49	-12	cell = 296 to 303
28	-11	33	-18	32	25	48	-13	cell = 304 to 311
31	14	22	-8	71	-19	44	-21	cell = 312 to 319
34	18	43	12	42	-26	33	19	cell = 320 to 327
52	11	32	27	57	23	30	-24	cell = 328 to 335
72	-10	76	13	53	-3	17	2	cell = 336 to 343
43	-24	40	-30	97	14	35	5	cell = 344 to 351
45	22	58	-8	77	-82	30	1	cell = 352 to 359
50	-23	85	6	36	2	67	-43	cell = 360 to 367
24	27	53	14	54	-31	57	-11	cell = 368 to 375
50	-26	25	-37	46	6	65	11	cell = 376 to 383
38	-21	52	7	51	-26	39	-7	cell = 384 to 391
39	-2	77	-5	39	15	54	-9	cell = 392 to 399
40	-29	41	-19	58	-15	72	-23	cell = 400 to 407
35	39	30	-15	-9	-12	43	-35	cell = 408 to 415
32	27	30	-15	44	-37	-16	14	cell = 416 to 423
48	-78	-12	-11	50	-40	13	28	cell = 424 to 431
44	-37	3	-4	49	-14	17	2	cell = 432 to 439
61	-22	41	51	23	4	53	-11	cell = 440 to 447
79	-15	52	-28	2	3	24	28	cell = 448 to 455
33	11	17	-15	44	-2	44	-2	cell = 456 to 463
14	-27	40	-18	28	-38	46	3	cell = 464 to 471
32	-9	32	6	46	-43	38	-22	cell = 472 to 479
30	-71	8	-12	48	4	23	10	cell = 480 to 487
11	5	52	-23	39	-22	57	-38	cell = 488 to 495
6	-18	-64	-69	-11	-46	-43	-111	cell = 496 to 503
54	-3	50	-14	-18	-18	55	-28	cell = 504 to 511
-51	-43	-55	25	-56	-33	-12	-50	cell = 512 to 519
-4	-3	-14	-24	-19	-23	11	-7	cell = 520 to 527
9	-28	15	-22	-11	-8	9	-30	cell = 528 to 535
-52	-53	34	-29	-49	-24	-8	-64	cell = 536 to 543
-22	7	25	11	-21	-36	-25	-11	cell = 544 to 551
19	10	-22	-23	3	-18	-32	-6	cell = 552 to 559
-4	0	-14	-18	-39	-64	-24	-14	cell = 560 to 567
-23	-11	-30	-55	-48	1	-25	-79	cell = 568 to 575
-43	-19	-5	-23	-61	1	-15	-13	cell = 576 to 583
-8	-28	-21	4	-25	-47	-23	-35	cell = 584 to 591
-37	-41	3	-46	12	-10	-24	-33	cell = 592 to 599
-6	-17	-42	-27	-22	-27	-66	0	cell = 600 to 607
6	12	-65	-6	-29	-70	-32	-25	cell = 608 to 615
9	-9	-16	-42	-16	-4	-61	-2	cell = 616 to 623
32	-1	13	5	3	7	-45	-5	cell = 624 to 631
-9	-3	-6	-15	4	-16	13	-45	cell = 632 to 639
-38	-54	21	-9	-13	6	-11	-10	cell = 640 to 647
-24	18	-48	-23	-40	-51	-44	-21	cell = 648 to 655
2	-15	18	-5	-45	-35	6	-16	cell = 656 to 663
-11	-4	-54	14	-12	-28	-1	-33	cell = 664 to 671
4	-15	1	-11	-7	-22	0	-3	cell = 672 to 679
-12	8	-38	-25	-21	15	-29	29	cell = 680 to 687
-50	7	-2	8	-28	-10	-57	-2	cell = 688 to 695
-35	-26	8	-12	-4	-39	-28	7	cell = 696 to 703
-15	-27	-22	-14	-27	-17	-11	3	cell = 704 to 711
12	-18	-19	3	-27	5	37	-6	cell = 712 to 719
-4	-26	27	-23	-23	25	-29	-27	cell = 720 to 727
18	-18	-63	-7	-29	6	-57	-3	cell = 728 to 735
-34	14	-12	-16	20	-18	-32	-40	cell = 736 to 743
-8	-43	-18	-37	-2	31	41	-27	cell = 744 to 751
-41	-10	-22	-15	15	-13	0	-22	cell = 752 to 759
-39	-19	0	-22	-37	-24	-11	17	cell = 760 to 767
-30	-16	-48	-8	-11	0	-41	32	cell = 768 to 775
-32	-4	-18	-1	-5	53	-21	-52	cell = 776 to 783
-33	-23	-38	-79	-19	-31	-24	-19	cell = 784 to 791
-31	3	-16	-51	-16	20	-59	-25	cell = 792 to 799
-36	26	-15	-8	32	-13	2	-8	cell = 800 to 807
-26	-28	-17	-55	-3	32	1	-8	cell = 808 to 815
26	7	11	-26	-13	-40	18	3	cell = 816 to 823
-46	-9	-32	-37	-44	21	-24	15	cell = 824 to 831
-38	-19	-34	-4	-31	-25	14	9	cell = 832 to 839
-11	-22	-43	-21	21	-21	-36	-16	cell = 840 to 847
-45	-30	-42	-40	-25	-22	2	-6	cell = 848 to 855
-55	-18	8	10	-8	-9	-22	25	cell = 856 to 863
-42	11	-15	-37	-19	-11	-36	9	cell = 864 to 871
-36	11	-6	22	-6	28	-40	7	cell = 872 to 879
37	-6	-18	-2	-3	24	-35	-46	cell = 880 to 887
-19	-10	-11	-10	-21	-21	-43	-30	cell = 888 to 895
-18	-20	-23	-18	18	0	-21	-18	cell = 896 to 903
-24	-50	-47	-37	-26	22	7	-7	cell = 904 to 911
-4	-51	24	-13	-59	-23	-15	-7	cell = 912 to 919
-4	-20	-18	-20	-33	-17	-52	-21	cell = 920 to 927
-40	-10	-29	5	33	24	33	15	cell = 928 to 935
-29	-7	-16	0	-37	10	-29	-30	cell = 936 to 943
-10	-8	-1	-12	-26	-41	-46	-8	cell = 944 to 951
-4	-7	-46	-14	-16	-27	-7	-21	cell = 952 to 959
-21	-44	-6	-5	-46	-35	-16	4	cell = 960 to 967
-37	0	-45	-25	-38	10	-31	6	cell = 968 to 975
-1	-29	-19	-6	-29	-12	49	-37	cell = 976 to 983
23	-19	9	-17	-25	21	-21	-41	cell = 984 to 991
27	21	-9	-23	-43	-43	-13	12	cell = 992 to 999
-14	7	-47	-10	-18	-27	-36	26	cell = 1000 to 1007
-17	-43	-2	3	-6	-28	-61	-59	cell = 1008 to 1015
-15	-32	-57	-29	3	-24	-11	-44	cell = 1016 to 1023
Calibration values from cell 0 to 1024 for channel 8:

21	26	81	-5	6	14	29	-6	cell = 0 to 7
15	-16	37	23	51	-20	16	-33	cell = 8 to 15
47	11	55	-14	82	-26	53	-17	cell = 16 to 23
94	-18	103	-50	45	-40	53	30	cell = 24 to 31
66	-7	14	-13	42	21	60	-57	cell = 32 to 39
43	-13	51	-19	47	-8	44	17	cell = 40 to 47
71	-18	22	-5	70	25	41	1	cell = 48 to 55
57	14	66	-42	50	-8	55	0	cell = 56 to 63
52	-4	67	0	65	-9	48	-15	cell = 64 to 71
59	27	58	-37	32	13	50	-12	cell = 72 to 79
63	12	34	6	49	-24	82	-38	cell = 80 to 87
49	21	53	-11	36	25	64	-6	cell = 88 to 95
58	-23	51	26	70	0	82	6	cell = 96 to 103
86	-31	47	16	47	-16	80	-16	cell = 104 to 111
29	-40	40	-27	34	-49	58	2	cell = 112 to 119
48	20	51	-69	29	-4	46	-57	cell = 120 to 127
48	-40	93	-3	98	-39	80	29	cell = 128 to 135
76	-4	66	16	24	-14	74	-45	cell = 136 to 143
15	36	56	1	74	1	6	22	cell = 144 to 151
13	-15	51	-9	52	22	8	-7	cell = 152 to 159
41	-19	38	1	54	21	74	-21	cell = 160 to 167
28	-24	40	-2	61	11	30	-15	cell = 168 to 175
54	-7	86	-18	55	-6	14	-8	cell = 176 to 183
18	37	8	-41	56	-41	49	5	cell = 184 to 191
15	10	39	-14	44	-29	58	8	cell = 192 to 199
39	2	86	1	29	25	44	-7	cell = 200 to 207
-2	-26	23	4	89	-11	35	21	cell = 208 to 215
0	-19	50	-20	29	10	48	25	cell = 216 to 223
26	28	69	-2	48	22	48	-30	cell = 224 to 231
65	-75	63	3	81	13	48	5	cell = 232 to 239
56	3	55	-25	42	25	44	-44	cell = 240 to 247
32	-8	48	-3	33	25	36	-33	cell = 248 to 255
49	13	63	-2	73	-12	65	9	cell = 256 to 263
46	1	9	-28	50	-18	57	-4	cell = 264 to 271
45	12	34	-19	33	-48	48	-4	cell = 272 to 279
22	-18	22	-18	48	-30	69	-11	cell = 280 to 287
5	-27	53	-8	54	-18	46	-10	cell = 288 to 295
30	34	45	26	40	-52	70	-5	cell = 296 to 303
9	-16	15	-38	10	2	74	-35	cell = 304 to 311
55	-10	47	13	33	-8	48	-14	cell = 312 to 319
66	-10	37	-36	43	-57	51	-50	cell = 320 to 327
46	-37	12	-44	45	30	51	-11	cell = 328 to 335
36	-13	77	-42	29	-15	27	4	cell = 336 to 343
42	1	12	-2	87	-8	50	-29	cell = 344 to 351
67	26	36	-32	76	-30	53	25	cell = 352 to 359
31	28	66	-36	61	-15	87	43	cell = 360 to 367
26	-18	52	4	52	7	68	7	cell = 368 to 375
11	-17	67	31	66	-41	42	-30	cell = 376 to 383
59	28	23	-49	-3	-56	55	-8	cell = 384 to 391
45	10	35	-50	52	15	29	0	cell = 392 to 399
41	-20	53	-17	44	2	-1	-8	cell = 400 to 407
57	11	40	28	38	-24	20	-32	cell = 408 to 415
60	1	36	-1	68	-12	58	-18	cell = 416 to 423
38	0	8	11	30	13	88	-7	cell = 424 to 431
39	-28	36	-31	56	12	26	-32	cell = 432 to 439
72	-34	84	16	51	-63	-10	22	cell = 440 to 447
47	6	58	-17	57	3	57	-4	cell = 448 to 455
26	-6	43	-21	41	-23	58	-15	cell = 456 to 463
47	-1	15	-3	51	-20	35	-2	cell = 464 to 471
43	7	57	5	55	45	51	-41	cell = 472 to 479
27	-37	24	20	52	-26	55	-26	cell = 480 to 487
22	-34	41	9	66	16	79	22	cell = 488 to 495
7	-42	6	-80	-56	-75	-9	-62	cell = 496 to 503
27	51	30	23	19	-55	62	-44	cell = 504 to 511
-24	7	32	-34	-28	-27	-25	-56	cell = 512 to 519
-2	-14	-14	-2	-13	-1	-25	-19	cell = 520 to 527
1	-33	-27	15	-9	-61	6	-8	cell = 528 to 535
-20	-5	-24	-15	-30	3	-15	-18	cell = 536 to 543
-16	-35	-29	-26	24	20	19	-27	cell = 544 to 551
-53	-30	-38	-20	-28	-24	-43	-16	cell = 552 to 559
-45	-47	-17	-4	-60	-4	-32	-23	cell = 560 to 567
-29	-26	-50	-20	-16	-4	-13	-35	cell = 568 to 575
-28	-34	-92	-28	0	-8	-7	-9	cell = 576 to 583
-14	-12	-26	-14	-46	-9	-29	-47	cell = 584 to 591
-15	-23	-6	-85	-48	-41	-32	-12	cell = 592 to 599
-50	-43	-7	-34	-65	-3	-34	-20	cell = 600 to 607
-35	48	-47	-8	0	-27	32	-50	cell = 608 to 615
-71	-12	5	-13	-12	-15	-32	-24	cell = 616 to 623
5	1	13	-21	-19	-13	-15	29	cell = 624 to 631
-2	-60	-39	-8	-19	-26	-16	-2	cell = 632 to 639
-25	30	-55	-27	-31	-30	-8	12	cell = 640 to 647
-24	8	3	-59	-18	-38	-32	-20	cell = 648 to 655
-47	-3	-5	-56	-17	10	-3	-25	cell = 656 to 663
-22	-34	-77	14	-4	-6	4	-30	cell = 664 to 671
-46	-30	-38	-4	-6	-3	4	-6	cell = 672 to 679
-41	-28	-71	1	-1	-15	-10	-50	cell = 680 to 687
-43	-4	7	5	-18	6	-32	-4	cell = 688 to 695
-11	-41	-23	17	-14	-5	11	34	cell = 696 to 703
-48	-40	-35	-26	-41	7	-28	-20	cell = 704 to 711
-12	-9	-46	-23	8	-37	0	-22	cell = 712 to 719
-4	14	-55	-13	-37	-14	11	0	cell = 720 to 727
-16	-18	-39	-9	-22	-23	0	-53	cell = 728 to 735
-19	31	-19	-19	-20	13	-20	-50	cell = 736 to 743
-26	-16	4	-45	-26	-4	-39	-26	cell = 744 to 751
-13	-26	-40	22	6	-4	-31	-20	cell = 752 to 759
-69	17	10	-2	3	-14	-9	-25	cell = 760 to 767
-11	-12	21	-50	2	15	-47	10	cell = 768 to 775
-40	1	-19	-55	-14	4	-46	-41	cell = 776 to 783
16	-41	-23	-42	-23	-17	-22	21	cell = 784 to 791
-40	-32	17	34	-16	-27	-33	-15	cell = 792 to 799
-11	6	0	-35	-19	-7	-41	-22	cell = 800 to 807
-13	-11	-37	0	-26	10	-14	-10	cell = 808 to 815
-22	15	-6	-30	-7	-26	-25	-30	cell = 816 to 823
-73	-40	-73	-42	-9	-15	-3	3	cell = 824 to 831
10	26	-9	-30	1	-33	-37	-47	cell = 832 to 839
5	-39	-57	-64	-27	-4	-13	-8	cell = 840 to 847
-26	-8	-1	-18	-59	-15	-7	-20	cell = 848 to 855
-22	-14	-61	-2	25	-74	-32	-36	cell = 856 to 863
-13	1	-4	18	-2	-9	-61	24	cell = 864 to 871
-34	-11	-2	-3	0	-11	-13	0	cell = 872 to 879
-14	-66	8	15	-15	-55	-5	4	cell = 880 to 887
-3	5	-63	-16	-14	-35	-30	-35	cell = 888 to 895
13	2	-22	-16	-1	-44	-33	-4	cell = 896 to 903
7	-23	-30	22	30	15	-30	-22	cell = 904 to 911
-3	-35	-2	14	0	-8	-14	0	cell = 912 to 919
-55	-26	-6	-4	-44	-17	-12	-54	cell = 920 to 927
-49	-34	-40	-35	-45	12	-24	-8	cell = 928 to 935
-53	0	-27	20	-26	-63	-4	25	cell = 936 to 943
-35	-28	-8	-35	42	0	-54	-8	cell = 944 to 951
-62	-27	-34	-15	-2	-12	-47	-24	cell = 952 to 959
-28	-27	-6	5	-75	-30	10	-12	cell = 960 to 967
-48	-21	-33	-35	42	-49	34	-8	cell = 968 to 975
-42	21	35	1	-46	-2	-17	-1	cell = 976 to 983
-4	-6	5	-24	-24	-3	7	-21	cell = 984 to 991
-31	-33	-3	-19	-17	12	-50	-11	cell = 992 to 999
7	21	-20	-8	-6	-39	-16	-33	cell = 1000 to 1007
-52	-6	-33	-8	-37	-21	-45	9	cell = 1008 to 1015
-31	-42	-67	-12	-68	1	-39	-47	cell = 1016 to 1023
