Calibration values from cell 0 to 1024 for channel 0:

26	13	25	30	43	-41	47	-9	cell = 0 to 7
30	23	21	-26	29	-4	26	-15	cell = 8 to 15
59	-25	22	-18	18	-4	33	-18	cell = 16 to 23
27	12	39	-8	25	4	62	55	cell = 24 to 31
32	15	17	-25	-5	-19	15	-5	cell = 32 to 39
47	-33	33	0	48	39	73	4	cell = 40 to 47
69	33	56	-8	12	30	59	23	cell = 48 to 55
60	-3	52	-17	59	-14	61	-4	cell = 56 to 63
13	4	15	-6	67	12	40	51	cell = 64 to 71
74	11	65	-8	26	-4	43	-11	cell = 72 to 79
39	-29	25	-27	31	-10	50	-16	cell = 80 to 87
63	-5	-7	-32	12	-7	21	-19	cell = 88 to 95
64	-25	37	12	20	-11	61	-22	cell = 96 to 103
32	-15	46	22	14	16	27	-30	cell = 104 to 111
51	-28	39	-22	46	-10	68	-24	cell = 112 to 119
51	28	47	-20	13	-3	9	4	cell = 120 to 127
62	9	49	-22	68	-9	34	45	cell = 128 to 135
81	-11	62	-9	55	-12	41	-66	cell = 136 to 143
26	26	48	-30	55	-27	36	35	cell = 144 to 151
26	27	69	-8	23	-24	13	-40	cell = 152 to 159
47	18	49	-1	58	13	31	-10	cell = 160 to 167
96	7	17	18	34	-48	60	8	cell = 168 to 175
47	22	55	-15	59	-24	34	-57	cell = 176 to 183
31	4	54	-3	43	11	38	-9	cell = 184 to 191
29	16	27	-33	49	26	44	-14	cell = 192 to 199
45	-14	50	-20	65	-43	2	-1	cell = 200 to 207
39	31	77	0	34	-33	20	-15	cell = 208 to 215
78	-19	23	-13	33	-8	78	-2	cell = 216 to 223
3	-24	64	4	72	-24	20	13	cell = 224 to 231
19	20	69	38	74	13	51	-2	cell = 232 to 239
77	-11	50	-22	50	3	73	-15	cell = 240 to 247
36	25	49	-24	15	-30	59	-16	cell = 248 to 255
28	-28	37	-27	37	19	28	-26	cell = 256 to 263
74	-4	41	-4	43	-2	28	15	cell = 264 to 271
47	15	22	28	56	8	90	-4	cell = 272 to 279
25	-10	48	28	51	-2	47	-23	cell = 280 to 287
-8	30	67	-3	32	-9	28	-27	cell = 288 to 295
39	23	72	-32	45	-10	83	-14	cell = 296 to 303
74	-1	80	-18	40	7	63	-10	cell = 304 to 311
24	-20	68	-54	82	-47	22	-13	cell = 312 to 319
34	-10	63	4	49	-26	37	-10	cell = 320 to 327
45	39	48	-48	34	-8	51	-22	cell = 328 to 335
22	-3	48	-9	16	18	21	12	cell = 336 to 343
21	-46	81	-8	53	2	80	-2	cell = 344 to 351
37	-3	39	2	43	16	46	16	cell = 352 to 359
94	0	39	-6	6	31	31	23	cell = 360 to 367
19	-21	49	23	45	29	26	-14	cell = 368 to 375
34	-14	31	14	41	-18	37	-44	cell = 376 to 383
18	15	74	6	16	4	81	-32	cell = 384 to 391
63	-21	37	3	7	-8	40	-32	cell = 392 to 399
50	-15	22	-43	37	33	59	20	cell = 400 to 407
29	46	12	-2	68	9	27	-19	cell = 408 to 415
18	33	26	-22	11	8	31	24	cell = 416 to 423
42	-1	63	15	49	12	26	-8	cell = 424 to 431
31	-19	39	-16	29	-7	25	6	cell = 432 to 439
23	19	29	9	42	-26	22	-34	cell = 440 to 447
12	-16	27	18	14	-24	39	-37	cell = 448 to 455
22	-11	31	11	23	20	24	-11	cell = 456 to 463
42	41	79	-14	47	-20	39	-36	cell = 464 to 471
12	34	0	-31	53	44	87	17	cell = 472 to 479
-9	21	55	7	29	-20	51	-6	cell = 480 to 487
-3	7	31	-2	67	24	23	23	cell = 488 to 495
38	45	-37	-76	-31	-44	-10	-83	cell = 496 to 503
75	38	68	-9	-8	44	52	7	cell = 504 to 511
19	-67	18	-15	-20	-11	-21	-18	cell = 512 to 519
-55	6	-16	4	22	-44	6	-21	cell = 520 to 527
15	-14	-34	-44	-18	-47	15	6	cell = 528 to 535
-5	-6	16	5	-5	-23	5	-19	cell = 536 to 543
-57	-13	1	10	-5	-18	12	20	cell = 544 to 551
0	-27	-41	-29	-4	11	-37	2	cell = 552 to 559
-12	-22	-20	-5	-35	14	-20	-44	cell = 560 to 567
-25	-7	-18	-12	-16	14	-21	-43	cell = 568 to 575
9	-29	-17	3	-17	-15	5	-30	cell = 576 to 583
-59	-62	-19	-7	-40	-80	-19	-5	cell = 584 to 591
-21	-22	-28	7	-33	-11	-27	-11	cell = 592 to 599
12	0	10	-35	5	-11	14	-36	cell = 600 to 607
15	-58	-11	-12	-12	20	3	37	cell = 608 to 615
11	-2	-44	12	-29	-28	-38	-2	cell = 616 to 623
-5	-8	-25	-18	-15	-30	-51	-8	cell = 624 to 631
7	-14	-22	-31	-16	15	-24	-9	cell = 632 to 639
-29	-45	-19	2	-41	-9	-7	-10	cell = 640 to 647
-11	-37	-15	-50	-15	-21	-3	-12	cell = 648 to 655
-12	1	-17	3	5	-36	-37	-13	cell = 656 to 663
-26	10	-19	-36	-8	-1	1	6	cell = 664 to 671
-20	-12	-19	-10	-25	9	-17	-18	cell = 672 to 679
6	1	-42	-45	3	-32	32	12	cell = 680 to 687
-3	-10	-31	0	23	-16	-45	-7	cell = 688 to 695
-30	29	-31	21	-26	-26	-12	-43	cell = 696 to 703
-3	-24	-35	-11	-4	-7	-38	-5	cell = 704 to 711
5	-43	-68	-28	10	-12	-5	-41	cell = 712 to 719
-41	-31	-11	-54	0	-53	-37	-17	cell = 720 to 727
-22	-35	-25	8	-36	10	-64	-36	cell = 728 to 735
-48	25	-6	8	-19	-42	-15	-24	cell = 736 to 743
-22	12	-27	-29	-27	-14	-24	-50	cell = 744 to 751
-15	22	-3	-33	-34	-2	-33	-23	cell = 752 to 759
14	7	-34	-26	-53	-28	-25	-15	cell = 760 to 767
-27	-22	8	-46	-2	-62	-34	-29	cell = 768 to 775
-38	-33	4	-40	-13	0	-23	-10	cell = 776 to 783
3	-33	-7	-6	0	-46	-10	-11	cell = 784 to 791
-10	-32	-39	-6	7	-37	-23	-16	cell = 792 to 799
-8	-38	-29	-51	-21	-28	-9	-28	cell = 800 to 807
-17	-21	-17	-38	-15	-56	-20	-1	cell = 808 to 815
-33	-10	-37	-22	9	-2	-4	-48	cell = 816 to 823
-4	-47	-10	-17	-11	-14	-34	-8	cell = 824 to 831
-56	1	-31	30	-6	-28	-50	-10	cell = 832 to 839
-11	-50	-33	-12	-23	-26	-25	-11	cell = 840 to 847
-34	-6	-32	-31	-19	-61	-47	-15	cell = 848 to 855
-34	1	35	-42	-2	-1	-28	-8	cell = 856 to 863
-54	-15	-12	4	-9	-18	-18	6	cell = 864 to 871
-11	8	-47	25	-31	-9	16	-22	cell = 872 to 879
-58	-36	-29	12	-4	-34	38	-29	cell = 880 to 887
-48	-14	-49	-47	-32	-10	-7	33	cell = 888 to 895
-55	-17	-60	7	-35	-27	-40	-23	cell = 896 to 903
-10	-41	-38	-29	-54	11	-38	-10	cell = 904 to 911
-25	-15	-11	-3	-9	-47	4	-57	cell = 912 to 919
4	-22	-33	-30	-9	0	-21	-35	cell = 920 to 927
-45	-38	-32	-19	-22	-11	-27	5	cell = 928 to 935
8	-58	-52	-50	5	-55	-62	21	cell = 936 to 943
-10	0	-41	-25	39	-27	-42	-25	cell = 944 to 951
-45	-23	-44	-10	-24	-10	-56	-46	cell = 952 to 959
8	-23	-31	-24	9	-3	5	-27	cell = 960 to 967
-21	-7	-18	14	-20	-24	-21	8	cell = 968 to 975
-4	-34	-51	-4	-6	-28	-58	3	cell = 976 to 983
-13	-44	-7	15	-2	-46	-16	-36	cell = 984 to 991
-19	-12	-60	-33	1	-11	-29	-18	cell = 992 to 999
-9	-8	-18	-13	-21	-15	-21	-8	cell = 1000 to 1007
-52	-29	-5	-15	-82	-48	-40	-27	cell = 1008 to 1015
29	-21	27	-12	-92	-41	-23	7	cell = 1016 to 1023
Calibration values from cell 0 to 1024 for channel 1:

46	-19	49	8	55	8	40	-30	cell = 0 to 7
62	-17	37	-55	25	-21	36	-35	cell = 8 to 15
3	10	58	-1	60	-6	0	-17	cell = 16 to 23
60	-24	67	-10	70	4	44	-16	cell = 24 to 31
17	50	22	-24	23	-6	31	10	cell = 32 to 39
41	3	28	-48	51	38	64	-43	cell = 40 to 47
67	-38	49	-11	8	-9	54	-37	cell = 48 to 55
52	-8	48	-4	43	-28	43	-20	cell = 56 to 63
42	-32	74	-30	47	-7	62	-13	cell = 64 to 71
52	5	75	-2	6	8	8	-21	cell = 72 to 79
27	0	6	-19	59	-5	25	14	cell = 80 to 87
70	18	65	9	13	-16	80	-19	cell = 88 to 95
3	-17	55	0	17	-27	20	-19	cell = 96 to 103
54	21	49	-9	40	3	59	19	cell = 104 to 111
34	17	36	12	7	-38	44	-15	cell = 112 to 119
56	-39	48	0	61	0	37	27	cell = 120 to 127
21	-4	54	-23	48	-20	86	7	cell = 128 to 135
39	-20	55	28	71	33	39	-16	cell = 136 to 143
56	17	-14	-17	3	7	57	-14	cell = 144 to 151
41	-35	64	-10	19	27	57	-23	cell = 152 to 159
37	-7	54	-19	10	7	45	-54	cell = 160 to 167
15	-30	48	-11	47	4	83	5	cell = 168 to 175
29	-40	66	-43	19	25	57	6	cell = 176 to 183
30	21	68	-12	66	-31	101	-4	cell = 184 to 191
23	15	22	-29	54	-3	19	-33	cell = 192 to 199
35	12	33	-11	60	-23	67	-33	cell = 200 to 207
73	-3	61	12	40	-3	71	-20	cell = 208 to 215
32	24	41	2	52	-45	43	7	cell = 216 to 223
26	-8	23	8	51	-24	48	-11	cell = 224 to 231
42	-20	80	-6	21	-8	60	-15	cell = 232 to 239
46	-22	64	-12	70	9	56	8	cell = 240 to 247
51	-4	23	18	39	-12	21	11	cell = 248 to 255
33	18	64	-8	8	-9	30	21	cell = 256 to 263
28	-23	46	-43	30	-48	38	-9	cell = 264 to 271
62	-42	46	0	41	-3	64	-31	cell = 272 to 279
46	7	73	-9	39	14	32	-34	cell = 280 to 287
71	14	35	-16	40	45	32	12	cell = 288 to 295
41	19	-2	-24	29	-1	46	-5	cell = 296 to 303
71	43	41	0	41	-14	33	-51	cell = 304 to 311
36	-4	96	-12	39	8	49	-19	cell = 312 to 319
28	10	39	-6	25	0	51	-28	cell = 320 to 327
20	-34	41	-12	43	9	69	-10	cell = 328 to 335
54	-24	39	-44	25	11	93	2	cell = 336 to 343
46	-8	18	21	49	-21	37	4	cell = 344 to 351
43	25	58	-12	27	14	60	8	cell = 352 to 359
17	9	64	-41	27	26	50	-9	cell = 360 to 367
61	-12	63	-11	44	-8	61	-11	cell = 368 to 375
42	6	44	4	25	-8	62	-18	cell = 376 to 383
36	-5	15	7	45	3	38	-5	cell = 384 to 391
26	15	60	4	18	-44	25	8	cell = 392 to 399
25	35	25	-9	42	26	46	-20	cell = 400 to 407
34	1	33	25	43	-24	53	16	cell = 408 to 415
25	-26	38	25	62	14	30	9	cell = 416 to 423
62	31	60	3	53	45	43	-8	cell = 424 to 431
0	0	91	-14	62	-6	15	23	cell = 432 to 439
38	-19	30	-23	29	50	62	-17	cell = 440 to 447
59	9	60	-9	17	27	50	11	cell = 448 to 455
52	20	75	-33	20	-7	44	-27	cell = 456 to 463
50	11	20	-12	11	17	48	12	cell = 464 to 471
7	35	54	-12	43	-1	6	-26	cell = 472 to 479
65	14	49	-14	77	3	-4	-37	cell = 480 to 487
44	2	25	-12	66	-46	73	-38	cell = 488 to 495
32	10	-17	-102	-25	-94	-16	-107	cell = 496 to 503
38	-24	46	9	74	27	54	-5	cell = 504 to 511
-22	-21	-30	-27	-16	-12	-49	-29	cell = 512 to 519
-44	-32	-6	-46	-16	-47	2	-54	cell = 520 to 527
3	-5	24	-47	-32	-8	-18	12	cell = 528 to 535
-22	-42	-50	-37	4	8	-8	-9	cell = 536 to 543
-16	-34	3	9	7	-14	-26	-13	cell = 544 to 551
-5	-21	-32	-25	-13	-16	10	-13	cell = 552 to 559
63	-26	-20	-27	10	-49	-34	-59	cell = 560 to 567
-12	-42	-52	-11	-2	-39	3	-33	cell = 568 to 575
-31	-34	-42	-4	-32	-17	0	-29	cell = 576 to 583
-42	-2	-38	25	-24	-21	-5	0	cell = 584 to 591
5	-54	-2	-16	17	-7	4	8	cell = 592 to 599
-27	-44	-46	-32	4	-14	4	-16	cell = 600 to 607
-10	-58	15	9	-19	-23	-38	-7	cell = 608 to 615
-33	5	-18	-43	-6	-20	-17	-13	cell = 616 to 623
-16	2	-5	18	-25	-22	-20	-16	cell = 624 to 631
-31	-33	-25	-24	-47	6	-28	-11	cell = 632 to 639
24	-23	-18	-2	-32	-23	-30	9	cell = 640 to 647
-29	2	-14	-49	-9	4	-14	-18	cell = 648 to 655
-15	-8	3	-8	-17	-9	-23	-6	cell = 656 to 663
-42	-50	-10	-12	-34	-11	-48	-48	cell = 664 to 671
-25	17	-24	-8	-13	-25	-36	-29	cell = 672 to 679
-21	-19	-12	-24	5	-27	0	-17	cell = 680 to 687
-47	-3	-52	-42	-19	-19	-37	-28	cell = 688 to 695
-14	0	-15	-20	-7	2	-41	-21	cell = 696 to 703
-15	-52	6	-9	-40	-5	-42	-9	cell = 704 to 711
-12	5	-13	-4	-39	-51	-34	6	cell = 712 to 719
-25	-32	-37	-25	-1	-31	-14	-5	cell = 720 to 727
-18	-16	6	-25	-45	-47	-39	-28	cell = 728 to 735
-24	-44	-59	-11	-11	-43	-3	26	cell = 736 to 743
-56	-10	-40	-39	-10	-13	-26	-37	cell = 744 to 751
9	20	-22	-11	8	5	-27	39	cell = 752 to 759
14	-18	-53	-19	-19	-33	-23	-43	cell = 760 to 767
-17	5	19	-47	39	-32	-31	-4	cell = 768 to 775
-35	-36	-51	-22	-35	13	-37	-8	cell = 776 to 783
-14	-32	-31	-4	-7	-38	-78	21	cell = 784 to 791
-29	-14	-18	-45	-22	3	-30	6	cell = 792 to 799
9	0	-12	-15	-24	-16	-63	23	cell = 800 to 807
4	-17	-30	-1	1	-46	-11	29	cell = 808 to 815
-10	-44	-10	-13	-16	3	-67	4	cell = 816 to 823
-39	-16	-7	-13	-45	-9	-31	-19	cell = 824 to 831
-7	-13	-9	9	-26	-45	-9	-30	cell = 832 to 839
-52	-31	55	0	-31	-25	-19	-14	cell = 840 to 847
11	-32	-5	-16	-24	-45	-45	-57	cell = 848 to 855
1	10	5	5	-9	-33	16	-25	cell = 856 to 863
-26	-13	-31	0	-31	-17	-33	-25	cell = 864 to 871
-15	-26	-25	36	-69	-48	11	-2	cell = 872 to 879
-20	4	-19	-23	-15	-35	-7	36	cell = 880 to 887
-39	-39	-11	1	-16	15	-58	5	cell = 888 to 895
-10	-27	-9	-38	-21	-35	-35	10	cell = 896 to 903
-49	-23	0	-6	-11	0	-22	11	cell = 904 to 911
-24	27	-37	-31	-24	15	4	1	cell = 912 to 919
0	-9	-55	-20	-5	-26	-44	-20	cell = 920 to 927
-14	5	8	-20	-9	-15	4	-24	cell = 928 to 935
-34	-16	-19	-56	-7	5	-35	-25	cell = 936 to 943
-37	-31	-39	-10	-17	10	-21	-30	cell = 944 to 951
28	-33	-47	14	-5	7	-42	0	cell = 952 to 959
-33	-20	-15	-42	-15	-56	-24	-33	cell = 960 to 967
-25	10	-31	-26	-21	-7	-27	-17	cell = 968 to 975
-7	-27	-46	-42	-16	-8	-36	-4	cell = 976 to 983
-44	-23	-25	-3	19	15	-23	-56	cell = 984 to 991
-30	-19	-59	-11	-3	22	-75	-31	cell = 992 to 999
-4	-17	-25	-26	-29	11	-17	-21	cell = 1000 to 1007
-69	-32	-54	-15	6	-34	-54	-36	cell = 1008 to 1015
-10	-11	4	-29	-1	29	-54	-5	cell = 1016 to 1023
Calibration values from cell 0 to 1024 for channel 2:

43	-9	53	10	63	-17	1	-12	cell = 0 to 7
56	-18	29	-4	31	-11	71	7	cell = 8 to 15
25	3	10	23	40	-3	57	-38	cell = 16 to 23
25	0	43	0	48	29	42	-9	cell = 24 to 31
20	0	23	-15	49	-17	54	17	cell = 32 to 39
53	14	63	-17	26	-4	37	-2	cell = 40 to 47
31	-20	31	-8	38	-31	72	-8	cell = 48 to 55
43	-31	15	-8	39	-3	94	9	cell = 56 to 63
37	-3	45	10	13	-3	39	-44	cell = 64 to 71
62	0	1	17	-8	0	43	-29	cell = 72 to 79
31	12	59	-9	40	0	56	-12	cell = 80 to 87
40	25	55	7	50	27	68	-31	cell = 88 to 95
60	4	36	-12	30	13	33	-24	cell = 96 to 103
37	-22	33	31	52	11	75	-43	cell = 104 to 111
66	-11	48	-27	19	53	52	24	cell = 112 to 119
32	11	12	-20	44	-3	76	12	cell = 120 to 127
38	7	28	-21	29	-10	24	-20	cell = 128 to 135
51	-11	45	7	28	-4	33	-3	cell = 136 to 143
81	-3	30	-34	-5	21	59	-22	cell = 144 to 151
39	0	75	-24	46	14	47	3	cell = 152 to 159
47	9	33	-8	48	-2	68	13	cell = 160 to 167
41	-40	57	2	40	-11	25	-19	cell = 168 to 175
48	-19	30	-57	84	30	6	-7	cell = 176 to 183
11	-6	62	-12	46	-13	75	16	cell = 184 to 191
64	-31	69	0	10	-2	18	-25	cell = 192 to 199
48	10	41	20	74	14	73	-47	cell = 200 to 207
34	10	46	16	38	1	59	7	cell = 208 to 215
18	-30	3	-31	45	-20	40	1	cell = 216 to 223
40	-31	28	-24	45	6	22	-17	cell = 224 to 231
84	11	44	27	-2	-5	56	-1	cell = 232 to 239
68	-4	41	-19	27	-13	80	-13	cell = 240 to 247
42	-30	60	-7	33	5	41	-50	cell = 248 to 255
51	-5	38	-2	47	-6	17	-15	cell = 256 to 263
20	17	64	23	35	5	14	4	cell = 264 to 271
36	-20	70	-5	67	-7	38	-23	cell = 272 to 279
56	-11	47	5	29	27	74	-43	cell = 280 to 287
45	-20	55	4	71	-5	84	23	cell = 288 to 295
36	7	66	8	59	-9	32	-24	cell = 296 to 303
19	-22	55	-4	0	-3	18	-21	cell = 304 to 311
41	-2	76	35	43	-25	51	-4	cell = 312 to 319
65	-6	9	-21	51	20	43	-23	cell = 320 to 327
14	-20	51	-38	7	-24	53	-19	cell = 328 to 335
30	-10	13	-20	55	-11	42	-3	cell = 336 to 343
47	9	55	-36	38	-19	58	0	cell = 344 to 351
44	14	49	11	24	14	25	39	cell = 352 to 359
72	-15	29	-13	-5	24	32	-10	cell = 360 to 367
48	5	71	-23	29	28	50	-14	cell = 368 to 375
53	27	49	-32	0	-19	46	-15	cell = 376 to 383
7	-13	38	-29	15	15	13	-20	cell = 384 to 391
38	-23	72	-5	43	-6	46	-32	cell = 392 to 399
5	-3	38	-2	35	24	3	18	cell = 400 to 407
35	14	75	-33	78	-14	14	-10	cell = 408 to 415
85	5	20	-20	38	19	18	5	cell = 416 to 423
54	25	49	12	26	-22	39	-31	cell = 424 to 431
48	-13	89	-21	40	-14	48	-26	cell = 432 to 439
29	-15	41	-8	63	20	25	14	cell = 440 to 447
59	-26	94	-2	33	19	53	-16	cell = 448 to 455
48	-5	44	3	12	0	44	-2	cell = 456 to 463
42	-26	44	36	25	29	73	14	cell = 464 to 471
50	28	38	4	39	-20	13	7	cell = 472 to 479
33	17	29	-14	15	-14	66	-28	cell = 480 to 487
49	-6	30	18	51	21	45	-7	cell = 488 to 495
28	16	-24	-89	-47	-100	-17	-45	cell = 496 to 503
70	8	74	-49	42	-9	90	-2	cell = 504 to 511
-50	-9	-5	-23	8	-13	1	-2	cell = 512 to 519
-22	-3	-16	0	-57	-5	-18	-18	cell = 520 to 527
-9	-33	-14	-5	-28	-37	-57	6	cell = 528 to 535
-3	-14	-37	-25	-21	-13	-27	-41	cell = 536 to 543
-49	6	-51	-1	1	-8	-4	-12	cell = 544 to 551
1	-15	-13	-9	-13	-14	-25	-35	cell = 552 to 559
-40	-8	11	-9	-7	-47	9	-41	cell = 560 to 567
-12	-31	-38	-10	-20	-38	-19	8	cell = 568 to 575
-49	1	-36	-25	27	-31	-23	-8	cell = 576 to 583
-20	18	-41	-25	-18	-21	-38	-21	cell = 584 to 591
-12	-22	-1	-45	16	-20	30	-33	cell = 592 to 599
27	-4	-66	-6	2	-21	4	-16	cell = 600 to 607
-14	-13	-63	28	-5	-14	-7	-6	cell = 608 to 615
1	22	-52	-52	-26	-16	-16	-13	cell = 616 to 623
-23	-39	-15	-40	4	-13	18	11	cell = 624 to 631
-36	-8	-37	-39	-21	-9	-48	-17	cell = 632 to 639
-54	-76	-16	5	-16	-40	-28	-19	cell = 640 to 647
-35	-25	-38	-28	-16	17	-12	-18	cell = 648 to 655
1	-35	-13	-21	-3	-51	-9	-36	cell = 656 to 663
9	-32	12	7	-20	-55	-50	4	cell = 664 to 671
-16	-46	-19	-79	-47	-8	-22	-9	cell = 672 to 679
-15	-4	1	16	-32	-11	-4	18	cell = 680 to 687
3	-9	-14	-24	3	16	-56	-12	cell = 688 to 695
36	-13	-30	-33	18	-27	-5	-22	cell = 696 to 703
-44	26	-65	-28	-45	-69	-26	17	cell = 704 to 711
-28	-45	-19	-19	30	-8	9	-26	cell = 712 to 719
-33	-21	-53	3	-19	-22	-40	-12	cell = 720 to 727
-37	9	-18	-35	6	-35	-19	-30	cell = 728 to 735
-31	-15	-12	-24	-3	3	-9	-51	cell = 736 to 743
-40	-47	-8	-36	-21	-23	-9	-29	cell = 744 to 751
-56	-39	-14	-32	2	-2	-12	-3	cell = 752 to 759
-22	-2	-44	-11	-9	7	-15	22	cell = 760 to 767
-33	-55	-51	20	-18	-52	-11	13	cell = 768 to 775
-3	-37	-17	18	-8	1	-37	22	cell = 776 to 783
-28	-3	-10	-25	-22	13	-18	-30	cell = 784 to 791
-23	-7	-29	6	10	-9	-27	-51	cell = 792 to 799
-1	21	-23	-14	-7	-25	1	-5	cell = 800 to 807
-23	-4	9	-20	-24	-31	-32	-7	cell = 808 to 815
-14	-38	-33	4	-9	-29	-16	-14	cell = 816 to 823
3	-14	-18	11	-44	-20	-30	-35	cell = 824 to 831
-5	4	-61	-38	19	-21	-17	13	cell = 832 to 839
-38	-4	0	-34	14	-3	-37	-32	cell = 840 to 847
-9	-9	-26	-30	-38	25	-66	-36	cell = 848 to 855
-35	4	-40	-38	-46	-19	-20	-18	cell = 856 to 863
-46	-35	-23	-23	-39	-6	-48	-9	cell = 864 to 871
2	-24	-2	-14	-25	0	-6	-23	cell = 872 to 879
-13	18	-23	0	-33	-20	5	-46	cell = 880 to 887
-43	40	-27	1	4	-59	-37	-18	cell = 888 to 895
14	-21	-24	-24	2	-5	-54	-12	cell = 896 to 903
-17	-44	-45	1	-28	-78	-35	-18	cell = 904 to 911
11	-31	-34	-34	-6	-14	-38	-22	cell = 912 to 919
-2	-19	-13	-8	-10	5	22	37	cell = 920 to 927
5	-30	-10	-9	-33	-8	-2	-20	cell = 928 to 935
31	-27	-12	-19	-32	16	-9	-1	cell = 936 to 943
-7	8	-32	-44	-31	-2	-3	-13	cell = 944 to 951
-52	-9	-8	-27	-52	0	-26	-32	cell = 952 to 959
-13	-11	5	0	7	-64	-60	-48	cell = 960 to 967
-28	-34	-56	19	-12	-55	-22	-38	cell = 968 to 975
-4	-29	-41	-11	-8	-41	-33	-23	cell = 976 to 983
2	-10	-27	-53	-61	-46	14	-32	cell = 984 to 991
-18	3	-1	21	-7	-12	-3	-49	cell = 992 to 999
-63	-31	-2	-29	-17	-65	-37	-44	cell = 1000 to 1007
-8	-9	-32	-41	-63	-24	-9	5	cell = 1008 to 1015
21	13	22	-47	-30	-30	-44	-21	cell = 1016 to 1023
Calibration values from cell 0 to 1024 for channel 3:

57	-17	19	-40	12	0	1	-7	cell = 0 to 7
44	-12	-5	-36	58	3	44	-31	cell = 8 to 15
50	-26	43	-16	98	-44	39	-27	cell = 16 to 23
58	-15	26	-35	43	6	61	7	cell = 24 to 31
80	19	38	-13	60	-12	22	-28	cell = 32 to 39
36	-29	57	33	50	24	40	-27	cell = 40 to 47
36	-14	40	-8	-4	-6	57	12	cell = 48 to 55
60	-28	42	-17	21	-22	19	-25	cell = 56 to 63
55	31	44	-14	11	-33	19	-10	cell = 64 to 71
62	-3	33	-32	58	-12	35	2	cell = 72 to 79
58	39	54	-14	33	-47	37	-9	cell = 80 to 87
59	-6	41	-2	29	-19	41	-18	cell = 88 to 95
47	9	37	9	59	4	71	28	cell = 96 to 103
22	10	59	7	0	27	58	-20	cell = 104 to 111
50	-24	32	-3	67	11	-4	-23	cell = 112 to 119
39	-35	56	-12	30	0	46	1	cell = 120 to 127
32	4	42	2	7	-20	32	0	cell = 128 to 135
55	-26	75	3	30	-23	79	-1	cell = 136 to 143
54	-39	21	-20	55	-4	67	-47	cell = 144 to 151
41	-12	34	6	28	-11	26	-9	cell = 152 to 159
4	23	-7	-49	30	13	67	32	cell = 160 to 167
69	-27	34	3	61	-20	57	-41	cell = 168 to 175
50	1	74	-8	47	-50	14	-14	cell = 176 to 183
49	-13	45	18	34	25	43	-32	cell = 184 to 191
51	-10	20	-20	49	-17	35	0	cell = 192 to 199
47	-15	17	3	60	-50	76	17	cell = 200 to 207
73	-9	35	-20	32	-24	0	-6	cell = 208 to 215
28	-22	57	3	70	18	20	-24	cell = 216 to 223
29	15	42	-5	43	-27	33	-5	cell = 224 to 231
63	-14	27	1	36	-5	32	-15	cell = 232 to 239
33	-9	65	-52	49	-36	61	1	cell = 240 to 247
24	-24	83	25	75	-10	65	-4	cell = 248 to 255
40	-20	44	-5	45	1	32	-16	cell = 256 to 263
5	26	8	12	35	-12	41	-4	cell = 264 to 271
31	0	29	0	37	-31	74	0	cell = 272 to 279
7	2	40	-23	39	17	41	-10	cell = 280 to 287
31	2	27	-16	47	2	66	4	cell = 288 to 295
78	20	43	-2	11	-31	48	28	cell = 296 to 303
57	3	25	-3	39	18	89	22	cell = 304 to 311
19	0	36	-7	28	9	47	5	cell = 312 to 319
80	-26	60	-8	21	-41	36	-11	cell = 320 to 327
46	-11	54	-8	43	14	29	-4	cell = 328 to 335
50	40	16	-79	40	-12	36	-26	cell = 336 to 343
44	36	34	-27	68	-30	67	-44	cell = 344 to 351
46	-26	18	-35	45	5	72	-8	cell = 352 to 359
28	-2	37	-36	50	-23	53	0	cell = 360 to 367
56	0	52	-20	34	13	30	0	cell = 368 to 375
26	16	36	-37	42	-34	15	17	cell = 376 to 383
29	31	89	5	11	-10	66	-21	cell = 384 to 391
44	-2	14	-18	20	-23	21	-11	cell = 392 to 399
73	-6	59	2	90	5	92	-6	cell = 400 to 407
36	-5	49	-1	42	-5	2	32	cell = 408 to 415
24	15	30	-23	26	26	42	-60	cell = 416 to 423
74	3	27	2	34	8	50	-24	cell = 424 to 431
32	-3	92	-3	53	2	50	-11	cell = 432 to 439
46	-6	43	12	32	-4	61	-17	cell = 440 to 447
47	-6	38	-17	23	2	35	-6	cell = 448 to 455
37	-44	61	-36	30	-29	28	-7	cell = 456 to 463
60	43	16	6	75	17	30	8	cell = 464 to 471
45	-53	7	-4	57	-10	11	-12	cell = 472 to 479
52	6	71	-30	14	-5	18	15	cell = 480 to 487
23	38	74	37	59	-37	34	0	cell = 488 to 495
41	-8	-34	-89	-47	-80	-19	-81	cell = 496 to 503
44	4	54	0	42	-25	35	0	cell = 504 to 511
-24	-5	-49	-11	-45	-30	0	-13	cell = 512 to 519
-21	-19	-10	13	-37	-25	1	-16	cell = 520 to 527
-8	-62	-14	-34	4	-2	-14	-22	cell = 528 to 535
-4	-17	-8	-34	-8	14	0	-29	cell = 536 to 543
-7	-32	-14	-16	-8	1	-50	-19	cell = 544 to 551
19	-10	-14	-6	8	7	-21	-8	cell = 552 to 559
-4	-20	-39	-15	-22	20	-8	-45	cell = 560 to 567
-55	-11	0	-39	11	-38	-30	2	cell = 568 to 575
-9	-54	27	-50	-39	-16	-9	21	cell = 576 to 583
-27	-21	7	-10	-35	-6	-19	-11	cell = 584 to 591
41	-13	4	-20	-7	3	-2	22	cell = 592 to 599
-14	-27	6	-46	14	-29	-60	-14	cell = 600 to 607
-7	-54	-21	-26	-5	-58	-6	-35	cell = 608 to 615
26	-15	-28	-2	-25	-13	-20	-13	cell = 616 to 623
-14	-51	3	-57	-8	-41	5	-7	cell = 624 to 631
-22	8	-18	-8	-23	-22	-18	-33	cell = 632 to 639
-26	-41	-32	-10	-24	12	-30	-13	cell = 640 to 647
27	-8	-9	-56	-55	-28	5	-37	cell = 648 to 655
-6	-6	3	8	-4	-13	-20	-31	cell = 656 to 663
-13	-19	-7	-11	38	-11	21	-46	cell = 664 to 671
-4	1	-1	-26	-4	15	25	-47	cell = 672 to 679
-26	-9	-48	3	-12	-49	2	-24	cell = 680 to 687
-32	-2	-12	-6	-8	-9	-28	-54	cell = 688 to 695
-30	-42	-16	33	-13	-39	-23	-11	cell = 696 to 703
-37	-31	-37	5	-8	-5	-35	-41	cell = 704 to 711
-13	-13	4	0	14	-65	-22	-1	cell = 712 to 719
-20	-32	-69	2	-9	-35	-24	-14	cell = 720 to 727
15	-10	8	-8	-6	-5	-25	-63	cell = 728 to 735
2	-30	-17	-45	3	11	-30	-11	cell = 736 to 743
27	-33	-7	-26	-36	-22	-49	-56	cell = 744 to 751
-12	-15	-10	13	-25	-14	-50	0	cell = 752 to 759
21	-12	-12	14	-47	-31	4	26	cell = 760 to 767
-9	-2	-53	9	-37	-15	-14	16	cell = 768 to 775
7	-30	-23	3	10	-29	-24	28	cell = 776 to 783
-34	-49	-20	-31	19	-53	-33	-15	cell = 784 to 791
-48	-37	-8	0	2	-44	-17	9	cell = 792 to 799
-2	14	-30	19	-71	-11	-46	7	cell = 800 to 807
4	-36	-6	-16	-8	27	-30	6	cell = 808 to 815
3	-77	-24	-52	-26	-18	3	-29	cell = 816 to 823
-45	4	-35	1	14	-28	-82	-30	cell = 824 to 831
-19	-28	-23	-29	0	-68	-37	-24	cell = 832 to 839
-28	-50	-37	-16	-40	-20	-50	17	cell = 840 to 847
-11	2	7	20	11	-1	-8	-13	cell = 848 to 855
-6	-16	9	10	3	-55	17	6	cell = 856 to 863
-30	-2	-50	-50	-58	-16	2	-18	cell = 864 to 871
10	3	2	-39	-9	-75	-31	-43	cell = 872 to 879
-18	1	-33	-34	-3	-11	-17	-21	cell = 880 to 887
-9	-27	-11	-46	-37	5	33	-19	cell = 888 to 895
-21	-35	-23	-35	5	43	-36	-5	cell = 896 to 903
-27	-31	6	-23	-16	22	-5	-21	cell = 904 to 911
23	-3	-17	-30	-45	-10	-4	2	cell = 912 to 919
-27	-10	17	-40	13	-22	-24	-30	cell = 920 to 927
-57	-38	-20	-32	-8	-39	-24	-23	cell = 928 to 935
17	4	19	-15	-21	-33	-12	-3	cell = 936 to 943
13	-38	12	-8	-5	-45	9	5	cell = 944 to 951
-39	-32	-27	-15	-24	-30	-40	-14	cell = 952 to 959
-16	13	-12	-39	-15	15	-6	-50	cell = 960 to 967
-25	-10	-2	-35	5	-35	-61	8	cell = 968 to 975
-18	-11	8	-31	-50	5	-47	-39	cell = 976 to 983
2	-5	-35	-22	-2	-3	-38	54	cell = 984 to 991
-45	-9	-31	-20	14	-11	2	-19	cell = 992 to 999
-27	-30	3	-9	-44	-37	-44	-58	cell = 1000 to 1007
4	-38	-35	-28	-35	-3	-26	-16	cell = 1008 to 1015
-34	-52	-37	-42	-10	-41	-51	-10	cell = 1016 to 1023
Calibration values from cell 0 to 1024 for channel 4:

44	7	48	-2	32	-35	49	-63	cell = 0 to 7
40	-10	54	-44	77	33	34	-29	cell = 8 to 15
28	-44	52	-13	44	-25	54	25	cell = 16 to 23
40	-29	29	-24	64	-6	66	-10	cell = 24 to 31
52	-2	32	-43	31	10	32	-30	cell = 32 to 39
84	2	46	24	73	-1	66	-26	cell = 40 to 47
50	-3	59	6	57	-31	32	-68	cell = 48 to 55
14	9	61	-23	41	-21	52	-10	cell = 56 to 63
69	9	38	-7	25	-23	25	-21	cell = 64 to 71
60	-14	45	-28	50	12	27	3	cell = 72 to 79
43	2	68	-34	38	29	86	-12	cell = 80 to 87
43	-18	61	1	53	7	47	-23	cell = 88 to 95
44	-5	13	-11	64	11	87	-10	cell = 96 to 103
53	-16	26	-29	55	-5	49	-23	cell = 104 to 111
51	0	40	26	25	4	48	21	cell = 112 to 119
36	13	47	8	40	3	76	-9	cell = 120 to 127
57	-19	56	-29	39	-7	62	0	cell = 128 to 135
29	11	50	-7	35	-12	69	20	cell = 136 to 143
50	23	61	13	64	-53	53	-29	cell = 144 to 151
51	-7	55	-8	49	13	26	-25	cell = 152 to 159
52	-11	70	11	83	-1	69	-25	cell = 160 to 167
77	7	43	-26	36	-17	68	-19	cell = 168 to 175
32	-17	10	-18	30	13	39	-39	cell = 176 to 183
34	-9	49	-33	50	25	60	-41	cell = 184 to 191
57	21	60	2	46	0	54	-58	cell = 192 to 199
11	7	70	-1	75	-32	-2	10	cell = 200 to 207
51	12	53	-15	62	5	42	-5	cell = 208 to 215
51	-19	39	-12	34	27	42	-24	cell = 216 to 223
44	10	37	-23	-2	-21	41	-32	cell = 224 to 231
19	25	66	1	43	-9	45	-2	cell = 232 to 239
44	-34	63	-9	44	4	47	-30	cell = 240 to 247
44	-21	24	-24	60	20	31	-16	cell = 248 to 255
39	0	21	-9	48	-33	17	-23	cell = 256 to 263
45	-12	11	7	38	-17	15	0	cell = 264 to 271
57	19	44	-25	50	12	47	-30	cell = 272 to 279
59	3	79	-4	25	5	34	-17	cell = 280 to 287
42	0	48	-1	42	-20	76	10	cell = 288 to 295
35	-12	28	-19	17	10	76	-11	cell = 296 to 303
67	5	45	12	30	-6	45	-32	cell = 304 to 311
23	16	48	4	36	-30	75	8	cell = 312 to 319
14	-7	43	-3	59	15	52	-2	cell = 320 to 327
42	-1	32	-24	59	45	63	-24	cell = 328 to 335
68	-14	69	4	54	-10	52	1	cell = 336 to 343
45	18	55	-5	41	-21	48	0	cell = 344 to 351
40	16	21	-26	46	-23	77	1	cell = 352 to 359
6	-24	21	6	6	4	79	9	cell = 360 to 367
63	-23	41	-12	5	-7	18	4	cell = 368 to 375
63	36	39	-10	52	-36	33	-62	cell = 376 to 383
68	1	54	-17	26	8	44	5	cell = 384 to 391
55	-7	31	-28	32	1	76	-33	cell = 392 to 399
22	11	-5	-1	68	49	60	13	cell = 400 to 407
74	-3	44	21	53	9	41	5	cell = 408 to 415
45	36	45	-37	16	4	47	25	cell = 416 to 423
16	-32	70	-2	62	11	50	-12	cell = 424 to 431
-4	9	55	-31	20	0	53	-48	cell = 432 to 439
43	-14	25	-32	27	-7	72	-14	cell = 440 to 447
47	12	55	10	37	10	21	2	cell = 448 to 455
18	15	67	-23	43	17	55	2	cell = 456 to 463
27	1	58	1	62	5	53	-11	cell = 464 to 471
60	-6	22	-20	44	-11	50	3	cell = 472 to 479
33	-33	23	-34	64	16	44	-11	cell = 480 to 487
33	-23	47	-13	16	-7	42	-22	cell = 488 to 495
30	-14	4	-110	-59	-88	-17	-103	cell = 496 to 503
32	7	45	-14	25	6	58	-15	cell = 504 to 511
-28	-60	-19	-46	-7	-38	-1	-14	cell = 512 to 519
-26	-51	-55	-9	-13	-7	19	31	cell = 520 to 527
4	-51	-43	3	-58	-8	-38	-21	cell = 528 to 535
-20	-23	-66	-26	-3	-55	-9	-20	cell = 536 to 543
-26	-32	-13	-23	-19	48	-51	-35	cell = 544 to 551
-3	-28	-27	32	17	1	-30	-56	cell = 552 to 559
4	35	-51	9	-25	-23	-11	-12	cell = 560 to 567
-48	-70	4	-19	-39	-9	-51	-2	cell = 568 to 575
-36	-34	0	-57	-11	-17	-27	-24	cell = 576 to 583
-13	-29	-29	-16	-46	-37	-4	-66	cell = 584 to 591
-35	-8	-30	-15	-61	-26	-21	12	cell = 592 to 599
24	-42	-23	-4	-45	-32	6	-16	cell = 600 to 607
-12	-25	-32	-33	-51	-10	3	-18	cell = 608 to 615
-12	-45	8	24	-1	-55	8	-45	cell = 616 to 623
-27	24	-27	-14	-13	-41	-25	-11	cell = 624 to 631
3	-24	3	-6	-10	-10	-27	-13	cell = 632 to 639
-3	-30	-25	-11	8	7	-5	0	cell = 640 to 647
-21	-54	-27	-11	21	-22	-18	-13	cell = 648 to 655
25	-6	-24	37	-11	-35	-1	-32	cell = 656 to 663
3	-8	-35	12	-16	-6	-35	32	cell = 664 to 671
-75	-27	-10	-9	13	-41	-30	-17	cell = 672 to 679
-37	-6	-28	-3	26	-41	0	-34	cell = 680 to 687
-18	-12	-3	15	20	-27	-3	-14	cell = 688 to 695
11	-17	11	-6	-44	-29	-58	-2	cell = 696 to 703
14	-22	-47	-18	-2	-43	-2	-28	cell = 704 to 711
-27	-38	1	-49	-23	-37	18	-14	cell = 712 to 719
-25	-50	43	-25	-27	-42	-35	-26	cell = 720 to 727
16	-21	-4	19	-26	-17	-32	-9	cell = 728 to 735
-7	-15	-22	-39	15	1	-11	-31	cell = 736 to 743
-18	6	2	-23	25	-13	-58	-10	cell = 744 to 751
-10	16	3	-51	-28	-21	-18	-9	cell = 752 to 759
-31	7	-28	-44	-24	-14	3	-7	cell = 760 to 767
1	-41	6	-16	-24	-29	-6	-42	cell = 768 to 775
-37	-6	-19	-28	-40	-20	-16	-35	cell = 776 to 783
0	-36	-29	-37	14	-22	-38	-31	cell = 784 to 791
36	-21	-47	-36	-30	24	-29	-13	cell = 792 to 799
-14	-6	-23	-29	0	-26	-40	-34	cell = 800 to 807
-5	-24	-20	-45	-7	-54	-56	-29	cell = 808 to 815
3	-38	-15	-25	36	-36	-45	-51	cell = 816 to 823
-32	-28	-13	-25	-10	-6	-20	-24	cell = 824 to 831
-22	-64	-16	-43	-7	0	-29	29	cell = 832 to 839
-51	7	-13	-15	-9	-14	-17	-46	cell = 840 to 847
-23	-25	10	-11	-35	-31	-49	-19	cell = 848 to 855
-24	-29	-38	-15	11	-33	-21	-2	cell = 856 to 863
-9	-8	-2	-19	-49	-46	8	-26	cell = 864 to 871
-15	-26	-24	-25	-14	-32	-14	4	cell = 872 to 879
8	4	-13	-11	3	10	8	-28	cell = 880 to 887
-6	-16	-31	2	-12	-32	-2	-32	cell = 888 to 895
-45	-5	11	-15	21	-9	-55	-16	cell = 896 to 903
-45	18	13	31	-11	-40	-5	-21	cell = 904 to 911
9	4	0	10	-45	-23	-55	-11	cell = 912 to 919
-6	13	4	-49	-20	8	-2	-18	cell = 920 to 927
-51	-55	-18	-7	-7	-31	-11	-62	cell = 928 to 935
3	-26	-18	-13	-8	-17	-22	-55	cell = 936 to 943
-2	-16	-13	-25	-30	1	-19	-17	cell = 944 to 951
-24	-33	-33	-36	3	-67	-57	-2	cell = 952 to 959
-19	-12	-31	-4	-20	-54	-51	-52	cell = 960 to 967
-21	1	-57	-70	20	-27	-42	-23	cell = 968 to 975
-29	-14	-32	-5	19	-63	-32	-37	cell = 976 to 983
3	-13	-28	-30	4	-48	-2	-43	cell = 984 to 991
19	-12	-5	-38	3	-7	-61	1	cell = 992 to 999
-32	28	11	-6	0	-6	-17	-50	cell = 1000 to 1007
16	2	-12	-58	6	-46	14	-22	cell = 1008 to 1015
-46	-47	-4	-19	-48	-39	3	-38	cell = 1016 to 1023
Calibration values from cell 0 to 1024 for channel 5:

47	26	26	-24	40	-27	47	-19	cell = 0 to 7
24	-6	41	-1	52	32	67	-25	cell = 8 to 15
31	-24	13	-13	42	-36	28	-29	cell = 16 to 23
50	2	73	12	27	-23	28	-53	cell = 24 to 31
93	-11	51	1	34	33	36	7	cell = 32 to 39
50	-7	53	-21	26	-11	38	24	cell = 40 to 47
65	43	55	12	41	-32	73	5	cell = 48 to 55
52	-24	30	28	41	11	-2	0	cell = 56 to 63
2	-16	37	-34	33	-23	38	-36	cell = 64 to 71
38	23	59	-9	67	0	41	4	cell = 72 to 79
17	5	57	-4	12	-17	38	-26	cell = 80 to 87
64	-16	30	-9	27	-22	9	29	cell = 88 to 95
49	-5	59	-45	46	-42	51	-42	cell = 96 to 103
4	-35	68	2	47	37	42	-11	cell = 104 to 111
42	-22	27	-14	62	-15	13	5	cell = 112 to 119
53	30	76	-43	55	3	13	-61	cell = 120 to 127
19	-52	51	-29	17	-49	43	31	cell = 128 to 135
51	16	47	-19	31	9	45	-6	cell = 136 to 143
43	-26	7	-27	39	1	70	-18	cell = 144 to 151
48	38	39	18	44	-7	11	-19	cell = 152 to 159
68	30	38	-42	64	3	60	-8	cell = 160 to 167
66	-20	37	-28	30	-14	49	-48	cell = 168 to 175
12	10	77	0	12	15	61	-15	cell = 176 to 183
46	-18	58	-22	22	-37	57	-32	cell = 184 to 191
86	-38	14	-47	23	25	23	-4	cell = 192 to 199
27	-19	60	-36	-10	-8	46	-40	cell = 200 to 207
18	-22	27	-29	41	13	57	-37	cell = 208 to 215
33	-11	80	-29	25	6	9	0	cell = 216 to 223
65	-30	28	-34	12	1	22	-46	cell = 224 to 231
55	-2	47	-7	87	-17	40	-9	cell = 232 to 239
23	-36	62	-20	72	6	25	2	cell = 240 to 247
63	19	50	-38	22	23	30	6	cell = 248 to 255
70	-14	30	-16	44	5	60	-4	cell = 256 to 263
33	-36	17	-31	45	-6	44	-43	cell = 264 to 271
33	0	61	-7	24	-11	64	17	cell = 272 to 279
42	15	50	-15	54	-16	19	-11	cell = 280 to 287
55	-4	10	-19	60	12	60	-22	cell = 288 to 295
23	-31	61	3	80	-36	67	-31	cell = 296 to 303
52	-13	71	-49	81	3	69	16	cell = 304 to 311
19	5	66	-25	42	-3	30	-20	cell = 312 to 319
29	-21	64	-24	29	-37	70	10	cell = 320 to 327
22	44	18	-15	43	-4	42	-29	cell = 328 to 335
54	-33	32	-21	21	-65	42	-17	cell = 336 to 343
54	-4	51	13	52	-47	43	-21	cell = 344 to 351
60	-38	48	-7	17	-34	53	-5	cell = 352 to 359
27	-25	44	0	78	-16	61	11	cell = 360 to 367
36	-1	85	-19	39	24	19	-13	cell = 368 to 375
48	13	36	-4	42	26	14	2	cell = 376 to 383
59	-13	43	2	24	23	50	-3	cell = 384 to 391
78	-41	20	-23	42	13	46	18	cell = 392 to 399
33	-9	68	11	39	11	71	16	cell = 400 to 407
12	25	52	-24	70	-23	68	9	cell = 408 to 415
32	8	68	-10	83	34	54	-24	cell = 416 to 423
43	-10	51	-12	47	7	32	-23	cell = 424 to 431
1	-47	88	23	35	-13	46	19	cell = 432 to 439
42	-17	55	28	20	-25	45	-25	cell = 440 to 447
17	-22	78	-17	45	-35	50	-2	cell = 448 to 455
15	-4	58	7	61	16	13	-10	cell = 456 to 463
38	28	38	50	46	-1	82	-28	cell = 464 to 471
52	-39	83	-35	46	-3	64	-41	cell = 472 to 479
18	2	19	2	32	-29	46	-6	cell = 480 to 487
74	-16	56	-50	33	-15	54	14	cell = 488 to 495
63	7	-10	-74	-6	-88	-39	-73	cell = 496 to 503
35	-22	16	-8	76	13	40	-21	cell = 504 to 511
9	-29	17	-4	-60	-13	13	7	cell = 512 to 519
-18	-14	-43	-59	7	-26	-60	10	cell = 520 to 527
-18	-5	-37	-18	-21	-47	-24	-56	cell = 528 to 535
-51	-44	10	-2	-6	-27	-51	-43	cell = 536 to 543
-53	-34	-13	-16	-7	-2	-49	-27	cell = 544 to 551
-30	-4	-26	-20	-24	-12	-16	-23	cell = 552 to 559
2	-31	-28	-20	-18	-30	-18	-6	cell = 560 to 567
-29	-68	-15	1	-30	-35	-43	24	cell = 568 to 575
3	-25	-56	-5	-34	-25	-26	7	cell = 576 to 583
-12	-8	-26	-17	-7	4	-7	-15	cell = 584 to 591
-14	-31	-28	-65	2	-29	-48	-8	cell = 592 to 599
24	-8	-3	-25	-23	-14	-55	-29	cell = 600 to 607
-15	-23	-23	-29	-4	-5	-20	-16	cell = 608 to 615
-24	-25	21	-5	-11	-22	-38	-29	cell = 616 to 623
-39	-15	-34	-36	-15	-31	-28	3	cell = 624 to 631
25	-17	-3	-5	-36	18	0	-9	cell = 632 to 639
-7	-48	9	-52	3	-45	-27	-27	cell = 640 to 647
6	-30	-55	-21	-34	-34	-3	-34	cell = 648 to 655
0	-8	-20	-24	29	0	-38	-16	cell = 656 to 663
30	-19	-38	0	-6	-32	-23	2	cell = 664 to 671
-42	-30	-4	34	-65	-18	-37	-16	cell = 672 to 679
-7	-46	-32	20	-33	-27	-34	5	cell = 680 to 687
-38	-67	-13	-25	-7	-5	-1	-22	cell = 688 to 695
21	-13	-72	-25	4	-26	-48	-12	cell = 696 to 703
-13	8	-20	-10	-5	-6	-14	9	cell = 704 to 711
-11	-14	-29	5	-38	-45	-6	-43	cell = 712 to 719
-49	30	-38	20	13	-7	2	9	cell = 720 to 727
2	1	-7	4	-19	-18	-5	-26	cell = 728 to 735
-21	-57	8	18	-24	-9	-55	27	cell = 736 to 743
-14	4	-2	-7	-17	18	-16	-11	cell = 744 to 751
44	-34	-42	-17	-25	-37	1	-14	cell = 752 to 759
-8	-3	-41	-9	-25	-11	-46	-22	cell = 760 to 767
-8	-21	-6	0	19	-27	-36	-34	cell = 768 to 775
23	-62	-9	-27	-24	-22	-51	5	cell = 776 to 783
-5	-20	3	-20	1	-15	-14	0	cell = 784 to 791
-12	-6	-17	16	-32	-9	-28	4	cell = 792 to 799
-13	-39	11	2	-28	-50	-7	1	cell = 800 to 807
-15	-59	-22	-51	-12	-28	29	-25	cell = 808 to 815
23	-23	-36	-16	-33	-13	-19	3	cell = 816 to 823
-35	-21	-49	-34	-15	-33	22	-30	cell = 824 to 831
14	-21	-16	5	-26	3	-37	-16	cell = 832 to 839
5	-31	-9	-4	-8	9	-27	-2	cell = 840 to 847
10	-51	-4	3	12	-16	-23	-36	cell = 848 to 855
-13	7	-18	-27	-48	1	-48	28	cell = 856 to 863
12	-29	22	-15	-3	-19	-11	16	cell = 864 to 871
-23	-31	-48	-36	-10	-10	-21	-31	cell = 872 to 879
-39	-44	28	-40	0	-26	-43	3	cell = 880 to 887
-10	-12	-9	-17	-15	-14	12	-28	cell = 888 to 895
-6	-17	-17	-50	-9	0	-23	-67	cell = 896 to 903
-29	-10	0	22	-19	5	-37	-47	cell = 904 to 911
-29	-5	-25	-19	1	-34	-27	14	cell = 912 to 919
-14	-20	1	-23	-5	-45	-57	-23	cell = 920 to 927
6	-18	-29	24	15	-15	-54	-80	cell = 928 to 935
-37	9	-4	6	-19	-19	-20	-2	cell = 936 to 943
18	-15	14	-18	-8	-25	9	-18	cell = 944 to 951
16	-41	12	20	1	10	-39	-1	cell = 952 to 959
-11	-8	-29	-22	-16	-14	-24	-22	cell = 960 to 967
-2	9	-26	-20	25	-23	-26	-11	cell = 968 to 975
-13	-41	-12	0	-53	-38	-31	31	cell = 976 to 983
29	-14	-52	-20	11	4	6	-15	cell = 984 to 991
2	-51	-10	-29	-5	-21	2	-11	cell = 992 to 999
-55	26	-46	-18	-31	-25	-32	-22	cell = 1000 to 1007
4	5	-11	-14	2	-34	-27	-22	cell = 1008 to 1015
-18	-11	-30	-36	-4	2	-22	-11	cell = 1016 to 1023
Calibration values from cell 0 to 1024 for channel 6:

48	-18	3	-17	72	13	6	-5	cell = 0 to 7
52	10	28	-18	25	37	61	32	cell = 8 to 15
42	10	36	-44	28	-2	109	-10	cell = 16 to 23
41	23	1	-8	54	-31	26	-17	cell = 24 to 31
29	-18	56	-19	9	18	19	23	cell = 32 to 39
48	-1	93	-30	70	0	23	8	cell = 40 to 47
63	0	44	-8	57	-6	39	-7	cell = 48 to 55
35	11	48	-24	38	-14	30	-14	cell = 56 to 63
37	-27	23	17	15	-34	10	8	cell = 64 to 71
67	-7	39	-5	29	-35	27	-23	cell = 72 to 79
34	13	57	-9	29	-42	30	15	cell = 80 to 87
54	-2	57	24	56	-10	56	27	cell = 88 to 95
59	-17	13	-9	37	-27	45	-17	cell = 96 to 103
36	-16	53	0	0	18	54	-1	cell = 104 to 111
58	-16	14	-38	55	0	88	7	cell = 112 to 119
43	15	60	-11	29	-14	84	-60	cell = 120 to 127
30	-20	34	-29	31	7	21	-17	cell = 128 to 135
20	-18	17	8	41	9	22	-5	cell = 136 to 143
80	27	31	18	56	-9	56	-14	cell = 144 to 151
60	-24	7	-49	-7	-14	53	21	cell = 152 to 159
22	-18	84	-29	24	0	51	1	cell = 160 to 167
16	0	70	-9	74	-6	32	-28	cell = 168 to 175
65	20	8	-20	5	22	96	8	cell = 176 to 183
86	-55	40	-55	42	23	33	11	cell = 184 to 191
61	9	11	0	-12	23	66	-19	cell = 192 to 199
111	-34	26	-25	56	18	37	-8	cell = 200 to 207
28	-17	62	-14	-4	-2	51	-18	cell = 208 to 215
24	0	71	4	76	-16	80	-25	cell = 216 to 223
59	-28	61	6	-10	0	95	5	cell = 224 to 231
33	-2	51	-25	75	31	19	29	cell = 232 to 239
9	-4	8	5	41	-17	51	-17	cell = 240 to 247
47	29	48	-39	3	16	18	-19	cell = 248 to 255
75	-9	45	-13	46	-24	77	-3	cell = 256 to 263
10	-18	27	16	74	-38	48	-3	cell = 264 to 271
20	-48	59	9	60	7	36	7	cell = 272 to 279
30	0	46	2	44	30	68	-21	cell = 280 to 287
81	3	60	11	40	-18	39	-14	cell = 288 to 295
22	15	8	-17	35	21	52	17	cell = 296 to 303
68	-47	67	-11	64	14	42	-5	cell = 304 to 311
28	-15	77	-25	14	-2	62	-23	cell = 312 to 319
26	25	43	14	37	-6	65	-18	cell = 320 to 327
34	-3	33	-12	56	-8	56	-12	cell = 328 to 335
44	-33	73	-22	68	3	77	-6	cell = 336 to 343
30	21	23	-4	23	-2	44	-12	cell = 344 to 351
26	41	43	-19	54	-7	76	-4	cell = 352 to 359
37	-9	37	-7	31	-17	78	-45	cell = 360 to 367
26	14	25	1	25	12	32	2	cell = 368 to 375
36	32	43	-6	61	-27	29	-1	cell = 376 to 383
25	2	48	-30	26	-36	31	-1	cell = 384 to 391
31	-37	52	-20	33	-11	53	-18	cell = 392 to 399
60	-42	39	23	20	35	61	3	cell = 400 to 407
56	-15	40	6	20	-22	24	-8	cell = 408 to 415
65	-59	81	0	40	-17	63	-10	cell = 416 to 423
9	-18	53	-50	48	-19	37	-10	cell = 424 to 431
51	-1	34	-15	48	-29	36	-14	cell = 432 to 439
29	-25	37	15	41	10	17	-51	cell = 440 to 447
37	8	0	7	36	28	34	-26	cell = 448 to 455
48	10	50	-26	64	11	10	-31	cell = 456 to 463
69	-9	33	-4	29	15	46	-44	cell = 464 to 471
54	4	64	-28	27	-8	35	-16	cell = 472 to 479
20	-44	63	-15	44	10	42	3	cell = 480 to 487
7	-13	75	-5	29	24	58	13	cell = 488 to 495
76	-29	-46	-92	-58	-87	-18	-62	cell = 496 to 503
24	-14	36	10	34	3	20	-17	cell = 504 to 511
-26	-66	-25	-12	-45	-44	-10	-15	cell = 512 to 519
-22	-36	-5	-45	-8	-8	-21	-15	cell = 520 to 527
-26	15	-6	3	9	-24	5	-11	cell = 528 to 535
-14	-2	0	-9	-25	-26	-54	-14	cell = 536 to 543
4	-23	-7	6	-22	-36	18	-8	cell = 544 to 551
-51	-41	-43	-45	-30	-9	-52	-31	cell = 552 to 559
-24	-15	-2	4	-36	-40	-76	12	cell = 560 to 567
-26	-5	-19	-34	-6	-12	-2	-1	cell = 568 to 575
-14	5	-23	-39	-16	7	-46	-27	cell = 576 to 583
-63	-21	-21	-13	-17	-15	0	-10	cell = 584 to 591
34	-51	-37	7	-17	3	-22	-50	cell = 592 to 599
-28	0	-5	-11	-27	-38	-25	-10	cell = 600 to 607
27	-12	-6	-12	26	-3	-8	-23	cell = 608 to 615
-40	16	-8	-48	-15	-21	4	-16	cell = 616 to 623
14	-35	-20	-24	-33	-18	-7	9	cell = 624 to 631
-34	-38	-20	-29	14	-38	-12	-59	cell = 632 to 639
-5	-50	33	-25	-19	-45	2	-28	cell = 640 to 647
-23	-5	4	-37	5	-86	-21	-7	cell = 648 to 655
-20	-4	24	-4	-25	-30	-70	-16	cell = 656 to 663
-11	17	-9	21	-22	-22	-5	9	cell = 664 to 671
-21	-46	-38	-66	-27	-12	0	-10	cell = 672 to 679
-13	6	-18	-21	-22	-36	-28	-4	cell = 680 to 687
1	-59	-49	1	-39	-20	-38	12	cell = 688 to 695
1	-8	-36	-19	24	14	-34	-44	cell = 696 to 703
12	-7	15	15	-33	-44	19	-8	cell = 704 to 711
-15	-44	-22	-41	-25	-42	-5	17	cell = 712 to 719
-32	-53	-8	-38	-14	0	3	-18	cell = 720 to 727
2	3	-22	-16	-19	-41	-14	-42	cell = 728 to 735
14	0	-20	3	-17	-28	-19	1	cell = 736 to 743
-17	-28	-24	0	-6	-46	-7	14	cell = 744 to 751
-45	-7	-33	-17	-47	15	-30	-20	cell = 752 to 759
7	0	19	-18	13	20	-17	-30	cell = 760 to 767
-9	-6	-9	-18	-42	-2	-15	18	cell = 768 to 775
8	-11	-53	-21	-17	-26	-26	-27	cell = 776 to 783
-6	23	-24	-26	-23	1	-13	-10	cell = 784 to 791
-4	-4	19	-45	-2	-6	10	-4	cell = 792 to 799
-23	3	-13	-21	-21	-37	-47	-10	cell = 800 to 807
-17	-32	3	-25	4	-68	-23	20	cell = 808 to 815
-24	-28	14	-12	-22	-11	37	-40	cell = 816 to 823
-9	-21	-20	15	-26	-6	-39	-41	cell = 824 to 831
-38	-1	-15	10	0	-25	-30	7	cell = 832 to 839
17	-51	-50	-28	-26	3	-26	18	cell = 840 to 847
-32	-11	-23	-29	-16	-21	-70	9	cell = 848 to 855
-30	-34	-8	5	29	-28	-13	-22	cell = 856 to 863
-41	-32	9	-40	-42	-16	-17	-22	cell = 864 to 871
-2	-19	-10	-4	-19	-54	1	-26	cell = 872 to 879
-21	-13	-40	-8	-16	-55	-39	-20	cell = 880 to 887
50	-27	-11	20	5	-44	-24	-11	cell = 888 to 895
-6	-21	6	-68	-33	-8	-33	-31	cell = 896 to 903
-18	-7	-45	1	-28	-2	2	4	cell = 904 to 911
5	-3	-10	-22	0	12	0	6	cell = 912 to 919
1	10	9	-33	-6	-39	-20	9	cell = 920 to 927
-16	-4	-18	5	17	-19	-32	0	cell = 928 to 935
0	-7	-10	-15	-20	-19	-27	-44	cell = 936 to 943
12	-11	-4	-23	-30	-36	-23	-21	cell = 944 to 951
8	-36	-16	-53	-24	-57	10	-55	cell = 952 to 959
-31	-73	-7	-7	-15	-32	-22	-69	cell = 960 to 967
-33	19	-21	-2	-37	-17	-17	-28	cell = 968 to 975
-36	3	-12	-20	-58	-39	-49	15	cell = 976 to 983
10	-31	4	-21	11	21	-27	8	cell = 984 to 991
16	-20	-51	-37	-35	-49	-5	-19	cell = 992 to 999
-29	-32	-18	-12	-18	-45	-17	10	cell = 1000 to 1007
-26	-55	-43	-21	-16	-9	-14	-22	cell = 1008 to 1015
-30	-38	-5	-21	-25	-26	-59	-45	cell = 1016 to 1023
Calibration values from cell 0 to 1024 for channel 7:

-17	-11	49	-7	40	-1	73	-5	cell = 0 to 7
63	-24	27	-29	44	-7	12	11	cell = 8 to 15
59	-82	37	-15	18	-36	36	-26	cell = 16 to 23
7	-10	24	19	8	-13	54	-1	cell = 24 to 31
66	-14	46	9	39	4	33	-19	cell = 32 to 39
42	-3	44	-42	54	-7	40	-20	cell = 40 to 47
63	-9	38	-5	33	-5	31	3	cell = 48 to 55
49	69	63	-31	48	-9	52	-6	cell = 56 to 63
-4	-12	93	7	48	4	45	7	cell = 64 to 71
31	-16	20	-9	29	-5	67	7	cell = 72 to 79
29	-23	69	21	27	1	29	11	cell = 80 to 87
81	17	63	-25	31	0	83	36	cell = 88 to 95
58	3	35	-41	26	-20	52	-52	cell = 96 to 103
42	-7	89	-19	81	-35	63	-19	cell = 104 to 111
76	-14	56	-21	45	-18	77	-11	cell = 112 to 119
2	-16	23	7	31	15	70	-38	cell = 120 to 127
9	-4	58	-62	29	-9	77	15	cell = 128 to 135
44	-8	49	14	60	-5	72	-28	cell = 136 to 143
23	-31	41	12	69	0	54	-5	cell = 144 to 151
66	-11	76	2	34	10	51	-7	cell = 152 to 159
24	4	29	4	29	9	37	-6	cell = 160 to 167
30	26	75	-24	16	20	42	-6	cell = 168 to 175
25	-21	29	1	43	37	36	-36	cell = 176 to 183
44	-5	31	-18	43	20	31	-40	cell = 184 to 191
41	10	18	5	33	2	49	-40	cell = 192 to 199
40	-18	43	-9	17	-2	83	-5	cell = 200 to 207
60	-48	38	5	74	-12	73	-28	cell = 208 to 215
50	-14	13	-28	17	0	68	-11	cell = 216 to 223
37	2	62	-22	74	-37	69	-7	cell = 224 to 231
40	0	78	-12	22	-16	52	12	cell = 232 to 239
-11	-34	42	6	23	25	49	-1	cell = 240 to 247
45	-15	42	2	22	-19	59	-8	cell = 248 to 255
5	14	37	-30	4	-35	18	-14	cell = 256 to 263
29	-2	50	-23	27	-12	27	-7	cell = 264 to 271
16	-40	15	12	41	-23	55	-26	cell = 272 to 279
31	4	60	4	59	11	11	-50	cell = 280 to 287
30	26	49	-17	39	-4	48	-4	cell = 288 to 295
54	-19	83	21	54	-23	31	12	cell = 296 to 303
99	-21	28	-5	44	9	75	-5	cell = 304 to 311
10	-20	76	-6	40	-21	73	-37	cell = 312 to 319
19	-14	37	6	59	-37	29	-38	cell = 320 to 327
30	-5	56	-27	20	-28	6	1	cell = 328 to 335
21	-32	37	36	35	38	50	2	cell = 336 to 343
36	14	66	-2	75	5	40	-34	cell = 344 to 351
64	-2	8	22	26	-3	31	5	cell = 352 to 359
20	-25	22	33	50	-21	52	-27	cell = 360 to 367
64	-4	52	-24	56	-40	66	0	cell = 368 to 375
20	-11	44	-19	80	-6	60	-10	cell = 376 to 383
20	-26	28	6	27	5	8	-37	cell = 384 to 391
69	13	32	14	32	-13	83	-15	cell = 392 to 399
53	16	31	-2	46	2	34	-48	cell = 400 to 407
60	6	18	29	67	-26	43	-13	cell = 408 to 415
12	13	68	-37	62	6	75	7	cell = 416 to 423
44	13	32	-6	38	-32	121	-22	cell = 424 to 431
47	7	37	22	18	0	77	-44	cell = 432 to 439
27	-21	66	-1	19	1	79	5	cell = 440 to 447
66	-41	50	-1	33	-18	56	-35	cell = 448 to 455
4	-14	63	-25	20	0	30	-48	cell = 456 to 463
64	-8	79	-10	26	-32	35	-19	cell = 464 to 471
-8	11	30	-4	2	15	27	-9	cell = 472 to 479
25	3	63	-32	57	10	51	15	cell = 480 to 487
81	9	19	-6	15	15	19	17	cell = 488 to 495
0	10	-15	-97	27	-42	-24	-89	cell = 496 to 503
32	-25	31	-8	16	-11	37	-24	cell = 504 to 511
-18	7	-5	13	-12	-4	-37	-32	cell = 512 to 519
-21	-25	-49	18	-1	-18	-25	-1	cell = 520 to 527
18	2	-21	4	-11	33	-25	-9	cell = 528 to 535
-29	-22	8	22	-35	-27	-20	-33	cell = 536 to 543
-31	-47	-30	-5	-20	26	-46	-28	cell = 544 to 551
-4	9	-30	-2	-16	-39	-24	-37	cell = 552 to 559
-5	-24	-5	3	1	-23	-44	-9	cell = 560 to 567
-30	-17	1	-18	-23	-30	-15	-44	cell = 568 to 575
-15	-25	-47	-24	1	24	-33	-38	cell = 576 to 583
-55	-3	-31	-9	-23	-23	-36	-17	cell = 584 to 591
8	-17	-8	-26	42	2	-44	-8	cell = 592 to 599
3	10	-8	-19	-17	-13	-35	-12	cell = 600 to 607
-8	-24	19	-14	-18	-21	-24	3	cell = 608 to 615
-4	-13	-6	-19	0	-15	6	5	cell = 616 to 623
-38	-33	-45	-40	25	-15	-53	-26	cell = 624 to 631
-31	-18	-14	-20	21	7	-62	-27	cell = 632 to 639
10	-29	16	-15	-6	-64	-36	7	cell = 640 to 647
21	-2	14	11	-7	-22	-35	-13	cell = 648 to 655
-23	-32	-3	-48	6	-8	-16	-38	cell = 656 to 663
12	-25	6	-37	-14	2	-19	3	cell = 664 to 671
-18	-53	-47	-33	-3	19	21	3	cell = 672 to 679
20	-27	-56	-5	-7	-49	-54	8	cell = 680 to 687
-20	-21	-22	-57	-4	-30	-34	-55	cell = 688 to 695
0	-40	-15	-40	-28	-13	-5	-7	cell = 696 to 703
-21	-24	-11	-45	35	-21	-58	-44	cell = 704 to 711
-6	-16	-11	-20	18	-2	-61	-25	cell = 712 to 719
-11	-33	-4	-3	8	5	-14	-9	cell = 720 to 727
-30	9	-70	3	-8	-21	-32	-32	cell = 728 to 735
4	-21	-6	-39	-26	-45	15	-13	cell = 736 to 743
15	-41	-21	6	-24	8	-17	-33	cell = 744 to 751
-13	2	-23	-20	-22	12	12	-21	cell = 752 to 759
-12	-8	-21	-26	-14	-36	-6	-15	cell = 760 to 767
-17	-62	-29	-23	20	-60	-21	-31	cell = 768 to 775
1	-37	-7	-44	-29	-31	-27	-33	cell = 776 to 783
5	-15	-21	6	1	-25	-5	19	cell = 784 to 791
39	-9	-14	17	-45	0	0	-70	cell = 792 to 799
-11	-21	-25	-33	-6	-2	-16	-18	cell = 800 to 807
-15	-1	23	-1	-9	-34	-39	-32	cell = 808 to 815
-45	-56	-39	-11	3	0	-15	-22	cell = 816 to 823
-23	3	10	-42	-6	-4	-27	-17	cell = 824 to 831
-32	0	-42	-16	-29	-8	-43	-3	cell = 832 to 839
-20	-40	3	-54	-27	-41	-31	-5	cell = 840 to 847
-8	-2	9	-33	-29	-30	-58	26	cell = 848 to 855
19	-21	-37	-17	31	-53	-31	-26	cell = 856 to 863
-22	-49	-40	-26	-19	-45	-15	-22	cell = 864 to 871
0	-6	-32	-70	-30	-59	-24	-6	cell = 872 to 879
3	-34	-18	-49	-22	-58	0	9	cell = 880 to 887
2	-25	-30	-73	-15	0	17	-1	cell = 888 to 895
7	-63	-10	-2	8	-19	-15	-45	cell = 896 to 903
-11	-45	-23	6	-10	10	-35	-20	cell = 904 to 911
-2	-17	3	-27	-33	11	-26	-8	cell = 912 to 919
-7	-52	-44	-36	-28	0	-6	29	cell = 920 to 927
40	0	-23	-50	-22	0	5	-57	cell = 928 to 935
11	-29	16	-49	-38	-39	-16	7	cell = 936 to 943
-31	16	10	-31	-9	-42	-24	-24	cell = 944 to 951
-19	-27	24	-6	-30	-5	-14	-5	cell = 952 to 959
15	-15	-47	12	-12	-58	-43	-12	cell = 960 to 967
-28	-32	-37	-12	2	-37	-22	-10	cell = 968 to 975
13	16	-22	-30	-11	-44	18	-8	cell = 976 to 983
-10	-7	12	-20	-7	7	5	-41	cell = 984 to 991
-50	11	-30	-43	10	-30	-3	23	cell = 992 to 999
-52	-13	0	-2	-39	-22	-14	0	cell = 1000 to 1007
1	-30	-48	-14	-30	7	-26	-38	cell = 1008 to 1015
-29	-20	-35	-36	-16	-48	-26	-44	cell = 1016 to 1023
Calibration values from cell 0 to 1024 for channel 8:

64	8	75	-7	21	-23	57	-20	cell = 0 to 7
-8	-14	8	-5	0	22	84	-48	cell = 8 to 15
23	-16	65	-75	59	-4	41	-20	cell = 16 to 23
55	-33	24	-15	69	-26	17	-6	cell = 24 to 31
55	-35	44	1	50	6	49	-11	cell = 32 to 39
26	12	65	-30	35	-37	43	-27	cell = 40 to 47
63	-8	39	1	24	8	24	-30	cell = 48 to 55
37	-3	-1	12	21	-9	40	-28	cell = 56 to 63
17	-5	71	-25	32	-36	31	8	cell = 64 to 71
16	-30	32	-6	43	-13	34	-22	cell = 72 to 79
47	-15	29	-9	28	-10	40	-17	cell = 80 to 87
73	-4	18	-44	8	-5	70	-5	cell = 88 to 95
23	7	2	-5	18	-13	31	4	cell = 96 to 103
83	-36	92	39	32	-28	61	0	cell = 104 to 111
63	-9	16	22	56	-2	47	13	cell = 112 to 119
51	4	22	-31	69	23	73	-12	cell = 120 to 127
60	21	71	13	-3	-19	49	51	cell = 128 to 135
13	4	56	-31	66	-8	38	-16	cell = 136 to 143
46	21	36	25	45	-36	59	1	cell = 144 to 151
26	-15	58	32	50	-10	30	-37	cell = 152 to 159
79	-2	46	23	47	26	38	-19	cell = 160 to 167
23	1	64	-2	56	15	54	36	cell = 168 to 175
62	33	53	2	35	22	31	-41	cell = 176 to 183
25	31	24	33	46	0	23	-23	cell = 184 to 191
23	9	24	-41	56	-19	93	7	cell = 192 to 199
21	5	48	-33	51	-16	13	-40	cell = 200 to 207
56	1	60	5	26	16	20	-10	cell = 208 to 215
46	22	34	-3	23	-12	80	-4	cell = 216 to 223
76	7	47	1	45	5	53	30	cell = 224 to 231
54	14	57	33	9	11	34	-7	cell = 232 to 239
59	-28	-17	6	61	36	65	-22	cell = 240 to 247
11	-25	62	0	60	20	58	-32	cell = 248 to 255
41	2	30	-29	22	-14	55	0	cell = 256 to 263
49	34	32	-34	118	-3	62	10	cell = 264 to 271
19	-3	24	-14	12	-3	51	3	cell = 272 to 279
29	-21	53	1	19	-4	30	-16	cell = 280 to 287
-9	14	50	-18	75	-1	56	-23	cell = 288 to 295
29	-28	67	-5	74	24	56	-30	cell = 296 to 303
13	-27	72	16	22	38	21	-29	cell = 304 to 311
18	-15	48	-7	45	33	34	3	cell = 312 to 319
35	-29	94	-19	28	5	34	-26	cell = 320 to 327
42	-11	71	12	33	32	96	14	cell = 328 to 335
29	-7	45	-50	57	6	37	20	cell = 336 to 343
-6	-16	47	-36	21	26	58	-30	cell = 344 to 351
44	4	28	-14	62	-30	27	11	cell = 352 to 359
53	37	57	3	30	-31	2	-4	cell = 360 to 367
37	-6	23	-16	-4	3	48	4	cell = 368 to 375
17	-2	38	26	50	-8	79	-28	cell = 376 to 383
27	-14	58	-28	12	-22	25	-47	cell = 384 to 391
32	-39	-3	-32	26	-14	83	-19	cell = 392 to 399
52	-9	73	-16	72	32	42	0	cell = 400 to 407
14	-32	52	-3	16	3	43	1	cell = 408 to 415
45	16	43	25	42	-12	67	14	cell = 416 to 423
35	0	52	3	38	-25	89	-30	cell = 424 to 431
90	-6	53	-34	44	-31	75	12	cell = 432 to 439
23	10	72	9	47	-26	27	-38	cell = 440 to 447
14	23	62	-14	53	9	32	-25	cell = 448 to 455
70	10	78	-45	49	-4	61	-65	cell = 456 to 463
51	9	-2	-1	40	-30	44	-11	cell = 464 to 471
21	33	8	9	25	18	10	-22	cell = 472 to 479
18	-1	63	7	32	29	65	-2	cell = 480 to 487
49	-1	73	1	53	18	53	48	cell = 488 to 495
12	39	-38	-95	-26	-59	-8	-45	cell = 496 to 503
50	-15	47	18	63	0	54	-15	cell = 504 to 511
-15	-33	-17	23	-34	-5	-41	-28	cell = 512 to 519
-33	-48	-24	-23	-29	6	-39	-37	cell = 520 to 527
-33	-24	-45	-24	-29	14	-19	-23	cell = 528 to 535
25	-27	-13	5	-34	-48	-57	-30	cell = 536 to 543
-13	-23	-16	4	-35	1	-35	-1	cell = 544 to 551
-19	-13	-81	-22	-19	-22	-10	-27	cell = 552 to 559
-22	2	-2	23	21	-8	-28	26	cell = 560 to 567
-38	2	-30	-36	-35	-30	-40	-41	cell = 568 to 575
14	-27	-9	-16	-12	-9	-21	-5	cell = 576 to 583
-30	-17	-9	11	-51	-48	-35	-28	cell = 584 to 591
-12	-21	-53	20	-50	7	-43	-28	cell = 592 to 599
-10	2	0	-31	2	7	-23	-15	cell = 600 to 607
15	-27	37	-14	-17	-29	-23	11	cell = 608 to 615
-10	-7	10	-71	8	-57	14	-49	cell = 616 to 623
-45	-36	10	-15	-18	-33	-6	-1	cell = 624 to 631
-18	-54	18	-30	2	11	-67	2	cell = 632 to 639
4	-32	-66	-22	-25	-3	5	-31	cell = 640 to 647
-7	-40	-12	-1	-4	-25	-15	-52	cell = 648 to 655
8	3	-8	-35	-24	12	-25	4	cell = 656 to 663
7	-18	-35	-31	13	-3	4	-20	cell = 664 to 671
9	-23	-32	-39	-38	-3	-4	-33	cell = 672 to 679
-47	-24	-38	-13	-4	-19	19	-11	cell = 680 to 687
-19	-14	-19	3	-23	-26	-23	-11	cell = 688 to 695
8	-23	18	-6	4	-4	-15	6	cell = 696 to 703
-30	-39	-19	-28	-33	14	-30	23	cell = 704 to 711
11	-40	-37	-5	19	-27	-18	8	cell = 712 to 719
-41	-49	-27	-12	-28	-28	-36	8	cell = 720 to 727
-4	8	-10	15	-31	-11	2	-10	cell = 728 to 735
-15	-21	-33	-27	12	-28	13	25	cell = 736 to 743
-16	-29	-16	-48	-43	22	-41	-34	cell = 744 to 751
-1	-28	-34	-48	-3	-18	-40	26	cell = 752 to 759
-59	16	-12	11	-38	2	-29	-34	cell = 760 to 767
-13	-30	-29	-21	-48	-24	-41	4	cell = 768 to 775
20	-11	7	-10	-46	-14	-58	21	cell = 776 to 783
11	8	-14	-6	11	-26	-31	17	cell = 784 to 791
-86	-7	13	0	-25	-66	-9	2	cell = 792 to 799
-12	-14	-14	-12	-20	-12	-18	14	cell = 800 to 807
-54	-23	19	-11	-23	-27	5	-13	cell = 808 to 815
-87	-43	-37	-34	-3	-7	-49	-34	cell = 816 to 823
-33	24	9	19	-11	11	-16	-10	cell = 824 to 831
-29	3	-17	-3	-9	2	-59	-12	cell = 832 to 839
-60	-8	6	9	-21	-5	-37	-47	cell = 840 to 847
-32	-18	-33	6	-26	-18	0	-15	cell = 848 to 855
0	-11	-37	-13	-2	-22	-62	14	cell = 856 to 863
-33	-27	10	10	-47	-10	-17	-11	cell = 864 to 871
-17	-53	-8	-14	5	-2	-44	13	cell = 872 to 879
-17	26	-43	-23	-15	29	11	-17	cell = 880 to 887
13	-45	-28	-35	0	-11	-18	-37	cell = 888 to 895
7	-61	-10	-22	-16	-27	-32	-10	cell = 896 to 903
-19	8	-61	-5	-2	-2	-20	-24	cell = 904 to 911
-15	18	-12	-7	-10	-31	-5	-31	cell = 912 to 919
4	-33	-22	-29	-18	-19	-24	1	cell = 920 to 927
-11	-21	-44	-26	7	-29	-44	9	cell = 928 to 935
-7	-22	-26	-9	-63	-57	-10	-31	cell = 936 to 943
-10	-44	14	12	-40	-25	-35	-37	cell = 944 to 951
13	-28	-17	29	-37	-17	-53	11	cell = 952 to 959
-12	-37	-21	4	-29	-27	0	25	cell = 960 to 967
-37	-15	-16	-9	-25	3	-34	-15	cell = 968 to 975
-35	-32	-15	-56	-9	-2	-61	-33	cell = 976 to 983
-19	-17	-76	-11	-44	-28	-51	-25	cell = 984 to 991
-38	-21	-21	4	-32	-14	-41	-5	cell = 992 to 999
23	-4	-20	26	-37	-30	-35	-4	cell = 1000 to 1007
-39	-36	-50	-46	-60	-84	-54	-36	cell = 1008 to 1015
-26	-29	-40	-33	-53	-26	-64	1	cell = 1016 to 1023
