Calibration values from cell 0 to 1024 for channel 0:

25	9	24	28	47	-39	50	-8	cell = 0 to 7
34	26	24	-24	33	0	31	-11	cell = 8 to 15
65	-21	26	-16	20	-4	33	-19	cell = 16 to 23
27	11	38	-11	24	0	59	51	cell = 24 to 31
31	14	17	-27	-7	-21	16	-6	cell = 32 to 39
47	-34	34	-1	48	36	72	1	cell = 40 to 47
67	32	56	-10	14	30	59	23	cell = 48 to 55
60	-3	53	-20	57	-18	55	-8	cell = 56 to 63
10	3	17	-5	68	15	44	53	cell = 64 to 71
77	13	67	-7	28	-3	46	-11	cell = 72 to 79
40	-29	27	-28	33	-11	50	-18	cell = 80 to 87
60	-7	-10	-36	10	-13	19	-23	cell = 88 to 95
62	-27	37	11	21	-10	65	-20	cell = 96 to 103
34	-14	46	19	14	15	28	-31	cell = 104 to 111
49	-28	40	-22	48	-10	69	-25	cell = 112 to 119
53	26	46	-24	10	-8	6	0	cell = 120 to 127
58	6	50	-22	71	-7	37	47	cell = 128 to 135
85	-8	66	-7	60	-11	42	-65	cell = 136 to 143
26	27	48	-30	56	-29	34	33	cell = 144 to 151
28	26	67	-12	18	-29	8	-45	cell = 152 to 159
45	16	49	-4	58	11	30	-12	cell = 160 to 167
94	6	17	16	32	-51	60	6	cell = 168 to 175
47	20	55	-16	60	-25	34	-57	cell = 176 to 183
31	3	54	-5	42	9	36	-14	cell = 184 to 191
26	14	29	-32	52	29	49	-12	cell = 192 to 199
49	-11	55	-19	68	-42	3	0	cell = 200 to 207
39	31	79	0	34	-34	20	-18	cell = 208 to 215
74	-23	21	-18	30	-11	76	-5	cell = 216 to 223
0	-26	63	3	72	-25	21	13	cell = 224 to 231
19	18	65	36	75	12	49	-3	cell = 232 to 239
77	-12	50	-22	52	3	74	-17	cell = 240 to 247
32	21	47	-28	10	-35	55	-22	cell = 248 to 255
25	-30	38	-26	40	23	33	-23	cell = 256 to 263
77	-1	47	0	47	1	33	17	cell = 264 to 271
47	17	24	29	58	7	89	-5	cell = 272 to 279
26	-13	46	24	49	-6	44	-28	cell = 280 to 287
-13	27	63	-5	32	-10	28	-28	cell = 288 to 295
40	23	72	-34	44	-14	79	-18	cell = 296 to 303
73	-3	80	-18	42	9	64	-10	cell = 304 to 311
25	-22	67	-58	78	-52	19	-18	cell = 312 to 319
31	-12	64	6	53	-24	40	-9	cell = 320 to 327
48	40	50	-47	37	-7	54	-22	cell = 328 to 335
22	-3	48	-9	18	17	19	8	cell = 336 to 343
20	-50	77	-11	51	-2	79	-7	cell = 344 to 351
34	-6	37	0	46	17	50	17	cell = 352 to 359
95	1	40	-8	7	31	32	23	cell = 360 to 367
18	-22	50	22	43	29	28	-14	cell = 368 to 375
33	-16	31	10	38	-23	32	-48	cell = 376 to 383
14	12	75	6	21	6	85	-29	cell = 384 to 391
65	-18	41	5	8	-6	42	-31	cell = 392 to 399
52	-14	22	-45	37	30	59	18	cell = 400 to 407
28	44	11	-5	65	4	22	-24	cell = 408 to 415
15	30	24	-25	11	7	32	24	cell = 416 to 423
41	-1	63	14	49	9	25	-10	cell = 424 to 431
29	-22	39	-17	30	-7	26	6	cell = 432 to 439
25	19	28	6	40	-29	20	-39	cell = 440 to 447
9	-18	29	20	18	-21	43	-34	cell = 448 to 455
26	-8	34	13	26	21	27	-10	cell = 456 to 463
42	40	80	-14	49	-21	38	-40	cell = 464 to 471
11	32	0	-35	50	40	84	14	cell = 472 to 479
-9	20	56	8	29	-19	52	-5	cell = 480 to 487
1	9	32	-2	68	23	22	19	cell = 488 to 495
36	42	-40	-72	-26	-42	-13	-84	cell = 496 to 503
70	29	62	-14	-8	39	48	2	cell = 504 to 511
12	-73	15	-14	-16	-3	-14	-9	cell = 512 to 519
-48	15	-9	12	26	-38	9	-16	cell = 520 to 527
15	-10	-31	-40	-21	-45	16	7	cell = 528 to 535
-8	-6	14	4	-11	-25	1	-20	cell = 536 to 543
-61	-15	-3	9	-7	-16	11	22	cell = 544 to 551
-3	-25	-42	-29	-6	11	-37	3	cell = 552 to 559
-12	-20	-23	-4	-36	17	-19	-42	cell = 560 to 567
-24	-6	-19	-12	-19	14	-23	-45	cell = 568 to 575
6	-28	-18	7	-15	-9	7	-24	cell = 576 to 583
-55	-56	-15	-3	-38	-76	-18	-3	cell = 584 to 591
-22	-19	-28	10	-32	-8	-27	-11	cell = 592 to 599
7	-1	9	-36	-1	-12	11	-38	cell = 600 to 607
11	-58	-12	-11	-11	24	3	41	cell = 608 to 615
10	0	-46	13	-27	-27	-37	-1	cell = 616 to 623
-6	-6	-25	-16	-14	-26	-50	-6	cell = 624 to 631
5	-13	-23	-33	-21	13	-27	-11	cell = 632 to 639
-34	-46	-20	4	-41	-4	-3	-5	cell = 640 to 647
-7	-31	-13	-44	-14	-15	-2	-8	cell = 648 to 655
-13	3	-18	4	3	-36	-37	-11	cell = 656 to 663
-25	10	-23	-37	-14	-3	-2	5	cell = 664 to 671
-23	-12	-20	-10	-29	10	-19	-17	cell = 672 to 679
5	3	-41	-44	0	-31	31	12	cell = 680 to 687
-5	-11	-31	0	22	-14	-43	-4	cell = 688 to 695
-30	32	-31	23	-29	-25	-13	-44	cell = 696 to 703
-6	-23	-36	-8	-3	-2	-35	0	cell = 704 to 711
7	-38	-64	-24	14	-9	-3	-38	cell = 712 to 719
-40	-27	-9	-51	-1	-51	-38	-18	cell = 720 to 727
-27	-36	-28	7	-40	10	-66	-36	cell = 728 to 735
-51	26	-6	9	-20	-40	-15	-22	cell = 736 to 743
-24	12	-31	-30	-28	-12	-22	-48	cell = 744 to 751
-15	25	-2	-30	-33	1	-32	-21	cell = 752 to 759
13	7	-37	-28	-57	-31	-29	-18	cell = 760 to 767
-33	-23	6	-43	1	-56	-29	-23	cell = 768 to 775
-37	-28	7	-35	-9	6	-19	-4	cell = 776 to 783
3	-27	-4	-3	-1	-44	-11	-9	cell = 784 to 791
-9	-31	-40	-7	3	-38	-25	-17	cell = 792 to 799
-14	-39	-31	-52	-21	-27	-9	-26	cell = 800 to 807
-17	-19	-18	-38	-20	-56	-20	-2	cell = 808 to 815
-37	-10	-38	-21	8	0	-3	-46	cell = 816 to 823
-6	-47	-11	-18	-13	-15	-37	-10	cell = 824 to 831
-60	2	-31	33	-6	-23	-47	-5	cell = 832 to 839
-9	-45	-30	-8	-21	-23	-22	-8	cell = 840 to 847
-35	-2	-31	-29	-19	-59	-47	-14	cell = 848 to 855
-37	1	31	-45	-5	-3	-32	-10	cell = 856 to 863
-59	-14	-12	7	-8	-14	-16	10	cell = 864 to 871
-11	11	-47	28	-31	-5	15	-20	cell = 872 to 879
-58	-35	-27	15	-4	-31	38	-28	cell = 880 to 887
-48	-14	-52	-48	-35	-12	-10	32	cell = 888 to 895
-57	-17	-60	10	-36	-23	-38	-18	cell = 896 to 903
-8	-35	-34	-22	-50	16	-34	-6	cell = 904 to 911
-24	-11	-12	-2	-14	-47	6	-55	cell = 912 to 919
3	-21	-35	-30	-12	0	-23	-36	cell = 920 to 927
-47	-39	-34	-19	-23	-8	-25	8	cell = 928 to 935
7	-56	-53	-50	2	-55	-63	23	cell = 936 to 943
-11	2	-41	-23	38	-25	-42	-22	cell = 944 to 951
-45	-22	-44	-9	-26	-10	-57	-48	cell = 952 to 959
4	-22	-29	-19	13	3	9	-22	cell = 960 to 967
-19	-2	-14	17	-20	-21	-21	12	cell = 968 to 975
-4	-30	-49	-1	-5	-26	-58	4	cell = 976 to 983
-16	-43	-9	15	-8	-49	-20	-38	cell = 984 to 991
-20	-10	-58	-29	4	-6	-28	-14	cell = 992 to 999
-7	-5	-18	-12	-19	-12	-19	-7	cell = 1000 to 1007
-51	-26	-5	-7	-77	-43	-44	-27	cell = 1008 to 1015
25	-17	20	-13	-90	-40	-23	8	cell = 1016 to 1023
Calibration values from cell 0 to 1024 for channel 1:

43	-22	47	7	57	11	42	-27	cell = 0 to 7
65	-14	38	-52	28	-17	40	-30	cell = 8 to 15
9	15	62	3	61	-5	-2	-16	cell = 16 to 23
58	-24	65	-12	68	2	40	-18	cell = 24 to 31
14	51	21	-24	20	-7	31	10	cell = 32 to 39
41	4	28	-49	50	36	61	-44	cell = 40 to 47
64	-38	49	-11	8	-9	53	-36	cell = 48 to 55
51	-7	48	-5	40	-30	36	-22	cell = 56 to 63
37	-31	77	-28	47	-4	66	-10	cell = 64 to 71
53	8	76	0	7	11	10	-19	cell = 72 to 79
27	1	8	-18	61	-4	24	13	cell = 80 to 87
65	17	60	7	11	-20	76	-22	cell = 88 to 95
-1	-17	54	1	17	-24	24	-16	cell = 96 to 103
55	23	49	-10	39	4	58	18	cell = 104 to 111
31	18	37	13	8	-36	43	-14	cell = 112 to 119
56	-40	46	-3	55	-4	34	24	cell = 120 to 127
14	-6	55	-22	50	-16	88	11	cell = 128 to 135
41	-15	57	31	75	37	38	-13	cell = 136 to 143
54	19	-15	-15	1	7	54	-14	cell = 144 to 151
42	-35	61	-13	12	23	50	-26	cell = 152 to 159
34	-9	53	-20	9	6	44	-54	cell = 160 to 167
11	-30	46	-11	42	3	82	5	cell = 168 to 175
28	-40	64	-42	18	26	55	7	cell = 176 to 183
28	22	68	-13	65	-32	98	-7	cell = 184 to 191
18	14	23	-27	54	1	24	-29	cell = 192 to 199
38	16	38	-8	62	-21	67	-31	cell = 200 to 207
73	0	61	14	38	-3	70	-22	cell = 208 to 215
27	22	38	0	49	-48	41	5	cell = 216 to 223
22	-8	22	9	50	-23	48	-9	cell = 224 to 231
40	-20	75	-7	22	-8	57	-16	cell = 232 to 239
44	-22	63	-11	70	10	55	9	cell = 240 to 247
47	-7	20	15	33	-16	16	8	cell = 248 to 255
29	17	65	-5	9	-5	34	25	cell = 256 to 263
30	-19	51	-39	32	-44	43	-5	cell = 264 to 271
62	-38	47	2	43	-2	61	-31	cell = 272 to 279
46	6	71	-12	36	11	28	-37	cell = 280 to 287
66	12	30	-17	40	45	31	13	cell = 288 to 295
41	20	-3	-24	27	-4	41	-8	cell = 296 to 303
68	42	41	0	42	-12	33	-49	cell = 304 to 311
37	-4	95	-16	33	4	45	-22	cell = 312 to 319
24	8	38	-3	29	3	54	-25	cell = 320 to 327
23	-31	43	-10	44	12	71	-9	cell = 328 to 335
53	-23	38	-43	25	12	89	0	cell = 336 to 343
43	-11	12	18	46	-24	35	2	cell = 344 to 351
39	23	55	-12	28	15	63	11	cell = 352 to 359
16	11	65	-41	27	27	49	-8	cell = 360 to 367
58	-12	64	-11	40	-7	61	-10	cell = 368 to 375
40	5	42	2	21	-11	57	-22	cell = 376 to 383
31	-7	15	9	48	8	42	0	cell = 384 to 391
26	19	64	7	17	-41	25	10	cell = 392 to 399
26	36	23	-9	41	25	46	-21	cell = 400 to 407
30	1	31	23	39	-27	47	12	cell = 408 to 415
21	-27	35	24	61	13	29	10	cell = 416 to 423
61	32	59	3	51	44	42	-9	cell = 424 to 431
-3	0	90	-14	61	-5	15	24	cell = 432 to 439
38	-18	29	-23	25	50	58	-20	cell = 440 to 447
55	8	60	-6	20	31	53	16	cell = 448 to 455
55	24	77	-30	21	-5	46	-27	cell = 456 to 463
49	12	20	-10	13	17	46	11	cell = 464 to 471
5	33	52	-16	38	-4	3	-28	cell = 472 to 479
65	15	50	-12	77	6	-4	-36	cell = 480 to 487
48	5	26	-11	65	-45	73	-40	cell = 488 to 495
28	7	-22	-98	-19	-89	-21	-107	cell = 496 to 503
31	-30	40	5	73	24	48	-9	cell = 504 to 511
-31	-26	-34	-25	-14	-3	-44	-20	cell = 512 to 519
-38	-22	0	-38	-14	-40	4	-48	cell = 520 to 527
3	0	26	-43	-36	-6	-18	13	cell = 528 to 535
-25	-42	-54	-38	-2	7	-13	-9	cell = 536 to 543
-22	-34	-1	9	4	-11	-28	-10	cell = 544 to 551
-9	-19	-33	-24	-16	-15	9	-11	cell = 552 to 559
62	-24	-23	-24	8	-46	-34	-56	cell = 560 to 567
-12	-40	-55	-10	-6	-38	0	-34	cell = 568 to 575
-35	-31	-43	0	-31	-11	0	-22	cell = 576 to 583
-40	6	-35	31	-24	-17	-7	3	cell = 584 to 591
4	-50	-2	-12	17	-4	1	10	cell = 592 to 599
-33	-44	-49	-32	-3	-15	0	-17	cell = 600 to 607
-15	-57	12	11	-19	-18	-38	-2	cell = 608 to 615
-35	8	-19	-40	-7	-17	-17	-11	cell = 616 to 623
-17	4	-7	21	-25	-17	-21	-13	cell = 624 to 631
-33	-31	-27	-24	-53	5	-32	-12	cell = 632 to 639
18	-23	-20	0	-33	-19	-27	16	cell = 640 to 647
-28	9	-13	-42	-10	9	-15	-14	cell = 648 to 655
-17	-5	1	-6	-21	-8	-23	-4	cell = 656 to 663
-43	-48	-16	-12	-41	-12	-52	-49	cell = 664 to 671
-30	18	-25	-7	-18	-23	-40	-27	cell = 672 to 679
-24	-16	-13	-21	1	-25	-3	-16	cell = 680 to 687
-51	-3	-53	-40	-22	-16	-36	-24	cell = 688 to 695
-14	3	-16	-18	-10	4	-42	-20	cell = 696 to 703
-19	-50	4	-4	-40	0	-39	-3	cell = 704 to 711
-11	12	-9	2	-37	-46	-33	11	cell = 712 to 719
-26	-28	-35	-22	-3	-28	-17	-4	cell = 720 to 727
-23	-15	2	-26	-51	-47	-42	-27	cell = 728 to 735
-28	-43	-59	-8	-13	-40	-4	29	cell = 736 to 743
-59	-9	-45	-38	-11	-10	-25	-34	cell = 744 to 751
9	24	-21	-6	9	10	-27	41	cell = 752 to 759
11	-17	-58	-20	-25	-34	-27	-45	cell = 760 to 767
-24	4	17	-43	40	-26	-27	2	cell = 768 to 775
-36	-30	-49	-15	-31	20	-35	-1	cell = 776 to 783
-14	-25	-30	1	-9	-36	-80	23	cell = 784 to 791
-28	-12	-20	-45	-26	3	-33	6	cell = 792 to 799
3	0	-15	-14	-25	-13	-65	26	cell = 800 to 807
2	-14	-33	0	-5	-46	-12	30	cell = 808 to 815
-14	-42	-11	-10	-18	7	-67	7	cell = 816 to 823
-42	-15	-10	-13	-49	-9	-34	-20	cell = 824 to 831
-11	-11	-11	13	-27	-40	-7	-24	cell = 832 to 839
-50	-25	57	5	-30	-21	-17	-10	cell = 840 to 847
9	-28	-4	-12	-24	-41	-46	-55	cell = 848 to 855
-4	11	0	4	-13	-35	10	-26	cell = 856 to 863
-31	-11	-31	4	-32	-13	-32	-20	cell = 864 to 871
-15	-23	-26	39	-71	-43	8	1	cell = 872 to 879
-21	7	-18	-20	-17	-32	-8	38	cell = 880 to 887
-41	-37	-14	1	-21	14	-62	5	cell = 888 to 895
-14	-26	-11	-34	-22	-30	-33	15	cell = 896 to 903
-48	-16	3	1	-8	6	-19	16	cell = 904 to 911
-25	32	-39	-28	-30	16	4	4	cell = 912 to 919
-2	-6	-58	-19	-9	-26	-47	-20	cell = 920 to 927
-18	5	5	-20	-11	-12	5	-20	cell = 928 to 935
-37	-14	-20	-54	-11	6	-38	-22	cell = 936 to 943
-39	-27	-40	-7	-19	13	-23	-27	cell = 944 to 951
28	-31	-48	16	-8	9	-44	0	cell = 952 to 959
-37	-18	-13	-37	-13	-49	-20	-27	cell = 960 to 967
-24	17	-29	-21	-21	-3	-28	-13	cell = 968 to 975
-8	-23	-44	-37	-16	-5	-38	-2	cell = 976 to 983
-48	-21	-28	-3	12	14	-29	-57	cell = 984 to 991
-32	-16	-59	-6	-1	28	-75	-27	cell = 992 to 999
-3	-14	-26	-24	-26	14	-16	-19	cell = 1000 to 1007
-71	-28	-54	-6	10	-29	-59	-36	cell = 1008 to 1015
-14	-6	-4	-29	0	31	-54	-2	cell = 1016 to 1023
Calibration values from cell 0 to 1024 for channel 2:

40	-10	50	11	63	-13	2	-8	cell = 0 to 7
59	-13	29	0	32	-5	75	14	cell = 8 to 15
29	9	12	29	39	0	55	-36	cell = 16 to 23
21	1	40	0	44	28	37	-9	cell = 24 to 31
17	3	21	-15	44	-16	53	18	cell = 32 to 39
50	15	62	-17	25	-3	34	-2	cell = 40 to 47
27	-19	30	-7	38	-29	69	-5	cell = 48 to 55
41	-29	13	-7	35	-4	87	8	cell = 56 to 63
31	0	47	14	11	1	42	-40	cell = 64 to 71
61	4	0	21	-7	3	45	-25	cell = 72 to 79
30	14	59	-6	41	3	53	-11	cell = 80 to 87
35	26	49	6	47	24	64	-33	cell = 88 to 95
55	5	34	-10	28	17	35	-19	cell = 96 to 103
37	-19	32	32	49	13	74	-42	cell = 104 to 111
62	-9	47	-25	19	57	50	26	cell = 112 to 119
31	11	8	-22	36	-6	71	10	cell = 120 to 127
31	7	29	-18	29	-4	24	-15	cell = 128 to 135
51	-6	46	12	31	1	33	1	cell = 136 to 143
78	1	27	-31	-8	22	56	-21	cell = 144 to 151
38	0	71	-25	38	12	40	2	cell = 152 to 159
43	9	30	-7	46	0	66	14	cell = 160 to 167
37	-39	54	3	35	-11	23	-18	cell = 168 to 175
45	-18	27	-55	82	33	4	-4	cell = 176 to 183
8	-4	60	-12	44	-12	71	14	cell = 184 to 191
59	-30	70	4	8	2	21	-19	cell = 192 to 199
50	16	45	24	74	17	72	-44	cell = 200 to 207
33	13	46	19	35	4	57	6	cell = 208 to 215
12	-31	-2	-32	40	-21	37	0	cell = 216 to 223
34	-31	26	-22	43	9	21	-14	cell = 224 to 231
80	13	38	28	-3	-4	52	0	cell = 232 to 239
64	-2	39	-16	27	-11	78	-12	cell = 240 to 247
35	-32	55	-9	25	2	35	-52	cell = 248 to 255
46	-5	38	1	48	0	19	-9	cell = 256 to 263
20	22	68	28	36	10	17	9	cell = 264 to 271
34	-16	71	-1	68	-4	34	-22	cell = 272 to 279
55	-12	43	4	24	25	68	-45	cell = 280 to 287
38	-20	49	5	71	-3	82	25	cell = 288 to 295
35	9	64	9	56	-10	26	-26	cell = 296 to 303
14	-21	55	-2	0	0	18	-18	cell = 304 to 311
40	0	74	33	37	-27	46	-6	cell = 312 to 319
60	-6	7	-17	54	26	44	-19	cell = 320 to 327
15	-15	51	-34	6	-20	54	-16	cell = 328 to 335
26	-8	11	-18	54	-9	37	-3	cell = 336 to 343
43	8	48	-37	33	-20	56	-1	cell = 344 to 351
39	14	44	11	24	17	27	42	cell = 352 to 359
70	-12	29	-11	-5	27	30	-8	cell = 360 to 367
43	7	70	-21	25	30	49	-13	cell = 368 to 375
50	27	45	-33	-5	-20	40	-16	cell = 376 to 383
0	-13	38	-27	17	20	15	-14	cell = 384 to 391
38	-18	75	0	40	-2	45	-28	cell = 392 to 399
5	0	35	0	33	24	2	18	cell = 400 to 407
31	15	72	-34	72	-16	7	-11	cell = 408 to 415
80	5	16	-19	34	20	16	7	cell = 416 to 423
51	27	46	14	22	-22	36	-30	cell = 424 to 431
44	-13	87	-20	37	-12	48	-23	cell = 432 to 439
29	-13	37	-8	58	20	21	12	cell = 440 to 447
55	-25	93	3	36	25	54	-10	cell = 448 to 455
50	1	44	6	13	4	46	0	cell = 456 to 463
39	-24	43	39	25	31	70	14	cell = 464 to 471
46	27	35	2	33	-22	9	7	cell = 472 to 479
32	19	30	-11	13	-11	64	-26	cell = 480 to 487
52	-2	31	20	49	22	43	-8	cell = 488 to 495
24	15	-28	-84	-43	-94	-22	-43	cell = 496 to 503
62	5	67	-51	41	-11	83	-5	cell = 504 to 511
-60	-13	-10	-20	10	-4	6	8	cell = 512 to 519
-17	8	-11	8	-56	2	-18	-11	cell = 520 to 527
-9	-27	-14	1	-32	-34	-59	9	cell = 528 to 535
-8	-13	-42	-25	-29	-14	-34	-41	cell = 536 to 543
-55	7	-56	0	-3	-5	-7	-9	cell = 544 to 551
-3	-12	-16	-7	-17	-13	-27	-31	cell = 552 to 559
-42	-4	8	-7	-10	-44	7	-37	cell = 560 to 567
-14	-28	-42	-8	-25	-36	-23	8	cell = 568 to 575
-53	4	-37	-19	28	-25	-23	-1	cell = 576 to 583
-18	26	-40	-18	-18	-17	-41	-17	cell = 584 to 591
-14	-17	-3	-40	15	-16	26	-31	cell = 592 to 599
21	-3	-69	-4	-5	-21	-1	-16	cell = 600 to 607
-19	-11	-66	30	-5	-8	-7	0	cell = 608 to 615
-3	25	-55	-48	-27	-13	-17	-10	cell = 616 to 623
-26	-36	-17	-37	3	-8	17	15	cell = 624 to 631
-39	-6	-40	-39	-28	-9	-54	-17	cell = 632 to 639
-60	-74	-19	8	-18	-34	-26	-12	cell = 640 to 647
-34	-18	-37	-21	-17	24	-13	-13	cell = 648 to 655
-2	-31	-15	-18	-7	-49	-12	-33	cell = 656 to 663
8	-29	6	7	-28	-55	-56	5	cell = 664 to 671
-21	-45	-21	-76	-51	-5	-26	-7	cell = 672 to 679
-18	0	-2	18	-36	-9	-8	20	cell = 680 to 687
0	-7	-17	-21	0	20	-55	-7	cell = 688 to 695
35	-8	-31	-30	12	-26	-8	-21	cell = 696 to 703
-49	29	-67	-23	-45	-62	-24	24	cell = 704 to 711
-27	-38	-17	-13	31	-3	9	-21	cell = 712 to 719
-34	-16	-54	7	-21	-19	-44	-10	cell = 720 to 727
-43	10	-23	-35	0	-34	-22	-28	cell = 728 to 735
-36	-13	-13	-20	-5	7	-11	-47	cell = 736 to 743
-44	-46	-13	-35	-23	-20	-10	-26	cell = 744 to 751
-58	-34	-15	-27	2	3	-13	0	cell = 752 to 759
-25	0	-50	-11	-15	6	-20	22	cell = 760 to 767
-39	-54	-54	25	-16	-44	-8	20	cell = 768 to 775
-4	-30	-16	25	-7	9	-36	30	cell = 776 to 783
-27	4	-9	-20	-25	16	-21	-27	cell = 784 to 791
-24	-5	-33	7	5	-8	-31	-50	cell = 792 to 799
-8	22	-27	-12	-8	-21	-2	-1	cell = 800 to 807
-25	0	5	-18	-29	-30	-34	-5	cell = 808 to 815
-19	-35	-36	7	-12	-25	-16	-10	cell = 816 to 823
-1	-13	-21	12	-49	-20	-35	-35	cell = 824 to 831
-9	8	-63	-33	18	-16	-16	20	cell = 832 to 839
-38	3	1	-29	14	2	-37	-28	cell = 840 to 847
-12	-4	-27	-25	-40	29	-68	-33	cell = 848 to 855
-41	5	-45	-38	-51	-19	-27	-18	cell = 856 to 863
-52	-33	-25	-18	-40	0	-48	-3	cell = 864 to 871
0	-20	-5	-11	-27	4	-8	-19	cell = 872 to 879
-14	22	-23	4	-35	-16	4	-43	cell = 880 to 887
-46	42	-31	3	-1	-58	-42	-18	cell = 888 to 895
9	-19	-26	-20	1	0	-53	-5	cell = 896 to 903
-16	-37	-42	9	-27	-71	-33	-12	cell = 904 to 911
10	-26	-37	-32	-12	-13	-38	-19	cell = 912 to 919
-4	-17	-16	-6	-14	6	18	39	cell = 920 to 927
1	-29	-14	-8	-36	-4	-3	-16	cell = 928 to 935
28	-24	-15	-17	-37	17	-13	2	cell = 936 to 943
-9	13	-35	-40	-34	2	-6	-9	cell = 944 to 951
-53	-6	-10	-24	-55	3	-29	-31	cell = 952 to 959
-17	-8	5	7	8	-57	-58	-41	cell = 960 to 967
-27	-26	-55	25	-13	-50	-23	-33	cell = 968 to 975
-5	-23	-41	-6	-9	-37	-37	-20	cell = 976 to 983
-3	-9	-31	-52	-67	-47	7	-32	cell = 984 to 991
-21	7	-2	26	-6	-7	-4	-45	cell = 992 to 999
-61	-27	-5	-27	-14	-60	-36	-41	cell = 1000 to 1007
-10	-5	-32	-31	-59	-17	-13	7	cell = 1008 to 1015
17	19	14	-45	-28	-27	-45	-18	cell = 1016 to 1023
Calibration values from cell 0 to 1024 for channel 3:

53	-16	15	-38	12	6	1	-1	cell = 0 to 7
45	-6	-6	-30	59	9	47	-23	cell = 8 to 15
53	-19	44	-9	96	-41	36	-24	cell = 16 to 23
53	-13	22	-34	38	6	56	9	cell = 24 to 31
76	22	36	-12	54	-10	21	-25	cell = 32 to 39
33	-26	55	35	46	25	36	-25	cell = 40 to 47
31	-11	38	-5	-6	-2	53	15	cell = 48 to 55
56	-25	40	-15	16	-21	13	-25	cell = 56 to 63
50	34	45	-9	9	-28	21	-5	cell = 64 to 71
61	2	31	-27	57	-7	34	6	cell = 72 to 79
56	43	54	-10	33	-43	33	-8	cell = 80 to 87
52	-4	35	-1	25	-20	37	-18	cell = 88 to 95
42	12	35	14	57	10	72	33	cell = 96 to 103
20	14	57	9	-5	29	56	-18	cell = 104 to 111
46	-21	31	0	66	16	-6	-20	cell = 112 to 119
37	-34	51	-13	22	-1	41	0	cell = 120 to 127
25	5	42	6	7	-13	33	6	cell = 128 to 135
54	-20	74	9	31	-18	77	3	cell = 136 to 143
51	-35	18	-16	50	-2	63	-44	cell = 144 to 151
40	-10	28	5	19	-12	18	-9	cell = 152 to 159
0	24	-11	-48	26	15	64	34	cell = 160 to 167
64	-24	29	4	54	-19	54	-39	cell = 168 to 175
47	4	70	-6	44	-48	10	-11	cell = 176 to 183
45	-10	42	19	31	27	38	-33	cell = 184 to 191
45	-7	19	-15	47	-11	37	6	cell = 192 to 199
48	-9	19	8	59	-46	74	21	cell = 200 to 207
71	-4	33	-17	28	-21	-4	-5	cell = 208 to 215
21	-22	52	3	64	18	16	-24	cell = 216 to 223
22	17	39	-2	40	-24	31	0	cell = 224 to 231
58	-12	20	3	33	-2	28	-12	cell = 232 to 239
28	-6	62	-48	48	-33	57	3	cell = 240 to 247
17	-23	77	25	67	-12	58	-5	cell = 248 to 255
34	-17	44	0	45	9	34	-9	cell = 256 to 263
3	32	10	18	34	-5	44	2	cell = 264 to 271
27	6	28	5	35	-28	70	1	cell = 272 to 279
5	2	35	-23	33	16	35	-10	cell = 280 to 287
24	3	22	-14	45	5	63	7	cell = 288 to 295
75	24	39	0	6	-32	41	27	cell = 296 to 303
52	4	24	0	37	23	87	26	cell = 304 to 311
16	1	32	-8	21	8	42	5	cell = 312 to 319
74	-25	58	-2	22	-34	37	-5	cell = 320 to 327
45	-6	52	-3	42	19	28	-1	cell = 328 to 335
47	44	13	-76	39	-8	30	-25	cell = 336 to 343
39	36	26	-27	63	-31	63	-43	cell = 344 to 351
40	-25	14	-33	44	9	72	-3	cell = 352 to 359
24	2	37	-34	48	-19	50	3	cell = 360 to 367
51	2	51	-17	30	17	27	2	cell = 368 to 375
21	17	32	-36	36	-34	8	17	cell = 376 to 383
22	32	88	8	11	-3	68	-14	cell = 384 to 391
43	5	16	-12	18	-19	20	-7	cell = 392 to 399
70	-3	55	5	85	6	89	-4	cell = 400 to 407
30	-4	45	0	36	-6	-6	31	cell = 408 to 415
18	16	25	-21	22	29	39	-56	cell = 416 to 423
70	7	24	4	29	9	46	-23	cell = 424 to 431
27	-2	89	0	48	5	49	-7	cell = 432 to 439
45	-2	39	14	26	-2	55	-17	cell = 440 to 447
42	-4	36	-12	23	8	35	0	cell = 448 to 455
37	-38	61	-31	28	-25	28	-4	cell = 456 to 463
55	46	13	10	74	20	25	8	cell = 464 to 471
41	-52	2	-5	49	-11	6	-12	cell = 472 to 479
48	10	71	-25	12	-2	15	18	cell = 480 to 487
26	42	74	40	56	-34	31	0	cell = 488 to 495
36	-8	-36	-84	-44	-73	-23	-79	cell = 496 to 503
37	0	46	0	38	-25	27	-2	cell = 504 to 511
-34	-9	-53	-7	-43	-20	4	-2	cell = 512 to 519
-17	-8	-7	22	-37	-18	0	-8	cell = 520 to 527
-9	-56	-15	-28	0	1	-17	-18	cell = 528 to 535
-9	-15	-14	-34	-16	13	-8	-28	cell = 536 to 543
-13	-31	-19	-13	-12	5	-53	-16	cell = 544 to 551
15	-7	-17	-3	4	9	-25	-5	cell = 552 to 559
-6	-16	-43	-11	-24	25	-9	-41	cell = 560 to 567
-57	-8	-4	-36	6	-35	-35	3	cell = 568 to 575
-13	-49	26	-43	-39	-9	-9	29	cell = 576 to 583
-25	-12	7	-3	-37	-1	-22	-6	cell = 584 to 591
39	-8	2	-15	-8	7	-6	24	cell = 592 to 599
-20	-26	1	-44	8	-29	-66	-13	cell = 600 to 607
-11	-51	-24	-22	-6	-51	-7	-29	cell = 608 to 615
22	-11	-32	1	-27	-9	-22	-9	cell = 616 to 623
-16	-47	0	-53	-9	-36	3	-2	cell = 624 to 631
-26	10	-22	-7	-31	-22	-24	-32	cell = 632 to 639
-32	-39	-36	-6	-25	19	-29	-5	cell = 640 to 647
28	1	-7	-49	-56	-21	5	-31	cell = 648 to 655
-9	-2	0	12	-9	-11	-23	-27	cell = 656 to 663
-15	-15	-13	-10	30	-12	16	-44	cell = 664 to 671
-10	4	-4	-23	-8	19	22	-43	cell = 672 to 679
-30	-5	-51	6	-16	-46	-3	-21	cell = 680 to 687
-37	0	-15	-3	-10	-5	-29	-49	cell = 688 to 695
-31	-37	-19	37	-17	-37	-26	-9	cell = 696 to 703
-41	-27	-39	11	-8	2	-34	-33	cell = 704 to 711
-13	-5	6	6	15	-59	-23	5	cell = 712 to 719
-21	-27	-70	7	-12	-31	-29	-12	cell = 720 to 727
10	-9	1	-7	-13	-4	-29	-60	cell = 728 to 735
-2	-27	-20	-42	0	16	-32	-6	cell = 736 to 743
23	-31	-13	-24	-39	-18	-51	-52	cell = 744 to 751
-14	-9	-11	19	-26	-8	-53	3	cell = 752 to 759
17	-9	-17	15	-54	-32	-3	26	cell = 760 to 767
-15	0	-55	15	-36	-7	-12	24	cell = 768 to 775
7	-23	-23	10	11	-21	-24	36	cell = 776 to 783
-33	-41	-20	-25	15	-49	-36	-11	cell = 784 to 791
-49	-33	-12	1	-5	-43	-22	11	cell = 792 to 799
-8	16	-35	22	-74	-6	-49	11	cell = 800 to 807
0	-32	-10	-13	-14	28	-33	8	cell = 808 to 815
0	-74	-27	-47	-28	-13	1	-24	cell = 816 to 823
-49	6	-39	2	8	-26	-87	-28	cell = 824 to 831
-23	-24	-26	-24	-1	-61	-36	-16	cell = 832 to 839
-29	-43	-38	-10	-41	-14	-50	23	cell = 840 to 847
-12	7	5	25	8	4	-11	-10	cell = 848 to 855
-11	-14	3	11	-3	-55	10	6	cell = 856 to 863
-35	1	-52	-45	-59	-10	1	-12	cell = 864 to 871
9	7	-2	-35	-12	-70	-34	-38	cell = 872 to 879
-20	5	-34	-28	-6	-6	-20	-17	cell = 880 to 887
-13	-24	-16	-46	-43	5	27	-18	cell = 888 to 895
-26	-31	-25	-30	4	49	-36	2	cell = 896 to 903
-27	-23	8	-14	-15	30	-4	-14	cell = 904 to 911
21	3	-21	-27	-50	-8	-5	6	cell = 912 to 919
-30	-6	13	-38	8	-21	-29	-28	cell = 920 to 927
-62	-36	-25	-30	-11	-34	-26	-18	cell = 928 to 935
15	8	16	-12	-26	-31	-17	0	cell = 936 to 943
10	-34	9	-4	-8	-40	7	10	cell = 944 to 951
-42	-28	-30	-12	-28	-27	-44	-12	cell = 952 to 959
-21	17	-12	-32	-14	22	-5	-42	cell = 960 to 967
-24	-2	-1	-29	4	-30	-65	13	cell = 968 to 975
-20	-6	7	-25	-52	9	-51	-37	cell = 976 to 983
-4	-3	-40	-21	-9	-3	-43	54	cell = 984 to 991
-49	-5	-32	-14	13	-4	0	-14	cell = 992 to 999
-27	-25	0	-6	-43	-31	-44	-53	cell = 1000 to 1007
2	-34	-33	-17	-32	3	-29	-15	cell = 1008 to 1015
-39	-45	-43	-39	-10	-37	-53	-7	cell = 1016 to 1023
Calibration values from cell 0 to 1024 for channel 4:

40	8	44	1	29	-29	49	-57	cell = 0 to 7
40	-3	53	-39	76	40	35	-21	cell = 8 to 15
29	-36	52	-6	41	-21	50	28	cell = 16 to 23
35	-26	24	-22	58	-6	59	-9	cell = 24 to 31
47	1	29	-40	24	12	29	-26	cell = 32 to 39
79	6	43	26	68	0	61	-25	cell = 40 to 47
45	0	56	9	54	-27	28	-65	cell = 48 to 55
9	13	57	-20	34	-20	46	-10	cell = 56 to 63
63	13	38	-1	24	-17	26	-16	cell = 64 to 71
57	-10	42	-23	48	17	26	8	cell = 72 to 79
40	7	67	-30	36	33	81	-10	cell = 80 to 87
35	-17	54	2	47	6	40	-22	cell = 88 to 95
38	-2	10	-7	61	16	87	-4	cell = 96 to 103
51	-11	22	-27	50	-2	46	-20	cell = 104 to 111
46	4	37	30	22	9	44	25	cell = 112 to 119
32	15	41	7	31	2	70	-9	cell = 120 to 127
52	-18	54	-25	38	0	62	7	cell = 128 to 135
28	18	49	0	35	-6	66	24	cell = 136 to 143
46	28	59	18	59	-50	48	-27	cell = 144 to 151
48	-4	49	-9	40	12	18	-24	cell = 152 to 159
47	-9	66	12	78	2	65	-22	cell = 160 to 167
72	10	38	-24	30	-15	64	-17	cell = 168 to 175
28	-13	7	-14	27	16	35	-36	cell = 176 to 183
28	-5	45	-31	46	27	55	-40	cell = 184 to 191
51	25	58	8	44	7	55	-52	cell = 192 to 199
10	13	71	4	73	-27	-5	14	cell = 200 to 207
48	18	51	-11	57	8	38	-4	cell = 208 to 215
44	-18	34	-11	26	27	36	-23	cell = 216 to 223
38	12	32	-19	-6	-17	39	-27	cell = 224 to 231
13	27	59	4	39	-6	40	1	cell = 232 to 239
39	-31	60	-5	41	8	43	-28	cell = 240 to 247
36	-20	18	-24	51	19	23	-16	cell = 248 to 255
33	3	20	-3	47	-25	17	-16	cell = 256 to 263
42	-5	12	13	36	-10	17	7	cell = 264 to 271
53	25	42	-19	48	15	42	-27	cell = 272 to 279
55	4	73	-4	18	5	27	-17	cell = 280 to 287
35	1	43	1	38	-17	73	13	cell = 288 to 295
31	-9	25	-16	10	11	68	-11	cell = 296 to 303
60	7	43	15	27	0	43	-27	cell = 304 to 311
19	19	43	3	27	-31	69	8	cell = 312 to 319
7	-4	41	4	59	22	51	4	cell = 320 to 327
40	5	29	-19	56	50	61	-21	cell = 328 to 335
64	-10	65	7	50	-7	47	2	cell = 336 to 343
39	19	48	-4	34	-22	43	1	cell = 344 to 351
33	17	16	-23	44	-18	77	6	cell = 352 to 359
3	-20	18	8	2	8	76	13	cell = 360 to 367
58	-20	37	-8	1	-2	16	7	cell = 368 to 375
57	38	33	-9	44	-36	26	-62	cell = 376 to 383
61	3	52	-13	25	15	46	12	cell = 384 to 391
55	0	31	-22	29	6	74	-29	cell = 392 to 399
19	15	-9	2	63	50	55	15	cell = 400 to 407
68	0	39	21	46	8	32	5	cell = 408 to 415
38	37	39	-35	12	7	43	29	cell = 416 to 423
11	-28	65	1	55	13	44	-10	cell = 424 to 431
-10	11	51	-27	15	4	50	-43	cell = 432 to 439
40	-10	20	-31	21	-5	66	-13	cell = 440 to 447
40	15	52	16	36	17	21	9	cell = 448 to 455
17	21	65	-18	40	22	54	5	cell = 456 to 463
23	5	55	6	58	9	48	-10	cell = 464 to 471
55	-6	17	-20	35	-11	44	4	cell = 472 to 479
29	-30	22	-29	60	20	41	-7	cell = 480 to 487
35	-19	45	-10	12	-4	37	-22	cell = 488 to 495
24	-14	3	-104	-57	-82	-22	-102	cell = 496 to 503
24	5	36	-15	21	6	50	-15	cell = 504 to 511
-37	-63	-24	-41	-6	-27	3	-3	cell = 512 to 519
-22	-41	-53	0	-13	1	18	38	cell = 520 to 527
3	-45	-44	9	-60	-5	-41	-17	cell = 528 to 535
-26	-21	-72	-25	-9	-54	-16	-19	cell = 536 to 543
-33	-30	-19	-21	-23	52	-53	-32	cell = 544 to 551
-7	-25	-31	34	13	4	-35	-52	cell = 552 to 559
1	39	-55	13	-27	-18	-13	-8	cell = 560 to 567
-51	-67	-1	-17	-44	-6	-57	0	cell = 568 to 575
-40	-29	-1	-51	-11	-9	-26	-16	cell = 576 to 583
-11	-21	-29	-9	-49	-32	-7	-61	cell = 584 to 591
-37	-3	-32	-10	-63	-20	-26	14	cell = 592 to 599
18	-40	-29	-2	-52	-32	0	-14	cell = 600 to 607
-15	-22	-35	-29	-52	-3	3	-12	cell = 608 to 615
-15	-41	4	29	-4	-51	4	-42	cell = 616 to 623
-31	29	-31	-9	-15	-35	-26	-5	cell = 624 to 631
0	-21	-3	-6	-18	-9	-34	-11	cell = 632 to 639
-9	-27	-29	-6	5	13	-5	8	cell = 640 to 647
-21	-46	-25	-4	20	-16	-18	-7	cell = 648 to 655
21	-2	-28	41	-16	-33	-5	-28	cell = 656 to 663
0	-4	-39	13	-23	-6	-41	33	cell = 664 to 671
-81	-25	-14	-6	9	-37	-33	-13	cell = 672 to 679
-40	-2	-31	0	23	-38	-5	-32	cell = 680 to 687
-23	-9	-7	18	18	-23	-5	-8	cell = 688 to 695
9	-13	7	-3	-47	-26	-62	0	cell = 696 to 703
9	-18	-49	-11	0	-35	-1	-21	cell = 704 to 711
-27	-30	1	-42	-24	-31	17	-9	cell = 712 to 719
-27	-44	41	-20	-30	-37	-39	-24	cell = 720 to 727
11	-20	-12	20	-33	-15	-37	-6	cell = 728 to 735
-10	-11	-26	-35	11	6	-15	-27	cell = 736 to 743
-22	9	-4	-20	22	-8	-60	-5	cell = 744 to 751
-13	21	1	-44	-29	-15	-21	-6	cell = 752 to 759
-36	9	-33	-42	-31	-14	-5	-6	cell = 760 to 767
-4	-39	5	-10	-23	-20	-5	-34	cell = 768 to 775
-38	1	-20	-21	-39	-12	-16	-27	cell = 776 to 783
2	-28	-30	-31	10	-19	-42	-27	cell = 784 to 791
33	-18	-52	-35	-37	26	-34	-10	cell = 792 to 799
-20	-4	-28	-26	-3	-21	-43	-30	cell = 800 to 807
-8	-20	-25	-42	-12	-52	-61	-27	cell = 808 to 815
0	-34	-18	-21	34	-31	-48	-47	cell = 816 to 823
-36	-25	-18	-23	-17	-5	-27	-22	cell = 824 to 831
-24	-59	-18	-37	-8	7	-30	36	cell = 832 to 839
-52	14	-14	-9	-11	-8	-19	-40	cell = 840 to 847
-24	-20	8	-5	-38	-25	-53	-16	cell = 848 to 855
-29	-27	-44	-15	5	-32	-28	-1	cell = 856 to 863
-13	-5	-5	-13	-50	-40	7	-19	cell = 864 to 871
-16	-22	-28	-21	-15	-26	-15	8	cell = 872 to 879
5	9	-15	-5	1	15	5	-24	cell = 880 to 887
-10	-13	-37	4	-18	-30	-8	-31	cell = 888 to 895
-51	-1	8	-9	21	-3	-56	-9	cell = 896 to 903
-45	25	13	39	-10	-33	-5	-14	cell = 904 to 911
7	10	-5	13	-49	-21	-57	-7	cell = 912 to 919
-10	17	0	-47	-26	10	-7	-16	cell = 920 to 927
-57	-52	-23	-4	-11	-26	-15	-57	cell = 928 to 935
0	-22	-22	-10	-14	-15	-26	-50	cell = 936 to 943
-4	-11	-16	-21	-33	5	-22	-13	cell = 944 to 951
-27	-28	-36	-32	-1	-64	-62	0	cell = 952 to 959
-23	-8	-32	3	-20	-47	-51	-44	cell = 960 to 967
-21	9	-58	-63	18	-21	-45	-17	cell = 968 to 975
-31	-8	-34	1	17	-59	-36	-35	cell = 976 to 983
-2	-11	-32	-28	-1	-47	-7	-43	cell = 984 to 991
15	-8	-7	-32	1	0	-62	6	cell = 992 to 999
-32	33	7	-2	0	0	-19	-46	cell = 1000 to 1007
14	7	-9	-48	8	-40	13	-21	cell = 1008 to 1015
-51	-39	-8	-15	-49	-35	0	-36	cell = 1016 to 1023
Calibration values from cell 0 to 1024 for channel 5:

42	28	21	-21	37	-22	45	-13	cell = 0 to 7
24	0	39	5	51	39	69	-17	cell = 8 to 15
32	-16	12	-7	38	-32	24	-25	cell = 16 to 23
45	5	68	14	20	-22	21	-51	cell = 24 to 31
89	-7	48	3	28	36	32	10	cell = 32 to 39
45	-3	50	-19	20	-10	33	27	cell = 40 to 47
60	47	52	16	38	-29	69	8	cell = 48 to 55
48	-20	26	31	34	12	-8	1	cell = 56 to 63
-3	-11	36	-28	33	-17	38	-30	cell = 64 to 71
35	28	57	-3	64	5	40	9	cell = 72 to 79
14	9	55	0	10	-13	34	-24	cell = 80 to 87
58	-13	23	-8	20	-22	2	30	cell = 88 to 95
43	-2	56	-40	43	-36	51	-36	cell = 96 to 103
1	-31	64	5	41	40	38	-8	cell = 104 to 111
37	-18	24	-9	60	-10	9	8	cell = 112 to 119
49	32	70	-44	46	2	7	-61	cell = 120 to 127
15	-50	49	-24	15	-42	42	38	cell = 128 to 135
49	23	46	-12	30	15	42	-1	cell = 136 to 143
39	-22	4	-23	34	4	65	-15	cell = 144 to 151
44	41	32	18	35	-7	3	-18	cell = 152 to 159
62	32	34	-39	60	5	55	-5	cell = 160 to 167
60	-17	32	-26	25	-12	45	-46	cell = 168 to 175
7	13	73	3	8	19	58	-10	cell = 176 to 183
42	-13	54	-20	16	-36	51	-31	cell = 184 to 191
80	-34	11	-42	22	32	23	2	cell = 192 to 199
26	-13	61	-30	-13	-3	43	-35	cell = 200 to 207
16	-17	25	-24	36	16	53	-36	cell = 208 to 215
25	-11	73	-29	18	7	4	1	cell = 216 to 223
59	-27	23	-30	8	6	19	-41	cell = 224 to 231
49	0	40	-5	83	-14	36	-6	cell = 232 to 239
18	-33	59	-16	68	10	21	5	cell = 240 to 247
55	19	43	-39	13	23	22	7	cell = 248 to 255
64	-10	27	-11	42	13	61	3	cell = 256 to 263
31	-30	18	-25	43	1	44	-36	cell = 264 to 271
29	5	60	-2	22	-8	60	19	cell = 272 to 279
36	16	43	-14	47	-16	12	-11	cell = 280 to 287
50	-2	6	-16	56	16	55	-18	cell = 288 to 295
19	-27	57	6	73	-36	59	-30	cell = 296 to 303
45	-11	68	-46	78	8	67	21	cell = 304 to 311
15	7	60	-26	32	-3	23	-20	cell = 312 to 319
22	-18	62	-17	29	-30	70	16	cell = 320 to 327
20	49	15	-10	39	1	39	-25	cell = 328 to 335
50	-29	28	-17	17	-61	36	-16	cell = 336 to 343
47	-3	44	13	44	-46	37	-20	cell = 344 to 351
53	-37	43	-5	13	-29	52	0	cell = 352 to 359
23	-21	41	2	73	-12	57	14	cell = 360 to 367
32	2	82	-15	37	28	15	-10	cell = 368 to 375
41	15	31	-2	34	26	6	3	cell = 376 to 383
52	-10	41	7	22	30	51	4	cell = 384 to 391
78	-35	19	-17	39	18	43	22	cell = 392 to 399
28	-5	63	14	33	12	66	18	cell = 400 to 407
6	27	46	-23	62	-23	60	9	cell = 408 to 415
25	10	62	-8	78	36	50	-19	cell = 416 to 423
39	-6	46	-9	41	9	27	-21	cell = 424 to 431
-5	-45	84	27	30	-10	43	24	cell = 432 to 439
38	-13	50	30	13	-23	39	-24	cell = 440 to 447
10	-19	75	-11	45	-28	50	5	cell = 448 to 455
13	3	57	12	58	20	11	-7	cell = 456 to 463
33	32	35	56	43	2	75	-27	cell = 464 to 471
46	-38	77	-35	38	-3	58	-39	cell = 472 to 479
13	6	17	7	28	-25	43	-2	cell = 480 to 487
75	-12	54	-48	27	-12	50	15	cell = 488 to 495
57	7	-9	-67	-5	-81	-42	-73	cell = 496 to 503
26	-24	7	-8	71	13	32	-22	cell = 504 to 511
0	-32	12	0	-58	-3	16	17	cell = 512 to 519
-15	-3	-41	-51	7	-18	-60	18	cell = 520 to 527
-18	1	-40	-13	-23	-43	-28	-53	cell = 528 to 535
-57	-41	3	-1	-12	-26	-58	-41	cell = 536 to 543
-59	-32	-19	-13	-11	3	-50	-24	cell = 544 to 551
-32	0	-31	-17	-30	-9	-20	-19	cell = 552 to 559
0	-27	-32	-16	-21	-25	-20	-1	cell = 560 to 567
-32	-64	-19	4	-34	-33	-50	26	cell = 568 to 575
1	-20	-56	2	-34	-18	-25	15	cell = 576 to 583
-9	1	-26	-10	-9	9	-10	-10	cell = 584 to 591
-16	-26	-30	-60	0	-25	-53	-6	cell = 592 to 599
19	-7	-9	-23	-29	-13	-62	-27	cell = 600 to 607
-16	-20	-26	-25	-6	2	-20	-10	cell = 608 to 615
-26	-21	18	0	-14	-17	-42	-25	cell = 616 to 623
-42	-11	-37	-31	-18	-25	-30	8	cell = 624 to 631
21	-14	-9	-4	-44	18	-8	-7	cell = 632 to 639
-12	-45	6	-46	2	-39	-27	-19	cell = 640 to 647
7	-21	-52	-14	-36	-27	-3	-28	cell = 648 to 655
-3	-3	-24	-21	24	2	-42	-11	cell = 656 to 663
26	-16	-43	1	-13	-32	-30	4	cell = 664 to 671
-48	-27	-8	37	-68	-13	-40	-12	cell = 672 to 679
-10	-42	-37	23	-37	-24	-39	8	cell = 680 to 687
-43	-63	-17	-21	-9	0	-4	-17	cell = 688 to 695
19	-8	-75	-21	2	-24	-53	-9	cell = 696 to 703
-17	13	-23	-3	-3	1	-14	16	cell = 704 to 711
-11	-6	-30	11	-39	-39	-8	-37	cell = 712 to 719
-50	37	-40	25	9	-2	-1	11	cell = 720 to 727
-2	2	-14	5	-25	-16	-10	-23	cell = 728 to 735
-24	-53	5	23	-28	-4	-58	31	cell = 736 to 743
-18	6	-7	-4	-20	23	-19	-7	cell = 744 to 751
42	-29	-44	-11	-26	-31	-1	-10	cell = 752 to 759
-13	0	-46	-8	-32	-11	-53	-21	cell = 760 to 767
-12	-19	-6	6	19	-18	-35	-26	cell = 768 to 775
24	-55	-9	-20	-24	-14	-52	13	cell = 776 to 783
-3	-13	3	-14	-2	-11	-17	4	cell = 784 to 791
-15	-2	-23	17	-39	-7	-34	7	cell = 792 to 799
-17	-37	5	5	-32	-45	-9	5	cell = 800 to 807
-19	-54	-26	-49	-16	-26	24	-22	cell = 808 to 815
21	-19	-39	-11	-34	-8	-21	7	cell = 816 to 823
-39	-19	-54	-33	-22	-32	16	-29	cell = 824 to 831
12	-16	-17	12	-27	10	-38	-9	cell = 832 to 839
4	-24	-10	2	-10	15	-29	3	cell = 840 to 847
11	-46	-7	9	9	-11	-27	-33	cell = 848 to 855
-17	9	-24	-27	-55	1	-55	29	cell = 856 to 863
9	-26	20	-9	-3	-12	-12	23	cell = 864 to 871
-23	-27	-52	-31	-11	-5	-22	-27	cell = 872 to 879
-42	-39	25	-35	-2	-22	-46	7	cell = 880 to 887
-14	-9	-14	-16	-21	-14	5	-27	cell = 888 to 895
-11	-13	-20	-44	-8	7	-24	-60	cell = 896 to 903
-29	-2	0	30	-18	12	-38	-41	cell = 904 to 911
-30	1	-28	-15	-2	-31	-31	18	cell = 912 to 919
-17	-16	-3	-20	-11	-43	-62	-21	cell = 920 to 927
1	-16	-35	27	11	-10	-57	-74	cell = 928 to 935
-39	13	-7	9	-24	-16	-24	2	cell = 936 to 943
16	-11	11	-14	-10	-20	5	-14	cell = 944 to 951
13	-36	8	24	-4	13	-44	1	cell = 952 to 959
-15	-4	-31	-15	-16	-6	-24	-14	cell = 960 to 967
-2	17	-27	-14	23	-18	-29	-6	cell = 968 to 975
-15	-36	-15	6	-55	-34	-35	34	cell = 976 to 983
24	-12	-56	-18	6	5	2	-14	cell = 984 to 991
-2	-46	-12	-23	-7	-15	1	-6	cell = 992 to 999
-55	31	-50	-14	-32	-19	-34	-18	cell = 1000 to 1007
1	9	-6	-4	3	-28	-28	-22	cell = 1008 to 1015
-24	-3	-33	-32	-4	7	-25	-9	cell = 1016 to 1023
Calibration values from cell 0 to 1024 for channel 6:

44	-16	-2	-14	69	18	4	1	cell = 0 to 7
51	17	26	-12	22	44	62	39	cell = 8 to 15
42	17	36	-38	24	1	104	-7	cell = 16 to 23
35	26	-4	-6	48	-29	19	-14	cell = 24 to 31
25	-14	52	-17	3	21	15	26	cell = 32 to 39
44	3	90	-27	64	2	17	10	cell = 40 to 47
58	3	40	-4	53	-2	36	-3	cell = 48 to 55
31	15	44	-22	32	-12	25	-13	cell = 56 to 63
33	-23	21	22	15	-28	10	13	cell = 64 to 71
64	-2	36	0	25	-30	25	-18	cell = 72 to 79
30	18	55	-5	26	-38	25	18	cell = 80 to 87
48	0	50	25	49	-10	50	28	cell = 88 to 95
53	-14	9	-5	35	-21	45	-11	cell = 96 to 103
33	-12	48	3	-5	22	50	2	cell = 104 to 111
54	-11	11	-34	52	4	84	11	cell = 112 to 119
39	17	54	-11	20	-14	78	-59	cell = 120 to 127
26	-18	31	-25	29	14	20	-10	cell = 128 to 135
19	-11	15	14	40	15	20	0	cell = 136 to 143
76	31	27	22	52	-7	51	-11	cell = 144 to 151
56	-21	1	-48	-16	-14	46	22	cell = 152 to 159
15	-15	80	-27	18	3	46	4	cell = 160 to 167
10	3	65	-6	68	-5	27	-26	cell = 168 to 175
60	23	4	-16	1	25	92	12	cell = 176 to 183
81	-51	36	-53	36	25	27	12	cell = 184 to 191
55	13	9	6	-12	29	65	-12	cell = 192 to 199
110	-27	26	-20	52	22	33	-4	cell = 200 to 207
26	-11	60	-10	-8	2	46	-17	cell = 208 to 215
16	0	64	5	68	-15	75	-23	cell = 216 to 223
54	-24	57	10	-15	4	93	10	cell = 224 to 231
27	1	44	-22	70	33	14	32	cell = 232 to 239
5	0	5	9	37	-14	47	-13	cell = 240 to 247
39	30	41	-39	-5	15	10	-18	cell = 248 to 255
69	-5	43	-8	44	-17	76	4	cell = 256 to 263
9	-12	27	23	72	-32	48	3	cell = 264 to 271
16	-42	58	15	57	11	32	10	cell = 272 to 279
24	0	40	3	36	30	61	-21	cell = 280 to 287
75	4	57	13	36	-15	35	-10	cell = 288 to 295
18	19	4	-15	27	21	44	18	cell = 296 to 303
62	-45	64	-7	60	19	40	0	cell = 304 to 311
24	-13	71	-26	4	-2	55	-22	cell = 312 to 319
19	28	40	20	35	1	64	-12	cell = 320 to 327
32	3	30	-6	53	-2	52	-8	cell = 328 to 335
40	-29	68	-19	64	6	72	-5	cell = 336 to 343
22	21	16	-3	15	0	39	-11	cell = 344 to 351
20	43	38	-16	50	-3	74	2	cell = 352 to 359
34	-5	33	-5	27	-13	73	-42	cell = 360 to 367
22	18	21	5	23	17	28	5	cell = 368 to 375
30	34	37	-4	53	-27	22	0	cell = 376 to 383
18	6	45	-26	24	-28	31	5	cell = 384 to 391
32	-30	51	-14	31	-5	50	-13	cell = 392 to 399
56	-38	35	26	14	36	55	4	cell = 400 to 407
50	-12	35	7	12	-22	16	-8	cell = 408 to 415
58	-56	74	2	34	-14	59	-6	cell = 416 to 423
6	-14	48	-47	42	-18	32	-8	cell = 424 to 431
44	1	29	-11	42	-25	33	-9	cell = 432 to 439
25	-21	32	17	34	12	11	-50	cell = 440 to 447
30	12	-3	14	35	35	33	-20	cell = 448 to 455
46	16	48	-21	62	16	8	-28	cell = 456 to 463
64	-5	29	1	25	18	40	-43	cell = 464 to 471
47	5	58	-27	20	-8	28	-15	cell = 472 to 479
15	-40	61	-10	41	14	38	7	cell = 480 to 487
7	-9	71	-3	23	27	54	15	cell = 488 to 495
69	-28	-45	-87	-58	-80	-21	-63	cell = 496 to 503
16	-14	27	11	28	3	13	-17	cell = 504 to 511
-34	-69	-30	-9	-43	-34	-7	-5	cell = 512 to 519
-19	-25	-4	-37	-9	0	-22	-8	cell = 520 to 527
-25	21	-8	9	8	-20	2	-8	cell = 528 to 535
-18	0	-7	-7	-31	-26	-60	-13	cell = 536 to 543
0	-20	-11	9	-25	-31	17	-5	cell = 544 to 551
-53	-38	-48	-43	-36	-7	-56	-27	cell = 552 to 559
-26	-11	-5	9	-38	-35	-77	16	cell = 560 to 567
-29	-1	-24	-31	-10	-9	-9	0	cell = 568 to 575
-17	9	-23	-32	-16	14	-45	-20	cell = 576 to 583
-61	-13	-21	-7	-20	-10	-3	-5	cell = 584 to 591
33	-46	-39	12	-19	8	-27	-48	cell = 592 to 599
-33	1	-11	-8	-32	-37	-31	-8	cell = 600 to 607
26	-8	-9	-7	24	4	-8	-17	cell = 608 to 615
-41	20	-12	-44	-19	-16	0	-13	cell = 616 to 623
11	-31	-22	-19	-37	-12	-9	14	cell = 624 to 631
-38	-34	-26	-27	7	-37	-19	-57	cell = 632 to 639
-10	-47	30	-20	-20	-39	2	-20	cell = 640 to 647
-22	3	9	-30	3	-80	-20	0	cell = 648 to 655
-23	0	20	-1	-30	-27	-75	-12	cell = 656 to 663
-14	20	-12	22	-27	-22	-12	11	cell = 664 to 671
-27	-43	-43	-63	-30	-8	-2	-5	cell = 672 to 679
-15	10	-23	-18	-26	-33	-33	0	cell = 680 to 687
-4	-56	-53	4	-41	-15	-41	17	cell = 688 to 695
0	-3	-39	-15	21	17	-39	-42	cell = 696 to 703
8	-3	12	22	-31	-36	18	-1	cell = 704 to 711
-15	-37	-23	-35	-26	-36	-8	23	cell = 712 to 719
-34	-48	-10	-33	-18	4	0	-16	cell = 720 to 727
0	5	-29	-14	-25	-38	-18	-38	cell = 728 to 735
12	3	-24	8	-21	-23	-21	5	cell = 736 to 743
-21	-26	-29	2	-9	-41	-10	19	cell = 744 to 751
-48	-2	-36	-10	-48	21	-33	-16	cell = 752 to 759
2	2	15	-17	8	21	-25	-29	cell = 760 to 767
-12	-3	-9	-13	-42	6	-14	26	cell = 768 to 775
9	-3	-53	-14	-18	-18	-26	-19	cell = 776 to 783
-4	30	-24	-20	-27	5	-16	-6	cell = 784 to 791
-7	0	13	-44	-9	-5	4	-2	cell = 792 to 799
-26	6	-18	-18	-26	-32	-49	-6	cell = 800 to 807
-21	-28	-1	-23	0	-66	-29	22	cell = 808 to 815
-26	-24	11	-7	-22	-5	36	-35	cell = 816 to 823
-13	-19	-25	16	-31	-4	-46	-40	cell = 824 to 831
-39	4	-15	17	-1	-19	-31	14	cell = 832 to 839
15	-43	-52	-22	-28	8	-28	23	cell = 840 to 847
-31	-6	-25	-24	-19	-16	-74	12	cell = 848 to 855
-34	-32	-14	6	22	-27	-20	-21	cell = 856 to 863
-43	-28	7	-35	-42	-10	-18	-16	cell = 864 to 871
-3	-14	-13	1	-20	-49	1	-22	cell = 872 to 879
-25	-9	-43	-3	-17	-50	-42	-16	cell = 880 to 887
46	-24	-17	22	-1	-42	-30	-9	cell = 888 to 895
-11	-17	3	-63	-32	-2	-34	-24	cell = 896 to 903
-19	1	-45	9	-27	6	1	10	cell = 904 to 911
4	3	-13	-18	-2	14	-4	10	cell = 912 to 919
-2	14	6	-30	-12	-37	-26	11	cell = 920 to 927
-21	-2	-24	8	13	-14	-35	5	cell = 928 to 935
0	-3	-13	-12	-25	-17	-31	-40	cell = 936 to 943
11	-6	-8	-19	-32	-31	-26	-16	cell = 944 to 951
5	-31	-20	-49	-28	-53	5	-53	cell = 952 to 959
-34	-69	-9	0	-15	-25	-23	-61	cell = 960 to 967
-34	27	-22	4	-39	-11	-20	-23	cell = 968 to 975
-38	8	-14	-14	-60	-35	-53	18	cell = 976 to 983
6	-28	1	-19	7	22	-30	10	cell = 984 to 991
12	-15	-54	-32	-36	-43	-6	-14	cell = 992 to 999
-28	-27	-22	-9	-20	-40	-20	14	cell = 1000 to 1007
-28	-50	-38	-11	-16	-3	-15	-21	cell = 1008 to 1015
-36	-30	-8	-16	-26	-22	-62	-44	cell = 1016 to 1023
Calibration values from cell 0 to 1024 for channel 7:

-22	-9	44	-3	38	5	72	1	cell = 0 to 7
63	-17	26	-23	43	0	12	19	cell = 8 to 15
59	-74	36	-8	15	-31	33	-22	cell = 16 to 23
2	-7	18	21	1	-12	47	1	cell = 24 to 31
63	-11	41	12	33	7	29	-17	cell = 32 to 39
38	1	40	-39	48	-5	34	-18	cell = 40 to 47
59	-5	34	-2	29	-1	27	6	cell = 48 to 55
45	73	58	-28	42	-7	49	-3	cell = 56 to 63
-7	-7	91	12	47	10	44	12	cell = 64 to 71
28	-10	18	-3	26	0	66	12	cell = 72 to 79
25	-19	66	25	24	4	24	13	cell = 80 to 87
74	18	56	-24	24	-2	76	36	cell = 88 to 95
52	6	30	-37	23	-15	51	-46	cell = 96 to 103
40	-2	85	-15	76	-31	59	-16	cell = 104 to 111
72	-10	52	-17	42	-14	73	-8	cell = 112 to 119
-3	-15	17	7	23	15	64	-38	cell = 120 to 127
6	-1	55	-58	27	-3	75	22	cell = 128 to 135
44	-1	47	21	59	1	71	-22	cell = 136 to 143
21	-26	39	17	65	2	48	-3	cell = 144 to 151
61	-10	70	2	25	9	43	-7	cell = 152 to 159
17	6	23	6	24	11	32	-3	cell = 160 to 167
26	29	70	-22	11	22	36	-5	cell = 168 to 175
21	-18	26	4	39	40	32	-31	cell = 176 to 183
40	-2	26	-16	37	22	25	-38	cell = 184 to 191
37	14	14	10	33	9	49	-33	cell = 192 to 199
40	-11	43	-2	14	3	80	0	cell = 200 to 207
58	-43	36	9	70	-9	68	-27	cell = 208 to 215
43	-14	6	-28	9	0	62	-11	cell = 216 to 223
32	5	56	-18	70	-33	66	-3	cell = 224 to 231
35	3	73	-9	17	-13	48	15	cell = 232 to 239
-16	-30	38	10	19	28	45	2	cell = 240 to 247
37	-15	36	2	14	-20	51	-8	cell = 248 to 255
-1	18	35	-25	2	-28	18	-7	cell = 256 to 263
29	5	50	-16	26	-5	27	0	cell = 264 to 271
13	-34	13	18	38	-19	52	-23	cell = 272 to 279
24	5	53	5	51	10	3	-51	cell = 280 to 287
24	27	45	-14	34	-2	44	-1	cell = 288 to 295
50	-15	79	24	48	-22	23	12	cell = 296 to 303
92	-19	24	-2	40	13	72	0	cell = 304 to 311
5	-17	70	-6	32	-20	66	-36	cell = 312 to 319
12	-12	33	12	57	-30	28	-31	cell = 320 to 327
29	2	54	-21	16	-23	3	4	cell = 328 to 335
18	-28	34	40	29	41	44	3	cell = 336 to 343
29	14	60	-1	67	5	34	-33	cell = 344 to 351
58	-1	2	25	21	1	29	10	cell = 352 to 359
18	-19	20	36	46	-17	49	-23	cell = 360 to 367
60	0	48	-20	55	-35	61	4	cell = 368 to 375
13	-9	37	-19	73	-6	54	-8	cell = 376 to 383
15	-23	25	10	25	11	7	-30	cell = 384 to 391
70	20	32	20	30	-6	80	-10	cell = 392 to 399
50	20	27	1	41	4	29	-47	cell = 400 to 407
53	7	12	29	59	-26	36	-13	cell = 408 to 415
5	15	62	-34	56	9	71	11	cell = 416 to 423
41	17	28	-3	33	-30	115	-20	cell = 424 to 431
41	9	32	25	12	4	73	-40	cell = 432 to 439
23	-18	61	0	13	3	73	7	cell = 440 to 447
61	-37	47	5	32	-10	55	-28	cell = 448 to 455
3	-7	60	-19	19	6	28	-44	cell = 456 to 463
59	-5	75	-6	21	-29	29	-18	cell = 464 to 471
-15	12	23	-5	-7	14	20	-9	cell = 472 to 479
19	6	60	-27	53	14	47	19	cell = 480 to 487
82	14	16	-2	10	18	13	17	cell = 488 to 495
-7	11	-13	-91	26	-37	-27	-93	cell = 496 to 503
25	-26	23	-8	11	-11	30	-24	cell = 504 to 511
-26	5	-9	17	-11	6	-34	-22	cell = 512 to 519
-17	-14	-47	27	0	-10	-24	6	cell = 520 to 527
20	9	-24	10	-12	37	-30	-7	cell = 528 to 535
-34	-21	1	22	-41	-27	-26	-32	cell = 536 to 543
-37	-45	-36	-3	-24	30	-46	-25	cell = 544 to 551
-6	13	-34	1	-21	-36	-28	-33	cell = 552 to 559
-8	-20	-8	7	0	-18	-46	-5	cell = 560 to 567
-33	-13	-2	-14	-26	-26	-20	-42	cell = 568 to 575
-18	-21	-48	-18	1	31	-31	-30	cell = 576 to 583
-52	5	-31	-2	-25	-17	-37	-12	cell = 584 to 591
7	-12	-10	-20	40	6	-48	-6	cell = 592 to 599
-1	12	-14	-18	-23	-13	-41	-11	cell = 600 to 607
-10	-21	16	-10	-20	-14	-24	9	cell = 608 to 615
-4	-8	-9	-14	-4	-11	2	8	cell = 616 to 623
-41	-29	-46	-36	22	-10	-55	-22	cell = 624 to 631
-34	-15	-20	-20	13	7	-69	-25	cell = 632 to 639
6	-26	14	-11	-8	-58	-36	14	cell = 640 to 647
23	6	18	18	-8	-14	-33	-7	cell = 648 to 655
-25	-27	-6	-44	2	-5	-21	-35	cell = 656 to 663
8	-22	2	-36	-19	3	-25	4	cell = 664 to 671
-24	-51	-53	-30	-6	23	19	7	cell = 672 to 679
17	-23	-60	-1	-10	-45	-58	11	cell = 680 to 687
-25	-19	-27	-54	-4	-25	-37	-50	cell = 688 to 695
-1	-35	-19	-36	-29	-10	-9	-4	cell = 696 to 703
-24	-19	-14	-39	38	-14	-57	-37	cell = 704 to 711
-5	-8	-12	-13	17	4	-63	-18	cell = 712 to 719
-11	-27	-7	1	4	8	-17	-7	cell = 720 to 727
-34	11	-76	4	-14	-20	-37	-30	cell = 728 to 735
2	-18	-10	-36	-29	-40	15	-9	cell = 736 to 743
12	-38	-24	9	-27	12	-21	-29	cell = 744 to 751
-16	7	-26	-14	-23	19	9	-17	cell = 752 to 759
-17	-6	-24	-25	-19	-35	-14	-14	cell = 760 to 767
-19	-59	-28	-17	20	-52	-20	-23	cell = 768 to 775
3	-29	-7	-36	-29	-22	-27	-26	cell = 776 to 783
9	-8	-22	11	-2	-21	-8	23	cell = 784 to 791
35	-6	-20	17	-53	1	-6	-69	cell = 792 to 799
-15	-18	-30	-30	-11	2	-19	-14	cell = 800 to 807
-19	4	20	2	-12	-32	-45	-30	cell = 808 to 815
-47	-53	-42	-8	2	4	-17	-18	cell = 816 to 823
-26	6	5	-40	-12	-2	-33	-15	cell = 824 to 831
-32	5	-44	-11	-29	-1	-43	5	cell = 832 to 839
-21	-33	1	-48	-28	-35	-32	0	cell = 840 to 847
-8	3	6	-28	-32	-25	-62	29	cell = 848 to 855
15	-20	-43	-17	24	-53	-38	-25	cell = 856 to 863
-25	-45	-43	-21	-19	-40	-16	-15	cell = 864 to 871
1	0	-34	-65	-30	-54	-23	-1	cell = 872 to 879
0	-30	-22	-45	-24	-54	-3	13	cell = 880 to 887
-2	-22	-35	-72	-21	1	10	0	cell = 888 to 895
3	-58	-13	4	9	-13	-16	-38	cell = 896 to 903
-11	-37	-23	14	-8	18	-36	-13	cell = 904 to 911
-2	-11	1	-23	-34	15	-31	-6	cell = 912 to 919
-11	-49	-48	-34	-34	1	-12	31	cell = 920 to 927
35	2	-28	-47	-27	4	2	-52	cell = 928 to 935
10	-25	14	-45	-42	-36	-19	10	cell = 936 to 943
-33	21	7	-27	-11	-38	-27	-20	cell = 944 to 951
-22	-23	20	-2	-33	-1	-19	-2	cell = 952 to 959
13	-10	-49	19	-12	-50	-43	-4	cell = 960 to 967
-27	-24	-38	-5	0	-31	-23	-5	cell = 968 to 975
12	21	-24	-25	-13	-39	14	-6	cell = 976 to 983
-14	-5	8	-19	-11	8	2	-40	cell = 984 to 991
-54	15	-33	-37	8	-23	-3	28	cell = 992 to 999
-51	-8	-4	3	-40	-17	-17	3	cell = 1000 to 1007
-2	-25	-42	-5	-30	13	-26	-37	cell = 1008 to 1015
-34	-11	-36	-32	-17	-45	-30	-43	cell = 1016 to 1023
Calibration values from cell 0 to 1024 for channel 8:

63	4	74	-10	24	-23	61	-19	cell = 0 to 7
-3	-12	12	-4	5	23	90	-46	cell = 8 to 15
28	-13	70	-74	62	-4	43	-21	cell = 16 to 23
56	-35	24	-19	68	-31	15	-12	cell = 24 to 31
54	-39	43	-3	50	4	50	-13	cell = 32 to 39
28	10	67	-33	35	-41	42	-32	cell = 40 to 47
62	-12	39	-2	25	6	24	-32	cell = 48 to 55
39	-5	0	10	21	-13	37	-31	cell = 56 to 63
14	-9	72	-26	35	-35	36	9	cell = 64 to 71
20	-29	36	-6	46	-13	38	-22	cell = 72 to 79
49	-16	32	-11	30	-13	41	-20	cell = 80 to 87
72	-8	17	-50	6	-11	68	-11	cell = 88 to 95
21	3	1	-8	20	-12	34	4	cell = 96 to 103
87	-36	95	37	33	-31	62	-3	cell = 104 to 111
63	-12	17	20	58	-3	48	11	cell = 112 to 119
53	2	22	-35	66	17	70	-19	cell = 120 to 127
55	16	70	11	0	-18	54	53	cell = 128 to 135
20	7	62	-30	71	-7	41	-17	cell = 136 to 143
48	21	37	24	46	-39	58	-3	cell = 144 to 151
27	-18	57	28	48	-16	26	-43	cell = 152 to 159
77	-8	46	18	47	23	39	-21	cell = 160 to 167
23	-1	65	-5	55	12	54	32	cell = 168 to 175
62	30	53	0	36	19	31	-43	cell = 176 to 183
26	29	25	30	46	-4	22	-29	cell = 184 to 191
21	5	26	-43	59	-16	98	9	cell = 192 to 199
27	7	53	-32	55	-16	16	-41	cell = 200 to 207
59	0	62	4	27	14	20	-15	cell = 208 to 215
45	18	33	-8	21	-17	79	-9	cell = 216 to 223
73	4	47	-1	47	4	55	28	cell = 224 to 231
55	11	56	30	9	7	34	-9	cell = 232 to 239
60	-30	-15	3	62	35	66	-25	cell = 240 to 247
11	-28	61	-5	56	13	53	-40	cell = 248 to 255
38	-3	31	-31	25	-12	61	4	cell = 256 to 263
55	37	38	-33	123	-2	67	12	cell = 264 to 271
22	-3	27	-15	15	-5	51	1	cell = 272 to 279
30	-24	53	-4	17	-10	27	-22	cell = 280 to 287
-13	9	47	-22	75	-3	57	-25	cell = 288 to 295
31	-29	69	-7	73	20	54	-36	cell = 296 to 303
11	-31	72	14	24	37	24	-29	cell = 304 to 311
21	-17	48	-12	42	26	30	-4	cell = 312 to 319
32	-34	94	-20	32	7	39	-24	cell = 320 to 327
47	-10	75	13	37	33	99	13	cell = 328 to 335
30	-8	45	-52	58	3	36	15	cell = 336 to 343
-7	-20	45	-41	19	21	56	-36	cell = 344 to 351
41	0	27	-17	64	-31	30	10	cell = 352 to 359
56	37	59	1	32	-32	3	-6	cell = 360 to 367
37	-7	24	-19	-5	2	50	2	cell = 368 to 375
17	-4	38	22	48	-14	75	-34	cell = 376 to 383
24	-19	58	-30	16	-20	31	-45	cell = 384 to 391
37	-36	3	-30	29	-13	86	-19	cell = 392 to 399
55	-11	73	-18	72	29	42	-5	cell = 400 to 407
13	-35	52	-7	15	-3	39	-6	cell = 408 to 415
43	11	41	21	43	-15	68	13	cell = 416 to 423
36	-2	54	1	39	-28	89	-33	cell = 424 to 431
90	-9	54	-38	45	-33	77	11	cell = 432 to 439
25	9	73	6	46	-29	25	-45	cell = 440 to 447
13	19	63	-14	58	12	38	-23	cell = 448 to 455
76	13	82	-44	54	-3	63	-66	cell = 456 to 463
52	7	0	-4	42	-32	45	-15	cell = 464 to 471
21	29	8	4	23	13	8	-27	cell = 472 to 479
17	-6	63	6	35	30	67	-2	cell = 480 to 487
52	0	74	-1	53	16	52	44	cell = 488 to 495
11	35	-40	-91	-21	-57	-8	-45	cell = 496 to 503
46	-26	42	11	61	-6	49	-22	cell = 504 to 511
-24	-40	-19	23	-30	1	-32	-17	cell = 512 to 519
-23	-36	-15	-14	-23	13	-34	-31	cell = 520 to 527
-32	-21	-42	-22	-31	16	-18	-22	cell = 528 to 535
24	-27	-14	4	-38	-51	-61	-33	cell = 536 to 543
-16	-25	-18	4	-36	1	-34	1	cell = 544 to 551
-20	-12	-80	-22	-20	-22	-10	-28	cell = 552 to 559
-22	2	-3	24	21	-6	-27	28	cell = 560 to 567
-36	3	-29	-35	-36	-30	-41	-42	cell = 568 to 575
11	-28	-9	-13	-9	-4	-17	1	cell = 576 to 583
-25	-11	-4	16	-48	-44	-33	-26	cell = 584 to 591
-12	-19	-52	21	-48	10	-42	-28	cell = 592 to 599
-13	1	-2	-33	-2	5	-25	-17	cell = 600 to 607
11	-28	37	-12	-14	-26	-21	14	cell = 608 to 615
-8	-4	11	-70	10	-56	15	-48	cell = 616 to 623
-44	-35	11	-14	-17	-30	-4	1	cell = 624 to 631
-18	-53	17	-31	-2	8	-70	-1	cell = 632 to 639
0	-34	-66	-21	-25	0	10	-26	cell = 640 to 647
-2	-34	-8	5	-2	-20	-12	-48	cell = 648 to 655
8	5	-7	-34	-25	12	-24	4	cell = 656 to 663
7	-19	-38	-31	9	-5	1	-22	cell = 664 to 671
6	-24	-32	-39	-41	-3	-4	-32	cell = 672 to 679
-47	-23	-37	-12	-5	-19	19	-12	cell = 680 to 687
-20	-15	-18	3	-23	-23	-20	-9	cell = 688 to 695
10	-20	19	-6	3	-3	-16	4	cell = 696 to 703
-31	-39	-19	-27	-32	18	-24	29	cell = 704 to 711
15	-35	-32	0	23	-23	-15	11	cell = 712 to 719
-39	-46	-25	-10	-28	-27	-37	7	cell = 720 to 727
-8	7	-12	13	-34	-13	0	-11	cell = 728 to 735
-17	-22	-32	-27	12	-27	15	27	cell = 736 to 743
-16	-29	-17	-48	-44	23	-40	-33	cell = 744 to 751
0	-26	-31	-46	-1	-15	-37	28	cell = 752 to 759
-59	17	-15	9	-42	-2	-33	-38	cell = 760 to 767
-19	-32	-30	-19	-45	-19	-36	10	cell = 768 to 775
23	-5	12	-6	-41	-9	-52	25	cell = 776 to 783
11	12	-11	-2	12	-24	-31	18	cell = 784 to 791
-85	-7	12	-2	-27	-68	-12	0	cell = 792 to 799
-16	-16	-15	-13	-19	-11	-17	15	cell = 800 to 807
-53	-22	18	-11	-27	-28	5	-15	cell = 808 to 815
-89	-44	-36	-33	-4	-5	-48	-32	cell = 816 to 823
-32	24	9	17	-13	10	-18	-13	cell = 824 to 831
-32	3	-18	-1	-7	7	-54	-7	cell = 832 to 839
-56	-4	10	13	-18	-1	-34	-44	cell = 840 to 847
-32	-15	-31	8	-25	-16	1	-15	cell = 848 to 855
-3	-12	-40	-16	-5	-25	-65	11	cell = 856 to 863
-38	-28	11	11	-46	-7	-14	-7	cell = 864 to 871
-15	-50	-7	-12	6	1	-45	14	cell = 872 to 879
-16	28	-41	-22	-15	32	13	-16	cell = 880 to 887
13	-45	-30	-36	-2	-13	-20	-39	cell = 888 to 895
4	-63	-10	-21	-15	-24	-28	-5	cell = 896 to 903
-16	14	-55	1	2	4	-16	-21	cell = 904 to 911
-13	21	-12	-6	-14	-31	-4	-30	cell = 912 to 919
4	-32	-23	-29	-19	-20	-25	-1	cell = 920 to 927
-13	-23	-45	-26	7	-28	-42	11	cell = 928 to 935
-6	-20	-25	-8	-64	-57	-10	-30	cell = 936 to 943
-10	-42	15	14	-40	-24	-35	-36	cell = 944 to 951
14	-26	-15	30	-38	-17	-54	10	cell = 952 to 959
-14	-37	-19	8	-25	-22	6	30	cell = 960 to 967
-32	-10	-12	-5	-22	6	-32	-12	cell = 968 to 975
-33	-29	-12	-54	-7	0	-60	-32	cell = 976 to 983
-20	-17	-78	-11	-48	-30	-52	-25	cell = 984 to 991
-39	-21	-20	6	-29	-9	-38	0	cell = 992 to 999
26	-1	-18	27	-36	-29	-33	-3	cell = 1000 to 1007
-37	-33	-47	-38	-57	-81	-56	-36	cell = 1008 to 1015
-28	-25	-48	-35	-54	-27	-64	1	cell = 1016 to 1023
