Calibration values (ps) from cell 0 to 1024 :

00000.000	00000.404	00000.808	00001.212	00001.617	00002.022	00002.430	00002.836	cell = 0 to 7
00003.243	00003.650	00004.059	00004.467	00004.875	00005.283	00005.691	00006.099	cell = 8 to 15
00006.507	00006.915	00007.324	00007.733	00008.143	00008.553	00008.963	00009.371	cell = 16 to 23
00009.780	00010.189	00010.598	00011.007	00011.417	00011.825	00012.232	00012.639	cell = 24 to 31
00013.045	00013.452	00013.859	00014.267	00014.675	00015.083	00015.491	00015.898	cell = 32 to 39
00016.307	00016.716	00017.128	00017.539	00017.952	00018.365	00018.778	00019.190	cell = 40 to 47
00019.603	00020.016	00020.429	00020.842	00021.254	00021.665	00022.076	00022.486	cell = 48 to 55
00022.897	00023.307	00023.718	00024.129	00024.542	00024.955	00025.369	00025.782	cell = 56 to 63
00026.195	00026.606	00027.018	00027.429	00027.841	00028.252	00028.663	00029.073	cell = 64 to 71
00029.484	00029.894	00030.303	00030.711	00031.118	00031.526	00031.935	00032.346	cell = 72 to 79
00032.756	00033.166	00033.576	00033.985	00034.393	00034.801	00035.209	00035.618	cell = 80 to 87
00036.027	00036.436	00036.846	00037.254	00037.663	00038.073	00038.482	00038.892	cell = 88 to 95
00039.302	00039.711	00040.121	00040.530	00040.939	00041.349	00041.759	00042.169	cell = 96 to 103
00042.580	00042.990	00043.401	00043.811	00044.220	00044.627	00045.035	00045.443	cell = 104 to 111
00045.852	00046.262	00046.672	00047.081	00047.489	00047.897	00048.305	00048.713	cell = 112 to 119
00049.121	00049.530	00049.938	00050.348	00050.759	00051.170	00051.580	00051.990	cell = 120 to 127
00052.399	00052.808	00053.218	00053.629	00054.040	00054.452	00054.865	00055.278	cell = 128 to 135
00055.692	00056.104	00056.515	00056.925	00057.334	00057.743	00058.152	00058.561	cell = 136 to 143
00058.969	00059.377	00059.786	00060.195	00060.603	00061.011	00061.419	00061.826	cell = 144 to 151
00062.233	00062.640	00063.046	00063.453	00063.861	00064.270	00064.680	00065.088	cell = 152 to 159
00065.496	00065.903	00066.312	00066.722	00067.133	00067.544	00067.954	00068.364	cell = 160 to 167
00068.774	00069.183	00069.592	00069.999	00070.406	00070.813	00071.219	00071.625	cell = 168 to 175
00072.031	00072.437	00072.842	00073.246	00073.650	00074.052	00074.455	00074.856	cell = 176 to 183
00075.256	00075.656	00076.057	00076.459	00076.860	00077.261	00077.663	00078.064	cell = 184 to 191
00078.466	00078.868	00079.270	00079.672	00080.074	00080.476	00080.879	00081.283	cell = 192 to 199
00081.688	00082.093	00082.497	00082.901	00083.304	00083.706	00084.107	00084.508	cell = 200 to 207
00084.908	00085.308	00085.706	00086.102	00086.497	00086.891	00087.284	00087.678	cell = 208 to 215
00088.073	00088.470	00088.867	00089.265	00089.663	00090.062	00090.461	00090.859	cell = 216 to 223
00091.258	00091.657	00092.057	00092.457	00092.857	00093.258	00093.660	00094.062	cell = 224 to 231
00094.464	00094.865	00095.267	00095.669	00096.072	00096.476	00096.881	00097.286	cell = 232 to 239
00097.691	00098.095	00098.499	00098.902	00099.304	00099.706	00100.107	00100.507	cell = 240 to 247
00100.905	00101.302	00101.698	00102.093	00102.488	00102.883	00103.277	00103.671	cell = 248 to 255
00104.065	00104.460	00104.856	00105.251	00105.648	00106.045	00106.444	00106.844	cell = 256 to 263
00107.245	00107.644	00108.043	00108.440	00108.836	00109.232	00109.627	00110.022	cell = 264 to 271
00110.418	00110.814	00111.210	00111.606	00112.002	00112.398	00112.795	00113.191	cell = 272 to 279
00113.587	00113.983	00114.380	00114.777	00115.174	00115.571	00115.967	00116.361	cell = 280 to 287
00116.754	00117.147	00117.541	00117.935	00118.329	00118.724	00119.119	00119.514	cell = 288 to 295
00119.909	00120.305	00120.701	00121.097	00121.494	00121.891	00122.289	00122.687	cell = 296 to 303
00123.086	00123.485	00123.885	00124.284	00124.683	00125.081	00125.480	00125.877	cell = 304 to 311
00126.274	00126.670	00127.065	00127.460	00127.855	00128.251	00128.648	00129.045	cell = 312 to 319
00129.442	00129.838	00130.236	00130.633	00131.030	00131.427	00131.823	00132.218	cell = 320 to 327
00132.614	00133.009	00133.405	00133.800	00134.194	00134.587	00134.981	00135.374	cell = 328 to 335
00135.768	00136.161	00136.555	00136.948	00137.339	00137.731	00138.123	00138.513	cell = 336 to 343
00138.905	00139.297	00139.689	00140.080	00140.472	00140.864	00141.258	00141.651	cell = 344 to 351
00142.044	00142.438	00142.831	00143.224	00143.617	00144.011	00144.405	00144.800	cell = 352 to 359
00145.194	00145.588	00145.983	00146.377	00146.771	00147.165	00147.560	00147.954	cell = 360 to 367
00148.348	00148.743	00149.137	00149.531	00149.924	00150.316	00150.708	00151.100	cell = 368 to 375
00151.492	00151.884	00152.276	00152.667	00153.058	00153.449	00153.839	00154.229	cell = 376 to 383
00154.620	00155.011	00155.401	00155.792	00156.184	00156.576	00156.969	00157.363	cell = 384 to 391
00157.758	00158.153	00158.548	00158.943	00159.338	00159.733	00160.129	00160.525	cell = 392 to 399
00160.921	00161.316	00161.712	00162.106	00162.500	00162.895	00163.289	00163.682	cell = 400 to 407
00164.074	00164.466	00164.858	00165.250	00165.642	00166.034	00166.427	00166.820	cell = 408 to 415
00167.211	00167.603	00167.996	00168.388	00168.780	00169.173	00169.565	00169.957	cell = 416 to 423
00170.349	00170.742	00171.133	00171.523	00171.914	00172.305	00172.697	00173.088	cell = 424 to 431
00173.478	00173.870	00174.260	00174.651	00175.041	00175.430	00175.819	00176.208	cell = 432 to 439
00176.596	00176.983	00177.370	00177.757	00178.143	00178.530	00178.918	00179.305	cell = 440 to 447
00179.692	00180.080	00180.469	00180.858	00181.248	00181.639	00182.031	00182.423	cell = 448 to 455
00182.814	00183.206	00183.599	00183.992	00184.386	00184.779	00185.171	00185.564	cell = 456 to 463
00185.956	00186.349	00186.741	00187.134	00187.525	00187.915	00188.304	00188.692	cell = 464 to 471
00189.079	00189.467	00189.855	00190.244	00190.633	00191.023	00191.414	00191.806	cell = 472 to 479
00192.197	00192.588	00192.981	00193.374	00193.768	00194.161	00194.555	00194.950	cell = 480 to 487
00195.345	00195.741	00196.137	00196.534	00196.931	00197.328	00197.725	00198.122	cell = 488 to 495
00198.517	00198.913	00199.307	00199.698	00200.085	00200.472	00200.857	00201.241	cell = 496 to 503
00201.622	00202.004	00202.386	00202.769	00203.150	00203.532	00203.914	00204.296	cell = 504 to 511
00204.679	00205.062	00205.445	00205.829	00206.213	00206.599	00206.985	00207.372	cell = 512 to 519
00207.761	00208.151	00208.543	00208.935	00209.327	00209.719	00210.110	00210.501	cell = 520 to 527
00210.891	00211.280	00211.669	00212.057	00212.445	00212.833	00213.221	00213.609	cell = 528 to 535
00213.998	00214.388	00214.778	00215.168	00215.557	00215.945	00216.333	00216.721	cell = 536 to 543
00217.108	00217.495	00217.882	00218.269	00218.656	00219.045	00219.434	00219.827	cell = 544 to 551
00220.219	00220.613	00221.007	00221.403	00221.798	00222.192	00222.585	00222.979	cell = 552 to 559
00223.374	00223.768	00224.161	00224.554	00224.945	00225.335	00225.722	00226.110	cell = 560 to 567
00226.495	00226.882	00227.267	00227.651	00228.034	00228.417	00228.801	00229.186	cell = 568 to 575
00229.571	00229.956	00230.343	00230.730	00231.120	00231.510	00231.900	00232.290	cell = 576 to 583
00232.680	00233.069	00233.457	00233.844	00234.231	00234.617	00235.003	00235.390	cell = 584 to 591
00235.777	00236.163	00236.549	00236.935	00237.322	00237.709	00238.097	00238.484	cell = 592 to 599
00238.871	00239.257	00239.642	00240.029	00240.417	00240.804	00241.191	00241.579	cell = 600 to 607
00241.968	00242.358	00242.747	00243.137	00243.528	00243.919	00244.310	00244.703	cell = 608 to 615
00245.098	00245.495	00245.893	00246.292	00246.691	00247.091	00247.492	00247.894	cell = 616 to 623
00248.295	00248.694	00249.092	00249.490	00249.887	00250.283	00250.677	00251.071	cell = 624 to 631
00251.466	00251.861	00252.257	00252.654	00253.051	00253.448	00253.846	00254.243	cell = 632 to 639
00254.641	00255.037	00255.435	00255.833	00256.231	00256.628	00257.026	00257.424	cell = 640 to 647
00257.821	00258.218	00258.615	00259.012	00259.410	00259.806	00260.202	00260.598	cell = 648 to 655
00260.995	00261.391	00261.787	00262.183	00262.579	00262.974	00263.369	00263.765	cell = 656 to 663
00264.160	00264.555	00264.949	00265.342	00265.735	00266.127	00266.519	00266.911	cell = 664 to 671
00267.303	00267.695	00268.086	00268.479	00268.873	00269.268	00269.664	00270.060	cell = 672 to 679
00270.457	00270.853	00271.249	00271.644	00272.040	00272.434	00272.828	00273.222	cell = 680 to 687
00273.616	00274.009	00274.402	00274.796	00275.189	00275.582	00275.975	00276.368	cell = 688 to 695
00276.763	00277.156	00277.551	00277.946	00278.342	00278.737	00279.132	00279.528	cell = 696 to 703
00279.925	00280.322	00280.719	00281.115	00281.512	00281.907	00282.304	00282.701	cell = 704 to 711
00283.099	00283.497	00283.894	00284.292	00284.691	00285.089	00285.488	00285.887	cell = 712 to 719
00286.288	00286.687	00287.086	00287.485	00287.885	00288.284	00288.683	00289.081	cell = 720 to 727
00289.479	00289.876	00290.273	00290.670	00291.067	00291.463	00291.859	00292.255	cell = 728 to 735
00292.653	00293.050	00293.448	00293.846	00294.246	00294.646	00295.046	00295.447	cell = 736 to 743
00295.849	00296.250	00296.651	00297.050	00297.449	00297.847	00298.244	00298.642	cell = 744 to 751
00299.040	00299.437	00299.835	00300.232	00300.630	00301.028	00301.426	00301.823	cell = 752 to 759
00302.220	00302.616	00303.013	00303.409	00303.806	00304.201	00304.597	00304.993	cell = 760 to 767
00305.390	00305.785	00306.181	00306.577	00306.975	00307.373	00307.770	00308.168	cell = 768 to 775
00308.568	00308.967	00309.365	00309.764	00310.163	00310.563	00310.962	00311.363	cell = 776 to 783
00311.764	00312.165	00312.565	00312.965	00313.366	00313.765	00314.165	00314.564	cell = 784 to 791
00314.966	00315.366	00315.768	00316.169	00316.573	00316.977	00317.383	00317.789	cell = 792 to 799
00318.197	00318.604	00319.013	00319.421	00319.830	00320.238	00320.645	00321.053	cell = 800 to 807
00321.461	00321.871	00322.279	00322.688	00323.097	00323.504	00323.912	00324.319	cell = 808 to 815
00324.726	00325.132	00325.538	00325.944	00326.350	00326.754	00327.158	00327.563	cell = 816 to 823
00327.967	00328.371	00328.774	00329.178	00329.582	00329.987	00330.392	00330.797	cell = 824 to 831
00331.202	00331.608	00332.015	00332.423	00332.831	00333.240	00333.649	00334.058	cell = 832 to 839
00334.466	00334.875	00335.282	00335.689	00336.096	00336.502	00336.909	00337.315	cell = 840 to 847
00337.722	00338.130	00338.536	00338.943	00339.350	00339.757	00340.163	00340.571	cell = 848 to 855
00340.978	00341.384	00341.788	00342.194	00342.600	00343.006	00343.413	00343.821	cell = 856 to 863
00344.229	00344.637	00345.045	00345.454	00345.862	00346.271	00346.680	00347.089	cell = 864 to 871
00347.499	00347.909	00348.320	00348.730	00349.140	00349.550	00349.960	00350.370	cell = 872 to 879
00350.780	00351.190	00351.598	00352.006	00352.412	00352.819	00353.226	00353.632	cell = 880 to 887
00354.038	00354.444	00354.851	00355.258	00355.666	00356.074	00356.482	00356.890	cell = 888 to 895
00357.296	00357.702	00358.107	00358.513	00358.918	00359.323	00359.728	00360.132	cell = 896 to 903
00360.536	00360.941	00361.348	00361.755	00362.164	00362.572	00362.981	00363.390	cell = 904 to 911
00363.800	00364.209	00364.619	00365.030	00365.440	00365.850	00366.259	00366.668	cell = 912 to 919
00367.077	00367.487	00367.897	00368.307	00368.717	00369.128	00369.539	00369.949	cell = 920 to 927
00370.359	00370.769	00371.177	00371.587	00371.998	00372.408	00372.817	00373.226	cell = 928 to 935
00373.636	00374.046	00374.455	00374.863	00375.269	00375.675	00376.081	00376.486	cell = 936 to 943
00376.893	00377.299	00377.706	00378.113	00378.520	00378.926	00379.332	00379.739	cell = 944 to 951
00380.147	00380.555	00380.962	00381.369	00381.776	00382.181	00382.585	00382.989	cell = 952 to 959
00383.394	00383.798	00384.202	00384.607	00385.012	00385.417	00385.823	00386.230	cell = 960 to 967
00386.638	00387.046	00387.453	00387.860	00388.268	00388.677	00389.086	00389.495	cell = 968 to 975
00389.904	00390.314	00390.723	00391.133	00391.543	00391.953	00392.362	00392.771	cell = 976 to 983
00393.180	00393.588	00393.996	00394.405	00394.814	00395.224	00395.635	00396.046	cell = 984 to 991
00396.457	00396.868	00397.278	00397.688	00398.099	00398.511	00398.924	00399.337	cell = 992 to 999
00399.750	00400.163	00400.575	00400.988	00401.402	00401.816	00402.231	00402.646	cell = 1000 to 1007
00403.062	00403.476	00403.891	00404.304	00404.716	00405.128	00405.540	00405.950	cell = 1008 to 1015
00406.358	00406.765	00407.173	00407.579	00407.984	00408.388	00408.792	00409.196	cell = 1016 to 1023
