Calibration values from cell 0 to 1024 for channel 0:

63	-9	55	-24	-9	15	28	-17	cell = 0 to 7
2	17	38	-40	16	-2	40	24	cell = 8 to 15
39	-17	42	13	54	28	61	-36	cell = 16 to 23
46	-17	32	-3	21	-31	70	23	cell = 24 to 31
39	-34	17	-8	79	1	20	15	cell = 32 to 39
59	1	32	-12	20	-2	21	-47	cell = 40 to 47
10	-9	104	33	75	-24	20	-6	cell = 48 to 55
76	15	24	40	20	-34	30	11	cell = 56 to 63
46	16	39	13	13	-24	20	10	cell = 64 to 71
48	-22	97	-2	45	17	34	-39	cell = 72 to 79
39	-10	60	-33	38	1	41	4	cell = 80 to 87
50	-25	13	-9	55	-9	59	15	cell = 88 to 95
40	-37	52	-4	49	-1	44	-41	cell = 96 to 103
-5	41	24	3	67	33	38	32	cell = 104 to 111
46	11	23	-14	35	-1	60	-13	cell = 112 to 119
29	14	38	14	22	-41	59	-24	cell = 120 to 127
4	13	71	7	59	18	79	16	cell = 128 to 135
79	2	52	37	59	-10	79	-11	cell = 136 to 143
34	-38	23	-6	58	-54	56	26	cell = 144 to 151
47	-14	25	-6	30	0	36	-18	cell = 152 to 159
41	8	7	-37	55	-8	59	-36	cell = 160 to 167
65	-17	18	12	-2	23	56	2	cell = 168 to 175
15	0	56	24	54	66	40	19	cell = 176 to 183
36	-20	24	-19	39	4	68	1	cell = 184 to 191
38	-20	79	-16	61	5	39	-20	cell = 192 to 199
69	-35	29	-6	59	-26	55	9	cell = 200 to 207
9	-19	49	-33	31	-13	69	-5	cell = 208 to 215
42	-9	43	2	20	1	30	-31	cell = 216 to 223
44	9	25	6	49	-32	46	-24	cell = 224 to 231
16	24	33	9	36	8	93	-6	cell = 232 to 239
64	-9	64	-12	64	-21	55	-17	cell = 240 to 247
19	-12	41	-20	60	11	32	-16	cell = 248 to 255
37	12	47	-14	61	11	62	24	cell = 256 to 263
54	-2	56	4	41	16	38	-30	cell = 264 to 271
19	-33	60	-10	0	6	27	-12	cell = 272 to 279
48	-8	-19	8	39	-20	43	10	cell = 280 to 287
21	2	61	-6	67	0	56	13	cell = 288 to 295
63	0	63	-10	45	4	27	6	cell = 296 to 303
-13	-6	72	-3	35	-19	25	5	cell = 304 to 311
64	-13	17	-23	22	5	20	-35	cell = 312 to 319
24	3	106	21	46	14	12	-9	cell = 320 to 327
56	-40	94	1	65	-22	20	-23	cell = 328 to 335
27	-27	54	21	22	0	24	15	cell = 336 to 343
55	16	65	44	7	-3	38	-28	cell = 344 to 351
62	16	49	-15	55	-29	63	7	cell = 352 to 359
86	19	38	-21	69	13	37	-17	cell = 360 to 367
44	-11	36	1	53	-13	9	-24	cell = 368 to 375
42	-9	19	33	57	-26	49	-4	cell = 376 to 383
41	-25	32	-29	15	-44	57	-5	cell = 384 to 391
59	-6	47	-5	55	1	41	0	cell = 392 to 399
66	5	52	-27	102	-38	85	-29	cell = 400 to 407
73	1	46	32	85	7	50	-36	cell = 408 to 415
4	34	5	1	41	-10	59	12	cell = 416 to 423
54	3	46	-10	10	14	60	-17	cell = 424 to 431
55	-14	55	23	52	-3	6	-22	cell = 432 to 439
45	10	27	-44	8	1	32	-6	cell = 440 to 447
41	-52	7	-29	61	-8	69	12	cell = 448 to 455
55	-46	52	-9	31	-12	15	15	cell = 456 to 463
31	-4	63	4	-20	-6	87	-48	cell = 464 to 471
52	10	36	19	62	-10	46	-2	cell = 472 to 479
36	3	67	-32	9	-8	24	-16	cell = 480 to 487
60	-7	52	14	59	-17	21	-14	cell = 488 to 495
14	17	-16	-80	-17	-41	-5	-31	cell = 496 to 503
53	12	42	21	36	32	41	6	cell = 504 to 511
-28	-10	-20	-26	-39	17	-28	15	cell = 512 to 519
-35	0	-25	-45	-7	-45	-18	-36	cell = 520 to 527
-18	14	-8	-24	-8	3	-14	-35	cell = 528 to 535
-34	-39	-38	-12	-25	-55	-18	-3	cell = 536 to 543
-43	-6	-37	-28	-10	8	14	-49	cell = 544 to 551
13	-24	7	-5	-40	17	10	-26	cell = 552 to 559
-72	-58	-6	-26	2	-18	-12	-24	cell = 560 to 567
-9	-5	-53	16	-24	14	-33	2	cell = 568 to 575
-53	-51	-14	-30	-40	-30	-8	-41	cell = 576 to 583
-14	-2	-21	7	-53	-11	11	26	cell = 584 to 591
-80	-30	-56	-27	-57	-32	-55	-20	cell = 592 to 599
-32	-34	-44	-51	-33	-43	-8	-3	cell = 600 to 607
5	-38	-24	-38	-10	-7	6	-13	cell = 608 to 615
-11	-12	-25	-17	28	-11	-38	-54	cell = 616 to 623
-12	23	14	-2	-3	-36	-26	6	cell = 624 to 631
-48	0	-60	-17	-16	-19	-13	-4	cell = 632 to 639
-34	-11	-41	-18	-36	5	-14	1	cell = 640 to 647
-5	-5	-7	-19	-18	-43	-43	2	cell = 648 to 655
-14	10	-35	-8	-2	-12	9	37	cell = 656 to 663
12	2	-44	-13	-52	-35	-10	-60	cell = 664 to 671
-29	3	-53	-28	-25	-53	-19	-24	cell = 672 to 679
10	-33	-61	-11	-39	-23	15	-16	cell = 680 to 687
-41	-15	-8	10	-8	-14	-25	-26	cell = 688 to 695
-38	12	-63	-21	-43	4	-59	-29	cell = 696 to 703
-35	-32	-11	-33	-23	-17	-20	3	cell = 704 to 711
-29	-33	-29	-5	2	0	-28	-8	cell = 712 to 719
-7	-19	-13	-47	-65	-16	-7	-5	cell = 720 to 727
-58	-15	-25	-40	-34	-17	-11	-21	cell = 728 to 735
-27	7	-1	-23	-9	-8	-25	-7	cell = 736 to 743
-7	-53	-13	-13	-32	-22	-30	-14	cell = 744 to 751
-17	-1	-59	0	-21	-23	-32	13	cell = 752 to 759
13	-34	-30	-54	9	-16	-26	6	cell = 760 to 767
-44	-45	-39	-16	-37	-14	-31	0	cell = 768 to 775
-21	34	-35	-37	-17	8	-33	17	cell = 776 to 783
-22	-3	-19	12	46	6	-11	-30	cell = 784 to 791
6	3	-42	-26	-46	-34	-21	8	cell = 792 to 799
-58	-19	20	-8	-31	-30	-21	-13	cell = 800 to 807
-38	-13	-13	-5	-38	-38	-50	-29	cell = 808 to 815
-27	-52	-8	-34	6	19	0	7	cell = 816 to 823
-24	-8	-19	-28	-28	0	-54	12	cell = 824 to 831
3	-6	-45	5	-32	6	-8	-2	cell = 832 to 839
14	-42	-1	2	-12	-30	-13	-37	cell = 840 to 847
34	15	-21	-39	-5	-36	-14	-28	cell = 848 to 855
-26	13	-51	-15	-50	16	-42	-10	cell = 856 to 863
-57	40	-25	2	-18	-26	-27	35	cell = 864 to 871
-51	5	18	-20	-10	-26	17	-30	cell = 872 to 879
-49	10	-21	16	-1	-7	-43	-14	cell = 880 to 887
7	-23	4	-3	-14	-44	-43	-25	cell = 888 to 895
-46	-20	9	-18	-47	-22	-13	-15	cell = 896 to 903
25	-47	-32	25	28	3	-4	23	cell = 904 to 911
0	-26	-13	14	-2	-40	-45	-55	cell = 912 to 919
-24	-11	-21	-11	6	-57	-41	-22	cell = 920 to 927
-40	11	-3	-23	-11	-28	27	-10	cell = 928 to 935
-49	-15	-35	-20	-27	-38	-19	-36	cell = 936 to 943
1	-57	-7	-29	-31	-3	-31	-8	cell = 944 to 951
-15	-56	-12	-31	-41	0	-17	-13	cell = 952 to 959
-27	22	-17	-22	-12	-6	-22	-53	cell = 960 to 967
-17	-28	-12	18	-24	-8	-36	9	cell = 968 to 975
-4	-40	-16	20	-18	-9	-35	1	cell = 976 to 983
44	-6	15	-13	-34	-15	-41	-28	cell = 984 to 991
6	-34	-81	-2	-38	-21	-21	-21	cell = 992 to 999
-31	-20	10	-22	-15	-11	-31	-3	cell = 1000 to 1007
-32	19	-52	-39	-29	-33	-30	-22	cell = 1008 to 1015
-24	-32	-1	-29	-28	-9	-52	-32	cell = 1016 to 1023
Calibration values from cell 0 to 1024 for channel 1:

11	-26	37	-38	52	-15	40	-49	cell = 0 to 7
72	-57	68	-51	2	-11	26	19	cell = 8 to 15
42	0	47	-37	35	1	53	-3	cell = 16 to 23
26	18	82	-18	28	-25	49	-43	cell = 24 to 31
77	1	44	-37	55	-4	52	-17	cell = 32 to 39
47	16	63	-6	56	-33	36	11	cell = 40 to 47
60	-52	55	-26	34	11	29	0	cell = 48 to 55
58	23	63	-49	35	8	42	15	cell = 56 to 63
27	-33	50	0	71	-15	72	-33	cell = 64 to 71
31	-9	35	-13	68	-1	97	-26	cell = 72 to 79
68	-16	68	28	44	-19	21	-6	cell = 80 to 87
0	-9	32	5	46	-6	24	-9	cell = 88 to 95
69	-12	33	-10	59	-3	64	4	cell = 96 to 103
47	12	50	-23	46	-6	72	-33	cell = 104 to 111
19	16	81	-15	16	15	62	-33	cell = 112 to 119
89	22	37	1	50	-3	33	-19	cell = 120 to 127
19	8	32	-24	41	-8	48	-9	cell = 128 to 135
32	-28	17	-17	53	-25	72	-9	cell = 136 to 143
26	20	41	-17	33	32	41	8	cell = 144 to 151
27	18	81	12	60	-37	13	17	cell = 152 to 159
34	-18	5	-32	12	-43	28	49	cell = 160 to 167
50	0	57	-18	53	-1	26	-20	cell = 168 to 175
60	-18	16	6	48	-26	51	-22	cell = 176 to 183
68	-11	30	13	31	-20	76	17	cell = 184 to 191
45	5	49	1	10	11	41	7	cell = 192 to 199
-16	-19	59	-15	68	6	36	-26	cell = 200 to 207
14	-14	70	-27	62	-5	38	15	cell = 208 to 215
63	33	45	-4	20	-2	48	2	cell = 216 to 223
8	0	68	13	41	28	29	-21	cell = 224 to 231
56	-11	50	-34	51	7	65	-8	cell = 232 to 239
22	13	47	-12	34	23	41	-16	cell = 240 to 247
5	-10	53	30	47	-10	21	14	cell = 248 to 255
65	-31	13	16	-5	-31	75	-5	cell = 256 to 263
31	11	77	-20	24	4	35	-30	cell = 264 to 271
21	-15	36	19	27	-4	18	-6	cell = 272 to 279
61	-21	94	-7	18	17	37	-15	cell = 280 to 287
39	-25	66	-6	49	-25	42	0	cell = 288 to 295
38	-23	57	8	23	5	10	33	cell = 296 to 303
69	-21	80	-16	38	25	41	6	cell = 304 to 311
52	44	51	-34	54	-18	4	16	cell = 312 to 319
19	-18	0	-12	46	38	47	-19	cell = 320 to 327
54	32	39	-17	56	-1	23	-9	cell = 328 to 335
53	-23	34	21	76	44	36	-23	cell = 336 to 343
31	14	42	-37	63	-2	32	-40	cell = 344 to 351
45	-13	49	-26	57	3	81	-13	cell = 352 to 359
38	15	86	20	18	4	44	-40	cell = 360 to 367
84	-11	26	-7	-10	-8	20	18	cell = 368 to 375
11	10	46	24	25	-29	15	-7	cell = 376 to 383
68	-70	45	-21	15	-5	7	-16	cell = 384 to 391
34	2	45	39	1	7	55	7	cell = 392 to 399
45	-6	50	-29	20	-9	46	-8	cell = 400 to 407
88	16	43	-44	20	-5	32	19	cell = 408 to 415
14	-32	91	2	58	-45	64	-5	cell = 416 to 423
31	5	43	-8	45	-42	38	-19	cell = 424 to 431
56	22	48	-38	73	-36	43	-35	cell = 432 to 439
20	2	68	-8	65	-46	54	-6	cell = 440 to 447
16	-7	2	-6	-2	-7	43	-10	cell = 448 to 455
46	22	33	5	33	-6	59	-10	cell = 456 to 463
43	-6	57	3	40	-13	19	15	cell = 464 to 471
54	22	12	-9	70	2	61	19	cell = 472 to 479
12	-5	47	17	31	24	78	-4	cell = 480 to 487
77	10	49	-21	35	9	58	-55	cell = 488 to 495
46	-3	-50	-56	-21	-76	-32	-87	cell = 496 to 503
23	-3	63	1	31	-65	1	-14	cell = 504 to 511
-51	-35	-6	-19	-47	-29	35	-14	cell = 512 to 519
-15	-28	5	-3	-34	-24	-51	-26	cell = 520 to 527
-37	-1	8	-8	-5	-28	-51	-15	cell = 528 to 535
32	10	-18	-16	-27	-24	-3	-13	cell = 536 to 543
-45	-12	-24	2	-8	-25	7	-32	cell = 544 to 551
45	-83	-41	-24	-36	-18	-21	-30	cell = 552 to 559
16	-28	-23	-15	12	-13	-12	-13	cell = 560 to 567
-16	-33	-20	-31	-5	-12	-35	-33	cell = 568 to 575
-20	22	-64	-7	-15	-58	-18	-11	cell = 576 to 583
-48	14	-26	-17	-29	-45	-35	-13	cell = 584 to 591
-5	-29	-20	-17	-35	-41	-66	38	cell = 592 to 599
16	-3	-10	-24	-26	8	-16	-42	cell = 600 to 607
16	10	-2	-32	17	3	0	-3	cell = 608 to 615
26	-23	-49	-53	0	-12	-53	15	cell = 616 to 623
-24	16	19	-21	-33	19	-29	-57	cell = 624 to 631
-13	-3	-46	-55	-27	39	-38	-24	cell = 632 to 639
-27	-39	5	-9	-12	-29	-32	-18	cell = 640 to 647
-24	-43	10	19	0	-21	0	-17	cell = 648 to 655
2	15	4	-23	1	-34	-17	-8	cell = 656 to 663
-47	-32	0	-14	-41	-48	-39	1	cell = 664 to 671
-42	-17	-54	-36	-37	-44	-24	-21	cell = 672 to 679
-69	7	-26	-12	-3	-29	9	-16	cell = 680 to 687
-63	-15	-14	-4	-15	-2	10	-16	cell = 688 to 695
-34	-4	-9	-5	5	0	-25	5	cell = 696 to 703
1	10	-23	34	-53	-18	-11	-14	cell = 704 to 711
2	-4	-42	-14	-44	-29	-9	-50	cell = 712 to 719
-37	19	-25	-16	-13	29	-50	-49	cell = 720 to 727
-20	-24	-17	-56	0	-45	-37	-60	cell = 728 to 735
3	-53	-25	9	-24	13	-13	-6	cell = 736 to 743
27	13	-6	-22	-6	3	-39	-5	cell = 744 to 751
-8	-60	-21	22	-15	-41	-2	-12	cell = 752 to 759
-14	3	14	-7	-1	-48	-57	-21	cell = 760 to 767
-43	-22	-88	-19	-16	-32	-25	-4	cell = 768 to 775
-18	4	6	7	10	-6	-48	-16	cell = 776 to 783
-14	-33	-30	-9	31	-62	-33	-18	cell = 784 to 791
-35	-53	-49	-12	-32	-18	-46	-10	cell = 792 to 799
-30	-35	-11	-3	-20	7	-18	2	cell = 800 to 807
-21	33	33	-11	-28	-54	5	-5	cell = 808 to 815
-38	-18	-21	-13	-14	15	-10	7	cell = 816 to 823
-17	-34	-35	24	-13	-30	-18	21	cell = 824 to 831
-35	26	-3	-20	-18	-28	28	25	cell = 832 to 839
-14	-2	-7	7	-31	-36	2	-20	cell = 840 to 847
-47	-7	-14	-60	-46	-31	-20	-34	cell = 848 to 855
-16	0	-26	2	0	19	-2	-17	cell = 856 to 863
-41	15	-68	20	-14	19	-41	14	cell = 864 to 871
-16	-24	1	29	-32	-49	1	-29	cell = 872 to 879
-7	-6	-35	-16	-19	-7	-53	-33	cell = 880 to 887
-9	-38	-62	-26	-17	4	11	19	cell = 888 to 895
8	-25	-4	-13	-64	-29	-15	13	cell = 896 to 903
8	26	15	-30	18	-39	-28	30	cell = 904 to 911
-52	-35	-39	-4	-23	-8	-7	-16	cell = 912 to 919
-61	-37	5	-3	-49	-36	-8	-18	cell = 920 to 927
-37	-39	-20	4	-9	-32	-57	-36	cell = 928 to 935
-38	-13	-58	6	20	26	-75	-11	cell = 936 to 943
0	-23	-26	-19	-35	-23	-24	3	cell = 944 to 951
0	-18	-74	-15	-2	-55	-30	-17	cell = 952 to 959
-7	-11	-53	38	-13	-18	-42	-33	cell = 960 to 967
-45	1	-25	-40	-36	-21	-48	14	cell = 968 to 975
-35	-1	-12	-26	2	-41	-29	23	cell = 976 to 983
41	-23	-14	-12	-52	-37	-21	-7	cell = 984 to 991
20	9	-13	-6	-9	12	-30	12	cell = 992 to 999
-2	-3	13	16	-58	-30	-10	-31	cell = 1000 to 1007
16	-6	-56	-39	-21	-26	-59	-3	cell = 1008 to 1015
-50	-44	7	-9	-22	-12	-63	-5	cell = 1016 to 1023
Calibration values from cell 0 to 1024 for channel 2:

57	8	43	-1	40	-11	33	-15	cell = 0 to 7
27	30	26	-3	84	-18	35	-24	cell = 8 to 15
20	-13	30	-35	42	21	42	19	cell = 16 to 23
42	-34	78	-32	31	-46	4	-7	cell = 24 to 31
26	11	48	-20	76	-13	43	-47	cell = 32 to 39
72	-27	52	-5	27	6	55	-7	cell = 40 to 47
40	27	39	3	34	2	50	-34	cell = 48 to 55
43	-33	57	-18	50	5	29	25	cell = 56 to 63
44	-42	35	-3	30	16	39	-26	cell = 64 to 71
17	21	31	-15	55	-3	69	-8	cell = 72 to 79
49	19	49	-20	33	8	43	10	cell = 80 to 87
47	33	68	34	62	-33	23	-4	cell = 88 to 95
0	3	59	57	17	4	39	-17	cell = 96 to 103
76	4	21	34	50	-29	69	-19	cell = 104 to 111
49	27	34	-27	52	-18	35	-13	cell = 112 to 119
30	1	24	-22	12	-59	66	-10	cell = 120 to 127
25	-27	70	15	66	-26	36	-35	cell = 128 to 135
45	32	68	46	45	24	31	-34	cell = 136 to 143
38	-6	58	-25	22	-7	33	-3	cell = 144 to 151
69	-13	70	-2	57	-16	43	-10	cell = 152 to 159
53	15	64	17	70	-26	43	19	cell = 160 to 167
63	45	46	10	30	-26	11	-5	cell = 168 to 175
86	14	61	2	51	26	26	-33	cell = 176 to 183
58	-4	45	-2	43	-1	31	25	cell = 184 to 191
18	-7	50	28	38	28	36	-28	cell = 192 to 199
60	-17	18	-22	50	-18	29	-33	cell = 200 to 207
50	31	-18	-14	18	6	9	6	cell = 208 to 215
43	-11	32	-61	25	1	3	7	cell = 216 to 223
51	-9	36	-32	10	-19	67	-46	cell = 224 to 231
43	-14	67	36	49	20	93	0	cell = 232 to 239
49	-23	69	10	44	-12	5	-16	cell = 240 to 247
69	-1	55	18	19	-52	50	-42	cell = 248 to 255
50	27	53	-22	85	-19	47	-4	cell = 256 to 263
53	-36	35	-10	45	22	41	3	cell = 264 to 271
47	29	32	-12	62	-17	49	9	cell = 272 to 279
88	-17	17	-14	47	-17	40	-8	cell = 280 to 287
52	20	44	-10	50	52	100	10	cell = 288 to 295
15	-13	60	44	36	-45	7	-53	cell = 296 to 303
50	10	24	12	65	-32	60	16	cell = 304 to 311
73	-7	40	-11	50	-32	1	-27	cell = 312 to 319
61	33	27	-47	49	-21	48	13	cell = 320 to 327
46	8	73	-21	63	35	32	-12	cell = 328 to 335
25	-32	73	-31	4	29	39	-38	cell = 336 to 343
51	-16	32	-2	12	0	9	13	cell = 344 to 351
32	-26	76	24	17	-22	69	-45	cell = 352 to 359
36	29	68	-17	44	-31	71	8	cell = 360 to 367
34	10	55	8	30	9	94	35	cell = 368 to 375
52	1	30	19	26	-39	17	-10	cell = 376 to 383
25	0	25	4	44	27	52	3	cell = 384 to 391
48	-46	42	-34	46	11	47	-6	cell = 392 to 399
34	-57	78	-12	52	9	24	28	cell = 400 to 407
45	-29	48	-34	0	-39	27	22	cell = 408 to 415
22	17	29	17	70	4	73	-8	cell = 416 to 423
24	-10	45	-8	-3	-11	11	3	cell = 424 to 431
33	-32	36	-4	52	10	62	-29	cell = 432 to 439
1	9	8	-4	47	-7	39	-16	cell = 440 to 447
42	0	35	-22	29	-31	23	-8	cell = 448 to 455
40	-2	75	0	42	25	34	-27	cell = 456 to 463
8	-3	44	26	53	-38	79	-15	cell = 464 to 471
46	-22	40	11	31	1	26	-11	cell = 472 to 479
41	4	57	-9	47	16	31	-18	cell = 480 to 487
60	-13	79	32	65	-43	8	2	cell = 488 to 495
30	4	-18	-82	-27	-31	-31	-69	cell = 496 to 503
51	0	52	-6	47	-28	9	14	cell = 504 to 511
-33	-29	-24	-6	-24	7	-37	-33	cell = 512 to 519
-21	-24	-45	-31	-58	-31	-62	3	cell = 520 to 527
-39	-9	-63	0	-66	-4	24	-45	cell = 528 to 535
-15	-35	36	-35	-14	-57	-61	-9	cell = 536 to 543
-2	-65	-21	-28	-25	-6	-28	21	cell = 544 to 551
-41	0	-23	-21	0	5	-17	-14	cell = 552 to 559
-32	3	-12	-20	-17	9	2	0	cell = 560 to 567
-45	4	-25	-27	-65	-4	-16	8	cell = 568 to 575
-24	-10	-48	-29	4	-20	6	-17	cell = 576 to 583
13	-20	-26	-42	-13	5	-27	6	cell = 584 to 591
-29	-28	-61	-1	-21	-35	14	1	cell = 592 to 599
-23	8	-3	-45	-12	-26	-34	-9	cell = 600 to 607
-42	-5	-22	-9	12	-58	-5	-30	cell = 608 to 615
-17	0	-22	4	-7	-10	-33	-43	cell = 616 to 623
9	2	-72	-8	11	-4	-33	5	cell = 624 to 631
-18	-15	-34	-16	-35	-9	-19	14	cell = 632 to 639
-46	-6	2	-50	-14	-27	-1	-8	cell = 640 to 647
-14	-18	-38	-16	-8	-38	-44	-13	cell = 648 to 655
-4	24	-56	-34	-10	-43	-17	-14	cell = 656 to 663
-48	8	-19	-57	-32	-31	-31	-46	cell = 664 to 671
-10	-9	28	-12	-16	-5	-9	-9	cell = 672 to 679
-34	3	-31	12	10	-47	-20	-5	cell = 680 to 687
-44	-6	-45	-3	8	-6	-3	-7	cell = 688 to 695
-7	-45	-1	19	15	-6	-13	-42	cell = 696 to 703
-22	-54	-17	-17	9	-28	-17	-53	cell = 704 to 711
-9	-13	-9	-53	-8	-2	-29	-8	cell = 712 to 719
-10	-15	2	-20	46	-5	-7	13	cell = 720 to 727
-39	-39	42	10	-44	-31	11	0	cell = 728 to 735
-20	-25	-29	0	-49	-27	-2	-10	cell = 736 to 743
27	-26	0	-11	-7	-3	-27	29	cell = 744 to 751
-34	7	-32	-43	-24	-45	-7	-19	cell = 752 to 759
-52	-62	-45	18	-31	-12	0	-35	cell = 760 to 767
-28	15	6	1	-19	-4	-22	5	cell = 768 to 775
-19	12	-32	41	-30	-15	-25	-40	cell = 776 to 783
1	29	-48	-30	7	48	-41	-6	cell = 784 to 791
-18	2	-11	-8	-27	-39	-15	-48	cell = 792 to 799
-39	22	-37	-43	36	9	16	19	cell = 800 to 807
-46	-19	-14	3	1	30	-20	-32	cell = 808 to 815
-13	2	-21	-8	-10	-35	-52	-6	cell = 816 to 823
-7	-56	6	-12	-21	-73	6	-48	cell = 824 to 831
-25	-13	-43	-18	-8	-43	-61	-4	cell = 832 to 839
-6	-39	-40	-13	-7	-40	2	-22	cell = 840 to 847
-21	0	-17	31	-43	0	-7	-15	cell = 848 to 855
6	2	-23	-21	-27	-46	-33	-3	cell = 856 to 863
-8	-27	-29	-9	-9	19	-10	13	cell = 864 to 871
-52	-18	5	5	-32	22	22	-33	cell = 872 to 879
-34	-42	13	-12	-28	-50	-22	-12	cell = 880 to 887
-42	-36	-32	-58	-57	4	-37	11	cell = 888 to 895
-75	-30	-5	-35	-31	-48	-31	-12	cell = 896 to 903
3	-10	-22	-45	-39	-9	-6	-14	cell = 904 to 911
-39	-12	0	-12	-31	0	-39	-27	cell = 912 to 919
-27	-6	-9	10	-10	-15	-52	-41	cell = 920 to 927
-7	-15	-31	-24	-33	1	27	-18	cell = 928 to 935
-43	6	-40	0	-3	22	-41	-9	cell = 936 to 943
-10	-49	-23	-61	-16	-11	-11	-59	cell = 944 to 951
-23	1	0	-33	-40	-24	-43	-28	cell = 952 to 959
-11	-34	-8	-34	-21	-23	-30	-23	cell = 960 to 967
-54	-38	6	-32	-49	-56	-51	-19	cell = 968 to 975
-16	-18	-30	37	10	22	-26	-37	cell = 976 to 983
-36	10	-49	27	-12	25	-4	-42	cell = 984 to 991
6	-36	-26	0	-21	-35	-47	-21	cell = 992 to 999
-24	-30	-22	-24	-1	-22	-19	-45	cell = 1000 to 1007
-28	-20	-33	-25	-19	-49	-22	9	cell = 1008 to 1015
-31	-48	11	-30	-11	10	1	0	cell = 1016 to 1023
Calibration values from cell 0 to 1024 for channel 3:

47	-7	2	1	37	-12	62	-12	cell = 0 to 7
75	-7	64	-7	71	21	44	-17	cell = 8 to 15
66	10	62	-4	53	33	65	-13	cell = 16 to 23
27	24	33	13	15	3	24	-19	cell = 24 to 31
35	5	9	-2	59	-22	58	-13	cell = 32 to 39
49	30	60	-40	34	-12	22	25	cell = 40 to 47
54	25	58	-29	71	-42	49	-34	cell = 48 to 55
45	-25	15	-34	43	3	72	-46	cell = 56 to 63
1	-11	29	-10	23	-9	76	-22	cell = 64 to 71
34	-12	63	27	30	5	72	-21	cell = 72 to 79
50	3	67	4	53	-7	45	-42	cell = 80 to 87
41	-25	60	-27	54	-17	30	-20	cell = 88 to 95
29	1	34	-21	20	-27	45	-18	cell = 96 to 103
48	-15	36	-6	62	-7	73	22	cell = 104 to 111
42	20	44	18	14	-29	47	5	cell = 112 to 119
62	-8	17	-24	78	15	29	-23	cell = 120 to 127
37	-42	65	19	45	12	22	-3	cell = 128 to 135
51	-8	43	-15	29	-28	19	-27	cell = 136 to 143
1	-13	53	11	26	11	14	17	cell = 144 to 151
22	34	57	17	41	-18	73	-1	cell = 152 to 159
42	-4	-5	21	39	10	70	29	cell = 160 to 167
62	-18	-6	17	47	-44	38	38	cell = 168 to 175
29	2	19	-11	35	-35	48	32	cell = 176 to 183
29	-21	38	22	37	-4	81	-22	cell = 184 to 191
40	-17	43	0	47	-39	55	30	cell = 192 to 199
14	-12	81	-37	45	-3	54	24	cell = 200 to 207
22	18	80	23	64	14	42	12	cell = 208 to 215
35	-20	16	-15	55	-30	53	-35	cell = 216 to 223
39	-3	26	25	28	-3	59	-22	cell = 224 to 231
39	-6	13	-9	57	13	24	-3	cell = 232 to 239
34	17	54	-19	60	-16	57	14	cell = 240 to 247
9	22	36	6	24	-29	14	-21	cell = 248 to 255
42	-32	50	-22	19	-32	85	-9	cell = 256 to 263
41	-19	8	-6	54	-3	50	-13	cell = 264 to 271
14	-7	13	13	-4	26	71	-9	cell = 272 to 279
47	15	4	11	70	0	18	-31	cell = 280 to 287
25	-23	49	6	81	29	52	2	cell = 288 to 295
39	1	75	-9	26	-11	58	2	cell = 296 to 303
41	-9	50	-32	75	27	28	36	cell = 304 to 311
43	10	46	14	52	18	7	-29	cell = 312 to 319
19	41	40	-7	78	7	43	24	cell = 320 to 327
59	14	51	-3	36	5	32	28	cell = 328 to 335
29	0	42	36	52	0	90	-25	cell = 336 to 343
39	14	13	-12	36	15	24	-21	cell = 344 to 351
55	2	47	30	5	-41	57	20	cell = 352 to 359
53	-28	68	32	-15	19	5	38	cell = 360 to 367
29	9	63	-46	50	7	63	38	cell = 368 to 375
31	12	39	3	19	-8	6	-1	cell = 376 to 383
16	-39	18	8	38	-5	15	10	cell = 384 to 391
47	4	37	-7	10	-15	61	12	cell = 392 to 399
37	-23	43	-37	58	-4	58	-18	cell = 400 to 407
54	0	46	-38	87	12	59	-66	cell = 408 to 415
-13	3	18	35	24	-24	57	-22	cell = 416 to 423
82	-20	53	-6	74	-8	53	-7	cell = 424 to 431
-5	-8	29	-26	48	52	70	-21	cell = 432 to 439
21	13	33	-13	13	-25	21	15	cell = 440 to 447
74	-19	8	12	37	31	33	29	cell = 448 to 455
50	-7	24	4	19	33	36	0	cell = 456 to 463
40	-29	37	-32	18	-24	45	-35	cell = 464 to 471
61	8	35	1	42	-18	55	14	cell = 472 to 479
57	10	40	-7	53	1	4	-17	cell = 480 to 487
51	10	21	19	32	-33	68	-7	cell = 488 to 495
28	4	32	-111	-55	-43	-59	-64	cell = 496 to 503
-2	10	35	3	35	4	78	-17	cell = 504 to 511
-50	-12	3	-8	13	-83	-30	11	cell = 512 to 519
-39	-6	-31	-2	30	-22	-3	15	cell = 520 to 527
-42	-42	1	-35	-47	-52	-31	-53	cell = 528 to 535
-25	-5	-30	-15	-44	-12	-13	-7	cell = 536 to 543
-11	-18	1	-50	-41	-12	-61	-16	cell = 544 to 551
-41	26	-76	4	-49	-28	-30	-11	cell = 552 to 559
-20	-45	-52	-12	-28	-14	-17	-6	cell = 560 to 567
-43	-22	-9	-3	-54	18	-43	-11	cell = 568 to 575
-28	-19	-53	16	-51	-21	8	-37	cell = 576 to 583
2	-58	-30	-6	-6	-61	-28	22	cell = 584 to 591
-10	-17	-35	-13	-16	7	-48	-32	cell = 592 to 599
9	-37	0	-59	7	-21	-29	-29	cell = 600 to 607
-55	12	-56	-3	9	-39	-2	-16	cell = 608 to 615
21	-32	-23	6	-13	-24	-42	-26	cell = 616 to 623
-28	-14	-18	-43	-7	16	-19	-33	cell = 624 to 631
-47	15	-17	23	-35	-68	-46	-33	cell = 632 to 639
10	-44	24	41	-32	4	-56	13	cell = 640 to 647
-11	19	-37	-2	-56	1	-5	-9	cell = 648 to 655
-35	22	-58	-3	-21	15	-17	-15	cell = 656 to 663
-22	-28	-9	-9	-6	-40	-14	0	cell = 664 to 671
-54	-20	21	-32	1	10	-48	-23	cell = 672 to 679
-14	-48	-28	-20	-31	-2	0	-10	cell = 680 to 687
19	0	-16	-3	9	-24	-67	46	cell = 688 to 695
-8	-42	-33	-38	24	-35	5	-5	cell = 696 to 703
-23	-47	-60	19	-28	2	-46	11	cell = 704 to 711
11	-47	-40	-9	-7	7	8	-20	cell = 712 to 719
-25	10	-29	-4	-16	12	0	3	cell = 720 to 727
-26	-41	-2	-47	-60	-49	-20	-46	cell = 728 to 735
9	-8	-33	-12	-31	7	-41	-30	cell = 736 to 743
-34	-37	-23	-4	-3	-23	-39	17	cell = 744 to 751
-21	-6	-26	15	-31	-17	-19	-11	cell = 752 to 759
-5	-30	5	-12	16	-15	-28	-52	cell = 760 to 767
-9	-24	54	-19	-22	-26	-2	0	cell = 768 to 775
-24	-17	-37	-2	-5	-11	-43	-23	cell = 776 to 783
-36	-13	-56	-18	-25	5	-4	-10	cell = 784 to 791
-19	-26	16	-43	-13	-35	-25	19	cell = 792 to 799
1	-41	-23	-11	-33	-21	-34	31	cell = 800 to 807
-47	-27	-36	-19	-31	-5	-28	-40	cell = 808 to 815
-37	16	-33	20	-19	-37	1	6	cell = 816 to 823
7	-11	2	-31	-44	24	-7	-4	cell = 824 to 831
1	-42	-55	17	-12	2	-72	-19	cell = 832 to 839
2	13	-45	25	-19	-35	-9	2	cell = 840 to 847
18	-31	-24	-6	7	-28	-16	-20	cell = 848 to 855
-8	-57	-29	-8	-25	-30	6	11	cell = 856 to 863
-9	15	-6	-15	-42	-18	-30	0	cell = 864 to 871
-4	-18	-47	-21	3	12	-34	-52	cell = 872 to 879
-6	-26	-3	-4	-23	-31	-6	0	cell = 880 to 887
22	-19	-10	-21	-28	-24	-30	-23	cell = 888 to 895
-57	-4	-67	-48	-18	-21	16	-26	cell = 896 to 903
-5	-6	-26	-19	-28	-25	-19	-59	cell = 904 to 911
-23	-1	17	-33	8	-55	-31	-7	cell = 912 to 919
-19	-30	-36	5	2	-1	-17	-30	cell = 920 to 927
-19	-18	-8	6	-42	-35	-16	-50	cell = 928 to 935
-14	-15	19	-42	-39	-62	-2	18	cell = 936 to 943
-39	-35	14	-16	-14	-25	-9	-21	cell = 944 to 951
-34	-23	-16	-39	-16	-50	-44	-26	cell = 952 to 959
-43	-24	-4	-11	-28	20	-13	-3	cell = 960 to 967
-40	-16	4	-32	-27	0	-22	-3	cell = 968 to 975
-7	-33	-17	-30	11	-38	-15	-6	cell = 976 to 983
-10	-25	15	-71	8	-20	-14	13	cell = 984 to 991
-24	-9	-16	-44	-1	-22	-7	-28	cell = 992 to 999
-2	-11	34	13	-4	-16	-55	-61	cell = 1000 to 1007
-33	-6	-48	-35	-25	34	-7	-6	cell = 1008 to 1015
-24	-25	-26	-22	-63	8	2	-36	cell = 1016 to 1023
Calibration values from cell 0 to 1024 for channel 4:

-19	-11	59	-8	68	-7	-2	27	cell = 0 to 7
55	1	60	-7	86	-2	89	-43	cell = 8 to 15
34	5	58	44	19	14	17	-10	cell = 16 to 23
60	3	44	14	43	10	33	28	cell = 24 to 31
53	-23	54	-8	34	-57	27	-33	cell = 32 to 39
27	-21	33	-23	39	4	21	-19	cell = 40 to 47
57	0	53	-14	51	-16	66	11	cell = 48 to 55
41	16	20	-20	20	-16	20	-43	cell = 56 to 63
23	-23	43	-29	41	2	57	0	cell = 64 to 71
36	14	-3	10	66	-5	18	1	cell = 72 to 79
3	3	44	-59	37	-49	11	28	cell = 80 to 87
38	29	26	-8	13	-12	75	-9	cell = 88 to 95
76	7	21	29	55	20	8	-12	cell = 96 to 103
45	-51	10	-29	56	-6	57	14	cell = 104 to 111
47	-30	88	3	31	22	39	-15	cell = 112 to 119
-6	-3	22	15	71	-14	33	-3	cell = 120 to 127
47	-23	46	6	46	-14	18	-12	cell = 128 to 135
31	-33	27	-6	37	29	87	-11	cell = 136 to 143
76	-5	48	4	31	-16	57	-9	cell = 144 to 151
34	-13	58	-23	56	-30	30	-12	cell = 152 to 159
33	55	93	-18	54	3	58	32	cell = 160 to 167
47	-11	55	34	27	22	20	23	cell = 168 to 175
44	15	30	30	42	-25	23	6	cell = 176 to 183
19	-11	42	-7	49	-2	34	-18	cell = 184 to 191
19	-28	50	20	25	-15	20	-26	cell = 192 to 199
38	-7	61	12	76	-9	81	7	cell = 200 to 207
33	-50	63	-9	40	-12	51	-25	cell = 208 to 215
55	10	69	48	24	-16	37	-14	cell = 216 to 223
31	5	42	-19	81	-30	48	-19	cell = 224 to 231
45	-19	53	-4	20	24	59	-15	cell = 232 to 239
32	19	35	-18	40	47	22	-11	cell = 240 to 247
48	-13	44	-27	62	-3	60	-18	cell = 248 to 255
13	16	73	-37	36	-20	40	-12	cell = 256 to 263
77	-6	35	-5	28	20	17	-14	cell = 264 to 271
20	-9	29	-12	19	-49	29	-29	cell = 272 to 279
68	-24	36	-11	64	-2	23	-28	cell = 280 to 287
58	-9	37	5	48	-17	38	-2	cell = 288 to 295
78	-24	42	15	6	29	65	8	cell = 296 to 303
50	-28	39	-8	35	28	35	-23	cell = 304 to 311
17	17	54	-18	53	-17	74	-33	cell = 312 to 319
23	14	66	-21	-6	-21	76	10	cell = 320 to 327
13	14	53	-28	29	33	52	-32	cell = 328 to 335
45	-25	37	-47	41	-14	40	-11	cell = 336 to 343
64	-17	32	-6	40	-1	53	-20	cell = 344 to 351
38	-16	41	22	42	10	14	8	cell = 352 to 359
58	-44	42	-6	33	-19	13	0	cell = 360 to 367
6	-29	7	-33	43	6	47	-23	cell = 368 to 375
50	-20	31	-23	34	-13	51	28	cell = 376 to 383
43	-11	29	-10	50	-3	25	-38	cell = 384 to 391
45	16	43	-6	8	-19	67	-8	cell = 392 to 399
43	-24	27	3	7	1	17	13	cell = 400 to 407
46	-25	60	-5	19	-10	25	-27	cell = 408 to 415
34	-44	60	-45	46	-34	50	-26	cell = 416 to 423
43	-6	35	-4	37	24	67	11	cell = 424 to 431
18	3	50	9	45	-2	66	-28	cell = 432 to 439
58	8	39	5	20	7	67	-37	cell = 440 to 447
40	30	36	-20	69	6	22	13	cell = 448 to 455
72	3	25	8	20	8	36	-26	cell = 456 to 463
30	-9	22	12	43	20	57	25	cell = 464 to 471
27	-29	54	0	25	-33	57	-34	cell = 472 to 479
19	-3	60	-34	23	-8	40	4	cell = 480 to 487
31	-4	93	-31	11	-33	49	-4	cell = 488 to 495
60	-32	-20	-65	-16	-61	-78	-55	cell = 496 to 503
56	-11	33	2	-48	-9	18	0	cell = 504 to 511
-38	-17	-24	-20	-37	-19	-19	-30	cell = 512 to 519
-30	-29	17	-23	-21	1	-15	-15	cell = 520 to 527
-37	-14	-34	35	-26	0	2	-37	cell = 528 to 535
-5	-39	-50	2	-12	-36	-34	0	cell = 536 to 543
-12	-31	-34	-3	-18	8	9	-24	cell = 544 to 551
-43	-6	-17	-68	0	-3	-6	-12	cell = 552 to 559
-6	-9	-1	-41	-15	-9	2	-64	cell = 560 to 567
-31	0	-55	-48	-39	-51	-12	-9	cell = 568 to 575
-66	-11	-18	15	-14	-12	-2	10	cell = 576 to 583
-22	16	-31	-34	13	-21	-51	12	cell = 584 to 591
-34	-38	-38	-30	-15	-33	-9	-9	cell = 592 to 599
-36	43	-33	26	10	-11	-31	-32	cell = 600 to 607
-35	24	-19	-23	-45	13	-20	-28	cell = 608 to 615
-29	-8	9	-35	19	-16	-20	31	cell = 616 to 623
-34	-24	19	-2	-14	-11	-36	3	cell = 624 to 631
-37	-36	-48	34	-40	-43	-20	-39	cell = 632 to 639
-5	-36	-29	-24	-27	-11	1	-9	cell = 640 to 647
12	19	5	-28	6	13	-2	-4	cell = 648 to 655
-22	-47	12	-4	14	14	-4	29	cell = 656 to 663
-41	-11	-44	-51	7	-28	-18	-31	cell = 664 to 671
-5	-70	-16	-10	15	-5	-25	-43	cell = 672 to 679
-4	-41	-10	-2	-17	-8	-40	6	cell = 680 to 687
16	-20	-11	0	-24	-39	-35	-6	cell = 688 to 695
7	-17	-7	-10	-47	-12	-47	-42	cell = 696 to 703
-50	-2	26	-11	-22	-27	-47	-25	cell = 704 to 711
-76	-20	-7	29	-6	11	-23	-14	cell = 712 to 719
-14	-25	-22	-9	-8	-11	-18	0	cell = 720 to 727
1	1	0	6	-43	-9	-4	-20	cell = 728 to 735
2	-39	-14	-21	-23	-34	-20	-25	cell = 736 to 743
-2	-40	-49	29	-33	20	17	11	cell = 744 to 751
-15	-3	-45	-25	-44	-14	-40	-15	cell = 752 to 759
-6	-10	-25	-19	-16	-34	-28	-48	cell = 760 to 767
-16	6	-4	-22	-7	16	17	-10	cell = 768 to 775
-13	-24	-37	-45	-33	15	29	-6	cell = 776 to 783
-10	-21	21	9	-3	-48	-28	8	cell = 784 to 791
-24	-80	-21	-34	23	-25	0	-9	cell = 792 to 799
-31	-67	-9	-13	-6	14	9	-73	cell = 800 to 807
-16	-41	-54	27	-33	-28	-45	-36	cell = 808 to 815
25	-22	-42	-23	-9	9	-65	2	cell = 816 to 823
-35	-55	-5	27	14	18	-26	-24	cell = 824 to 831
-13	-6	-33	-3	-43	1	-16	-28	cell = 832 to 839
-26	15	-1	-14	-33	-38	-25	-12	cell = 840 to 847
5	9	-31	-18	-26	-20	-13	-5	cell = 848 to 855
-43	-50	-53	-10	-45	13	-19	-6	cell = 856 to 863
-33	-29	-5	-12	-4	2	25	-44	cell = 864 to 871
-47	-28	-4	1	-31	-19	-33	33	cell = 872 to 879
8	-60	-32	18	11	-12	34	-13	cell = 880 to 887
-17	-3	-38	9	-13	8	-13	-44	cell = 888 to 895
-69	-47	-44	0	0	-22	7	0	cell = 896 to 903
-5	-34	-45	30	8	6	-27	13	cell = 904 to 911
-43	-36	-28	-40	-13	2	-35	-2	cell = 912 to 919
-13	15	-22	-42	-44	-18	-33	-24	cell = 920 to 927
9	-18	-48	24	37	-31	-9	-21	cell = 928 to 935
2	-28	-16	9	-8	-40	-37	-3	cell = 936 to 943
-61	-40	-27	-5	-48	-9	-16	11	cell = 944 to 951
45	8	11	27	-17	-31	-35	-27	cell = 952 to 959
1	-30	-50	-17	-14	14	-10	-7	cell = 960 to 967
13	10	16	-27	-12	1	-24	-39	cell = 968 to 975
-23	-5	-20	-26	-28	7	-26	-52	cell = 976 to 983
5	20	-19	-18	3	0	-35	-15	cell = 984 to 991
31	14	3	-18	-15	-42	-24	-50	cell = 992 to 999
-44	6	-36	13	-25	5	-36	-28	cell = 1000 to 1007
-15	-11	-33	-19	-44	-15	0	-42	cell = 1008 to 1015
-5	-16	-48	-1	-38	-22	-9	-27	cell = 1016 to 1023
Calibration values from cell 0 to 1024 for channel 5:

21	6	27	3	49	-33	54	-12	cell = 0 to 7
61	10	80	26	36	1	45	7	cell = 8 to 15
34	-7	54	22	30	-31	57	12	cell = 16 to 23
27	14	50	-12	44	-18	54	1	cell = 24 to 31
42	-7	29	-7	48	-40	56	6	cell = 32 to 39
43	-10	6	36	39	12	9	-7	cell = 40 to 47
55	-41	5	12	56	2	19	35	cell = 48 to 55
37	33	92	-4	28	29	40	-3	cell = 56 to 63
46	12	64	-7	42	-12	43	-7	cell = 64 to 71
54	-26	20	11	34	-36	26	-1	cell = 72 to 79
54	-15	34	-47	38	-23	65	16	cell = 80 to 87
21	10	6	5	21	-2	13	1	cell = 88 to 95
33	10	33	18	43	-32	19	10	cell = 96 to 103
60	-13	26	-23	42	5	19	-21	cell = 104 to 111
54	-5	23	-11	57	-3	61	-34	cell = 112 to 119
42	-51	48	0	36	-17	25	-28	cell = 120 to 127
49	6	51	30	32	28	45	17	cell = 128 to 135
-17	22	53	18	56	0	36	-15	cell = 136 to 143
-7	6	20	-6	42	6	21	-20	cell = 144 to 151
53	-38	68	-6	44	-13	38	10	cell = 152 to 159
55	22	14	46	44	-36	29	-38	cell = 160 to 167
52	20	40	13	22	28	52	-9	cell = 168 to 175
13	0	46	-10	43	-21	41	-24	cell = 176 to 183
68	15	88	-25	26	-2	35	-29	cell = 184 to 191
13	-8	4	-23	-17	11	68	13	cell = 192 to 199
43	4	47	-33	21	-10	53	-25	cell = 200 to 207
21	-23	44	18	75	-23	78	1	cell = 208 to 215
44	11	39	-23	50	-30	34	-7	cell = 216 to 223
56	15	26	-8	43	29	52	0	cell = 224 to 231
75	13	81	-14	8	-9	42	-20	cell = 232 to 239
14	-11	50	-41	46	3	40	30	cell = 240 to 247
35	6	14	-11	43	42	1	-20	cell = 248 to 255
34	-12	17	-29	33	14	43	2	cell = 256 to 263
31	5	58	2	43	29	35	-8	cell = 264 to 271
33	43	69	-17	22	40	50	3	cell = 272 to 279
30	22	24	2	55	30	24	-9	cell = 280 to 287
31	22	51	28	16	-7	64	-4	cell = 288 to 295
30	-7	29	-17	53	-48	53	-28	cell = 296 to 303
22	-25	17	9	44	10	55	34	cell = 304 to 311
42	32	76	-46	54	6	13	-3	cell = 312 to 319
61	-3	44	17	8	25	22	-6	cell = 320 to 327
67	-45	51	27	3	-24	40	14	cell = 328 to 335
33	15	55	-27	58	-22	30	12	cell = 336 to 343
-5	-1	54	-39	42	28	22	4	cell = 344 to 351
55	-38	64	-20	54	-10	46	-30	cell = 352 to 359
62	-19	37	19	73	20	25	-11	cell = 360 to 367
5	-28	46	10	50	1	34	-9	cell = 368 to 375
34	22	27	22	56	11	25	-5	cell = 376 to 383
49	-17	24	-22	7	25	65	6	cell = 384 to 391
64	-17	34	-37	14	0	68	5	cell = 392 to 399
82	24	50	-13	32	8	48	-50	cell = 400 to 407
41	-11	37	-5	-2	-29	50	5	cell = 408 to 415
20	11	-3	-27	14	17	33	-36	cell = 416 to 423
40	0	41	-23	62	31	72	-12	cell = 424 to 431
33	9	40	9	-3	3	25	0	cell = 432 to 439
15	27	28	-14	28	17	19	-14	cell = 440 to 447
55	-7	29	-17	87	19	77	-14	cell = 448 to 455
40	3	69	-14	48	2	29	32	cell = 456 to 463
-10	24	47	13	26	0	59	-20	cell = 464 to 471
69	-10	78	0	22	-10	54	0	cell = 472 to 479
-13	-49	20	39	49	3	59	-14	cell = 480 to 487
40	-8	51	23	51	-45	92	-16	cell = 488 to 495
52	9	-23	-49	-24	-81	-35	-81	cell = 496 to 503
67	0	44	-17	44	9	42	-67	cell = 504 to 511
-38	-23	-37	-42	-3	14	-17	13	cell = 512 to 519
-20	-4	-36	-23	-17	-16	-4	-37	cell = 520 to 527
-37	-25	-5	-10	-14	-4	-36	-17	cell = 528 to 535
-18	-24	-31	-21	0	-34	-34	-13	cell = 536 to 543
-54	-29	-54	-18	-9	-4	-36	-21	cell = 544 to 551
27	-26	-6	-6	-15	-29	-33	-1	cell = 552 to 559
0	11	-25	-21	-67	-11	-5	-15	cell = 560 to 567
-23	-23	-31	17	-46	1	-20	-71	cell = 568 to 575
-26	-27	10	-10	-39	-5	-20	19	cell = 576 to 583
-10	0	-41	-18	-59	-4	-28	2	cell = 584 to 591
-12	-16	-17	12	4	-20	-78	13	cell = 592 to 599
-2	-10	18	-4	-50	-21	-26	-59	cell = 600 to 607
-17	11	33	-2	-24	11	-18	-2	cell = 608 to 615
-30	-40	-49	-22	-6	-50	-24	-23	cell = 616 to 623
-6	-7	-15	-9	-37	-18	-29	-16	cell = 624 to 631
-56	-5	-46	-8	-65	-7	-44	-17	cell = 632 to 639
0	-44	-22	1	-21	1	1	-10	cell = 640 to 647
-59	-12	-36	-9	7	26	-14	-24	cell = 648 to 655
-9	-36	-49	19	-32	-32	-54	-10	cell = 656 to 663
-10	-5	-15	-12	1	-45	-10	-12	cell = 664 to 671
-20	5	-31	-22	-21	-47	-19	-55	cell = 672 to 679
-10	-26	-39	14	17	-34	-8	10	cell = 680 to 687
-15	-32	-67	29	-35	-13	-21	5	cell = 688 to 695
-47	-12	-11	-4	-20	-17	-17	6	cell = 696 to 703
-54	-11	-18	-21	-18	-42	-6	5	cell = 704 to 711
-33	19	2	-3	-5	-21	1	17	cell = 712 to 719
-21	2	-17	-18	-41	-34	-13	-41	cell = 720 to 727
1	3	-31	-18	-37	-17	15	-2	cell = 728 to 735
-17	-29	-22	14	-32	-27	-34	31	cell = 736 to 743
-31	-14	-43	3	-48	-4	-13	-52	cell = 744 to 751
-12	-1	-8	-20	1	4	-26	-10	cell = 752 to 759
-24	-10	-2	-48	-1	-44	-9	-11	cell = 760 to 767
-29	-15	-12	7	-15	-32	7	-44	cell = 768 to 775
-21	-31	-5	15	-27	7	23	8	cell = 776 to 783
-23	-27	-14	-25	-40	1	-45	-17	cell = 784 to 791
-25	-33	-14	-21	-24	-41	2	-34	cell = 792 to 799
8	-29	-35	-29	-18	-17	-18	-22	cell = 800 to 807
-30	-34	23	-13	-21	-13	-19	-46	cell = 808 to 815
-40	-18	-37	-22	-6	-55	-16	-2	cell = 816 to 823
-19	14	-36	-27	-32	-39	-17	-36	cell = 824 to 831
-3	-61	-34	4	-1	-24	9	24	cell = 832 to 839
-27	14	14	-37	-18	16	-17	0	cell = 840 to 847
-19	2	-41	19	-8	13	-28	5	cell = 848 to 855
-3	-45	-48	-11	-34	-4	-42	-4	cell = 856 to 863
-19	13	-43	-11	4	-27	-6	-8	cell = 864 to 871
-6	6	-16	-8	-36	-5	-16	-24	cell = 872 to 879
-10	-6	-23	-22	-10	0	-60	-41	cell = 880 to 887
-42	-22	-34	-40	-94	-37	-43	-6	cell = 888 to 895
-4	-28	-21	-35	-28	-47	3	-47	cell = 896 to 903
-40	-15	-62	-25	-5	-19	4	-12	cell = 904 to 911
-37	-12	-24	-21	-23	-9	-9	-13	cell = 912 to 919
-32	17	37	-19	-36	8	-29	-31	cell = 920 to 927
-14	-4	-33	11	-39	24	-4	6	cell = 928 to 935
-23	-4	-26	-1	6	-12	-34	-40	cell = 936 to 943
-16	-13	-8	-49	-14	34	-49	-30	cell = 944 to 951
-45	-20	-68	-26	-5	-53	-3	10	cell = 952 to 959
-11	2	-25	-21	-4	-41	-43	33	cell = 960 to 967
32	-9	-26	-1	-25	-5	-17	-28	cell = 968 to 975
22	-11	-35	-25	-36	-19	-31	-27	cell = 976 to 983
7	-23	-61	20	-31	-14	26	11	cell = 984 to 991
-40	-24	-30	-52	2	28	-51	2	cell = 992 to 999
-25	-32	-33	-15	-30	18	-16	-9	cell = 1000 to 1007
17	-48	-35	-4	-35	-33	-13	-21	cell = 1008 to 1015
-17	-29	-2	8	-28	8	-20	-23	cell = 1016 to 1023
Calibration values from cell 0 to 1024 for channel 6:

12	-11	50	-22	18	-14	32	-45	cell = 0 to 7
69	52	26	-17	11	-10	17	-48	cell = 8 to 15
56	-31	50	-21	8	9	59	-36	cell = 16 to 23
3	-16	31	-29	-2	20	65	-3	cell = 24 to 31
33	-8	74	14	16	23	26	-26	cell = 32 to 39
12	0	41	-24	-14	46	26	-14	cell = 40 to 47
37	-2	37	-9	42	1	62	17	cell = 48 to 55
36	32	21	3	44	-47	31	1	cell = 56 to 63
51	-12	21	-3	78	27	47	7	cell = 64 to 71
43	20	75	6	42	1	39	-40	cell = 72 to 79
33	11	44	12	70	-12	72	-12	cell = 80 to 87
49	-55	-2	-32	6	-9	42	-6	cell = 88 to 95
14	-2	14	-24	46	-11	52	8	cell = 96 to 103
80	-13	39	7	39	11	42	-20	cell = 104 to 111
19	-6	39	10	51	13	47	-22	cell = 112 to 119
44	-47	58	-3	53	-38	48	-32	cell = 120 to 127
53	-7	62	30	55	26	22	3	cell = 128 to 135
44	19	43	12	-14	-18	25	-10	cell = 136 to 143
39	-15	75	10	76	-4	15	1	cell = 144 to 151
62	-25	2	12	27	-4	45	-8	cell = 152 to 159
50	0	55	4	45	-31	36	-10	cell = 160 to 167
42	19	39	-9	41	-31	32	-27	cell = 168 to 175
3	-32	53	17	12	-7	43	21	cell = 176 to 183
49	6	11	-18	21	-27	20	-4	cell = 184 to 191
24	30	95	-13	46	-14	22	-12	cell = 192 to 199
36	8	65	-30	23	11	39	-1	cell = 200 to 207
33	-18	31	-34	42	-2	21	2	cell = 208 to 215
16	28	64	-17	64	-26	58	-54	cell = 216 to 223
21	-45	46	32	57	-10	24	-38	cell = 224 to 231
63	-20	43	-9	2	-17	22	16	cell = 232 to 239
44	-34	30	-17	22	-16	34	-37	cell = 240 to 247
1	-3	53	14	22	-17	53	-41	cell = 248 to 255
40	-30	43	-25	31	-7	80	-2	cell = 256 to 263
58	-6	57	24	8	8	62	-2	cell = 264 to 271
41	30	40	-11	55	-22	23	2	cell = 272 to 279
41	-4	26	-35	93	-33	33	-13	cell = 280 to 287
-8	23	41	-15	39	2	25	-40	cell = 288 to 295
21	-6	39	6	15	-35	39	23	cell = 296 to 303
57	-23	39	6	20	-19	27	-14	cell = 304 to 311
-3	-16	26	31	-2	-34	0	-68	cell = 312 to 319
54	-17	64	1	33	0	-17	-33	cell = 320 to 327
12	9	33	-51	18	44	80	1	cell = 328 to 335
5	25	14	10	39	-5	51	5	cell = 336 to 343
38	6	69	-20	87	-21	44	-59	cell = 344 to 351
45	29	83	-24	13	-12	14	64	cell = 352 to 359
23	-23	78	-9	17	1	44	-46	cell = 360 to 367
72	18	83	0	17	8	44	-41	cell = 368 to 375
15	10	51	-53	43	14	70	-28	cell = 376 to 383
69	-18	43	-32	51	-16	10	-15	cell = 384 to 391
4	3	34	-47	26	4	43	-4	cell = 392 to 399
58	-18	8	17	58	55	15	-18	cell = 400 to 407
76	-7	27	-1	91	-38	62	-18	cell = 408 to 415
-17	4	79	-10	55	-7	52	17	cell = 416 to 423
69	-50	62	0	0	21	46	61	cell = 424 to 431
49	37	40	-16	53	6	24	6	cell = 432 to 439
67	-10	26	20	66	0	-4	-30	cell = 440 to 447
56	16	22	-34	64	17	19	20	cell = 448 to 455
39	-31	54	6	43	-66	62	34	cell = 456 to 463
66	1	25	-7	25	6	76	-33	cell = 464 to 471
48	5	28	13	57	-3	45	-18	cell = 472 to 479
33	7	79	-13	42	-49	61	4	cell = 480 to 487
58	19	55	-4	45	-11	74	3	cell = 488 to 495
-15	-57	6	-74	-45	-76	-4	-70	cell = 496 to 503
73	-2	31	5	-21	-2	46	-14	cell = 504 to 511
-12	-26	-17	-11	-50	1	-34	30	cell = 512 to 519
-30	-18	-46	8	-37	-2	15	-36	cell = 520 to 527
-17	-13	-42	-16	-19	-7	-6	-17	cell = 528 to 535
-17	-3	-11	-47	-23	12	-29	-50	cell = 536 to 543
-23	-18	-58	-14	-11	-38	-35	11	cell = 544 to 551
10	-29	-37	-12	-4	-32	-27	-18	cell = 552 to 559
-25	-15	-19	6	14	-36	-32	-10	cell = 560 to 567
1	-16	-6	-16	-42	7	-18	-10	cell = 568 to 575
-48	21	-67	-24	-32	12	-21	-18	cell = 576 to 583
-3	15	39	0	-10	-18	-29	-14	cell = 584 to 591
-36	3	20	0	-20	16	-10	-12	cell = 592 to 599
-24	12	-23	-34	-54	1	-7	-28	cell = 600 to 607
-39	-5	-5	10	4	14	-31	-2	cell = 608 to 615
-3	-12	-21	30	-17	-14	-28	-5	cell = 616 to 623
-61	-30	-42	-38	-1	-41	-15	-28	cell = 624 to 631
-10	-38	-28	29	6	-23	-2	-6	cell = 632 to 639
-34	-47	-4	-26	-27	-6	-5	-11	cell = 640 to 647
32	-50	-30	28	-4	-16	12	-7	cell = 648 to 655
-42	-20	-49	-42	-52	-13	10	-11	cell = 656 to 663
-25	-13	33	-45	-17	9	14	-58	cell = 664 to 671
-5	-14	-17	19	-51	-22	15	-47	cell = 672 to 679
-23	19	-25	-26	-22	-42	6	-8	cell = 680 to 687
-37	-14	-7	-43	-2	8	-14	6	cell = 688 to 695
-35	-13	-35	-10	-13	-12	-4	-8	cell = 696 to 703
-24	-27	-34	-6	-3	-19	0	-20	cell = 704 to 711
-4	4	-36	-9	-6	-22	0	-41	cell = 712 to 719
18	-16	3	-5	-36	27	-10	-3	cell = 720 to 727
-35	-34	-6	50	-44	-7	-2	-38	cell = 728 to 735
-26	13	-52	1	-31	-4	-57	-11	cell = 736 to 743
-38	29	15	-32	4	-17	-16	26	cell = 744 to 751
-4	5	-23	-34	-42	-49	-44	-21	cell = 752 to 759
-20	-4	-33	-4	-24	-26	-25	0	cell = 760 to 767
-17	-44	-36	14	-35	-41	-12	-61	cell = 768 to 775
-8	7	-45	-19	3	34	-29	4	cell = 776 to 783
-20	-18	-65	-30	-35	-7	-38	-5	cell = 784 to 791
-44	5	-20	-21	2	7	-17	-16	cell = 792 to 799
2	13	-38	-18	-28	11	-33	-52	cell = 800 to 807
6	1	26	-9	3	36	-15	-8	cell = 808 to 815
-35	-7	-9	8	-43	22	-35	4	cell = 816 to 823
-34	-6	34	-24	-7	-8	-12	-45	cell = 824 to 831
-37	-31	-40	-23	-26	30	-37	-10	cell = 832 to 839
-18	-15	-5	2	-7	-16	5	-5	cell = 840 to 847
-54	-2	-46	-3	17	26	-15	-60	cell = 848 to 855
13	-37	-31	-18	-37	-48	-27	-11	cell = 856 to 863
-29	0	-17	26	-46	16	-16	-14	cell = 864 to 871
-41	-33	-60	-13	-38	23	5	14	cell = 872 to 879
-18	-9	1	-36	-9	28	-40	7	cell = 880 to 887
-34	-46	-8	-42	-10	-3	-25	-27	cell = 888 to 895
-36	-61	-8	-35	-11	-19	-26	0	cell = 896 to 903
-7	-15	-9	14	-26	-57	-13	15	cell = 904 to 911
12	-32	-54	-34	-24	0	7	-17	cell = 912 to 919
-17	-19	3	-4	-29	-30	-58	-21	cell = 920 to 927
-12	-8	-59	11	-10	-20	-7	-11	cell = 928 to 935
-5	-14	4	-10	-13	8	6	1	cell = 936 to 943
-62	-26	0	-19	-50	-17	-21	36	cell = 944 to 951
-31	-6	7	-14	-10	-2	-57	-47	cell = 952 to 959
-42	-54	-20	-35	-25	-44	0	7	cell = 960 to 967
-20	-29	-19	-7	-9	-13	-37	39	cell = 968 to 975
-2	4	-17	-17	8	-17	-27	19	cell = 976 to 983
54	-44	13	-30	-9	-40	-4	1	cell = 984 to 991
-53	23	17	-18	13	-15	5	-48	cell = 992 to 999
-19	-19	-9	-2	-35	-16	-65	8	cell = 1000 to 1007
-6	-7	-50	-15	-50	33	-12	-9	cell = 1008 to 1015
-42	-14	-40	-24	34	0	-15	-26	cell = 1016 to 1023
Calibration values from cell 0 to 1024 for channel 7:

22	4	44	-17	45	-13	96	-15	cell = 0 to 7
10	-46	58	29	50	-1	41	15	cell = 8 to 15
17	0	36	11	32	-3	43	-27	cell = 16 to 23
46	-44	45	-28	38	13	72	52	cell = 24 to 31
5	-31	30	-23	16	6	25	-42	cell = 32 to 39
65	27	44	-41	15	11	61	-46	cell = 40 to 47
54	-12	43	-5	13	-23	49	2	cell = 48 to 55
36	-26	39	-17	84	24	-17	-2	cell = 56 to 63
74	11	72	-65	83	-28	59	-6	cell = 64 to 71
36	-9	25	-24	40	24	58	13	cell = 72 to 79
45	17	65	0	54	-1	34	7	cell = 80 to 87
61	-23	40	-6	42	-18	57	-32	cell = 88 to 95
13	5	8	-2	39	-41	53	20	cell = 96 to 103
53	-13	25	35	25	16	36	3	cell = 104 to 111
58	6	44	-16	42	19	72	-20	cell = 112 to 119
38	-23	27	5	42	27	11	-12	cell = 120 to 127
28	21	25	-27	58	12	56	6	cell = 128 to 135
43	4	48	-22	44	17	71	9	cell = 136 to 143
25	7	32	-36	63	-46	29	-45	cell = 144 to 151
40	-46	36	-23	-2	17	40	25	cell = 152 to 159
24	-2	56	-19	66	-37	46	22	cell = 160 to 167
41	3	46	-30	34	-4	-11	20	cell = 168 to 175
17	49	13	-5	19	35	77	54	cell = 176 to 183
63	-4	79	-1	6	7	53	-14	cell = 184 to 191
69	-20	76	-34	42	-11	6	-14	cell = 192 to 199
55	22	0	30	54	12	67	25	cell = 200 to 207
55	-5	58	23	72	8	41	6	cell = 208 to 215
48	-30	6	-8	12	21	34	9	cell = 216 to 223
25	3	110	-30	38	-22	23	-28	cell = 224 to 231
11	-7	36	-26	55	-12	34	5	cell = 232 to 239
29	10	46	-2	32	0	43	22	cell = 240 to 247
57	-21	71	11	20	-33	36	-1	cell = 248 to 255
15	32	24	1	83	-24	57	0	cell = 256 to 263
58	-28	36	4	46	3	60	-21	cell = 264 to 271
47	-8	39	6	51	-5	45	6	cell = 272 to 279
-18	-12	19	-8	24	-24	47	-27	cell = 280 to 287
44	-34	46	-34	18	-36	75	-15	cell = 288 to 295
64	23	8	26	43	-8	48	-11	cell = 296 to 303
24	-12	30	-16	30	29	48	-8	cell = 304 to 311
32	18	22	-4	69	-20	39	-25	cell = 312 to 319
27	15	38	14	41	-22	34	25	cell = 320 to 327
53	16	33	31	57	26	30	-21	cell = 328 to 335
70	-9	73	14	53	1	16	5	cell = 336 to 343
42	-21	38	-29	93	14	30	4	cell = 344 to 351
39	20	55	-6	76	-78	31	6	cell = 352 to 359
51	-20	87	8	34	4	66	-41	cell = 360 to 367
23	28	52	16	53	-27	58	-5	cell = 368 to 375
52	-21	25	-34	41	2	57	6	cell = 376 to 383
29	-24	46	7	49	-22	41	1	cell = 384 to 391
43	4	80	0	38	17	54	-6	cell = 392 to 399
39	-27	40	-19	55	-15	71	-19	cell = 400 to 407
35	42	29	-13	-12	-13	37	-36	cell = 408 to 415
28	26	29	-13	45	-33	-14	19	cell = 416 to 423
49	-73	-11	-10	48	-38	11	30	cell = 424 to 431
42	-35	0	-2	49	-11	18	8	cell = 432 to 439
62	-18	42	54	20	3	46	-16	cell = 440 to 447
73	-18	48	-26	5	5	26	35	cell = 448 to 455
34	16	19	-10	44	2	43	0	cell = 456 to 463
12	-27	37	-15	28	-38	45	5	cell = 464 to 471
32	-7	30	8	43	-44	34	-24	cell = 472 to 479
27	-72	5	-9	48	9	26	16	cell = 480 to 487
13	8	52	-21	39	-19	55	-38	cell = 488 to 495
3	-18	-64	-69	-11	-39	-36	-107	cell = 496 to 503
62	4	51	-15	-21	-21	47	-34	cell = 504 to 511
-53	-51	-63	21	-58	-32	-8	-44	cell = 512 to 519
3	3	-10	-20	-17	-21	12	-7	cell = 520 to 527
8	-30	14	-23	-11	-9	9	-30	cell = 528 to 535
-52	-51	34	-31	-52	-29	-12	-70	cell = 536 to 543
-26	3	23	10	-20	-35	-23	-8	cell = 544 to 551
24	12	-20	-23	3	-19	-35	-8	cell = 552 to 559
-6	0	-17	-19	-39	-63	-23	-13	cell = 560 to 567
-22	-9	-29	-54	-50	-2	-31	-86	cell = 568 to 575
-49	-24	-9	-25	-59	2	-11	-11	cell = 576 to 583
-4	-24	-19	8	-23	-47	-24	-36	cell = 584 to 591
-37	-42	2	-46	11	-10	-25	-33	cell = 592 to 599
-7	-16	-43	-29	-22	-31	-70	-5	cell = 600 to 607
2	8	-68	-8	-26	-69	-29	-22	cell = 608 to 615
11	-8	-15	-43	-17	-4	-60	-2	cell = 616 to 623
31	-2	11	5	6	8	-44	-3	cell = 624 to 631
-6	0	-4	-16	0	-22	8	-53	cell = 632 to 639
-45	-60	15	-12	-14	7	-7	-6	cell = 640 to 647
-21	21	-46	-21	-40	-50	-44	-20	cell = 648 to 655
2	-15	16	-7	-47	-35	8	-14	cell = 656 to 663
-12	-3	-56	11	-11	-30	-5	-37	cell = 664 to 671
2	-18	-1	-12	-6	-22	3	0	cell = 672 to 679
-8	9	-38	-25	-23	14	-31	26	cell = 680 to 687
-52	7	-4	7	-28	-10	-55	-2	cell = 688 to 695
-33	-24	8	-13	-8	-45	-34	0	cell = 696 to 703
-21	-32	-25	-15	-25	-17	-10	6	cell = 704 to 711
16	-14	-14	5	-25	5	35	-7	cell = 712 to 719
-5	-27	26	-23	-23	25	-29	-28	cell = 720 to 727
17	-19	-62	-9	-31	3	-62	-8	cell = 728 to 735
-38	10	-15	-17	20	-15	-29	-38	cell = 736 to 743
-7	-43	-17	-38	-3	30	41	-28	cell = 744 to 751
-41	-13	-23	-15	18	-12	4	-20	cell = 752 to 759
-34	-16	2	-22	-41	-31	-20	7	cell = 760 to 767
-39	-24	-52	-12	-11	2	-34	37	cell = 768 to 775
-25	0	-16	1	-3	54	-19	-53	cell = 776 to 783
-32	-24	-39	-80	-20	-31	-24	-18	cell = 784 to 791
-30	3	-17	-53	-19	17	-63	-30	cell = 792 to 799
-41	22	-18	-10	31	-12	3	-6	cell = 800 to 807
-20	-26	-15	-54	-3	30	-1	-11	cell = 808 to 815
25	5	9	-27	-12	-40	19	4	cell = 816 to 823
-44	-8	-31	-37	-45	17	-29	8	cell = 824 to 831
-46	-25	-38	-5	-30	-24	16	12	cell = 832 to 839
-8	-18	-40	-19	25	-19	-36	-18	cell = 840 to 847
-48	-33	-43	-40	-24	-22	1	-6	cell = 848 to 855
-54	-18	9	8	-10	-12	-26	21	cell = 856 to 863
-46	7	-16	-39	-18	-9	-34	12	cell = 864 to 871
-36	12	-4	22	-3	27	-41	6	cell = 872 to 879
38	-8	-20	-3	-2	25	-32	-43	cell = 880 to 887
-14	-8	-12	-12	-24	-26	-47	-39	cell = 888 to 895
-22	-28	-29	-21	17	1	-18	-13	cell = 896 to 903
-20	-48	-44	-35	-25	23	6	-7	cell = 904 to 911
-4	-51	23	-13	-60	-23	-15	-7	cell = 912 to 919
-4	-19	-18	-21	-37	-22	-57	-27	cell = 920 to 927
-43	-13	-31	4	35	23	35	17	cell = 928 to 935
-27	-5	-16	0	-37	10	-31	-33	cell = 936 to 943
-13	-11	-2	-12	-26	-41	-45	-6	cell = 944 to 951
-4	-5	-46	-14	-19	-31	-14	-29	cell = 952 to 959
-26	-50	-11	-6	-43	-33	-12	7	cell = 960 to 967
-33	2	-44	-24	-37	9	-31	3	cell = 968 to 975
-2	-31	-22	-6	-29	-10	49	-36	cell = 976 to 983
27	-19	6	-20	-27	18	-25	-46	cell = 984 to 991
22	17	-12	-25	-43	-41	-11	14	cell = 992 to 999
-13	9	-46	-10	-18	-28	-37	23	cell = 1000 to 1007
-20	-44	-4	-1	-6	-26	-59	-56	cell = 1008 to 1015
-10	-29	-57	-32	0	-30	-17	-50	cell = 1016 to 1023
Calibration values from cell 0 to 1024 for channel 8:

16	23	74	-5	4	15	27	-2	cell = 0 to 7
16	-11	40	28	53	-16	17	-30	cell = 8 to 15
47	14	54	-12	81	-23	53	-13	cell = 16 to 23
95	-15	105	-46	44	-41	49	28	cell = 24 to 31
60	-9	10	-13	41	23	61	-51	cell = 32 to 39
44	-10	52	-13	48	-6	43	19	cell = 40 to 47
68	-19	21	-3	69	27	42	6	cell = 48 to 55
60	20	68	-39	49	-7	51	-3	cell = 56 to 63
46	-8	61	0	65	-5	51	-8	cell = 64 to 71
63	34	60	-32	33	17	51	-8	cell = 72 to 79
62	13	33	9	47	-21	82	-34	cell = 80 to 87
49	26	52	-10	35	24	60	-6	cell = 88 to 95
55	-23	47	25	69	4	85	13	cell = 96 to 103
89	-27	47	19	45	-13	80	-12	cell = 104 to 111
28	-38	37	-25	35	-45	58	9	cell = 112 to 119
51	24	54	-64	29	-4	40	-62	cell = 120 to 127
40	-43	86	-4	97	-36	82	35	cell = 128 to 135
79	3	68	22	25	-10	74	-42	cell = 136 to 143
13	39	56	5	75	5	5	26	cell = 144 to 151
13	-10	52	-6	51	22	3	-8	cell = 152 to 159
37	-20	36	4	55	25	76	-16	cell = 160 to 167
29	-20	41	3	60	13	28	-12	cell = 168 to 175
51	-8	84	-16	56	-2	15	-3	cell = 176 to 183
21	40	8	-36	56	-41	44	2	cell = 184 to 191
9	7	32	-13	45	-25	61	16	cell = 192 to 199
43	8	87	6	30	27	44	-3	cell = 200 to 207
-3	-26	22	7	88	-7	37	27	cell = 208 to 215
1	-15	50	-18	25	11	43	23	cell = 216 to 223
21	28	65	0	47	26	51	-24	cell = 224 to 231
68	-70	65	7	79	15	47	8	cell = 232 to 239
55	2	53	-21	41	29	44	-38	cell = 240 to 247
37	0	51	1	34	24	28	-39	cell = 248 to 255
39	5	54	-3	72	-8	67	16	cell = 256 to 263
50	8	12	-22	52	-15	57	-1	cell = 264 to 271
44	14	33	-16	32	-45	49	-1	cell = 272 to 279
22	-14	23	-15	48	-28	65	-13	cell = 280 to 287
0	-28	49	-8	53	-15	46	-4	cell = 288 to 295
32	40	47	31	41	-50	69	-3	cell = 296 to 303
5	-17	13	-35	8	5	76	-30	cell = 304 to 311
57	-4	48	19	33	-7	43	-17	cell = 312 to 319
59	-12	32	-34	42	-52	54	-44	cell = 320 to 327
49	-31	14	-40	47	34	51	-7	cell = 328 to 335
36	-12	74	-40	29	-12	27	8	cell = 336 to 343
42	4	10	0	85	-7	47	-29	cell = 344 to 351
63	24	32	-31	76	-26	54	30	cell = 352 to 359
32	32	67	-32	59	-12	87	46	cell = 360 to 367
25	-16	51	6	51	11	70	13	cell = 368 to 375
13	-11	69	36	64	-42	36	-34	cell = 376 to 383
50	23	15	-50	-5	-53	58	0	cell = 384 to 391
48	17	37	-44	53	19	31	4	cell = 392 to 399
41	-17	51	-15	42	3	-2	-4	cell = 400 to 407
59	14	40	32	36	-24	15	-33	cell = 408 to 415
57	1	33	0	67	-8	59	-13	cell = 416 to 423
40	3	7	13	30	16	87	-6	cell = 424 to 431
37	-26	34	-30	56	15	27	-27	cell = 432 to 439
74	-29	85	20	50	-64	-17	18	cell = 440 to 447
39	2	53	-16	57	6	59	4	cell = 448 to 455
29	0	46	-16	42	-18	57	-12	cell = 456 to 463
44	-1	13	1	51	-19	36	1	cell = 464 to 471
43	11	56	8	53	46	46	-42	cell = 472 to 479
21	-39	20	22	52	-20	59	-19	cell = 480 to 487
25	-30	42	13	67	20	76	23	cell = 488 to 495
5	-42	-3	-81	-58	-68	-5	-54	cell = 496 to 503
42	62	32	24	17	-58	53	-51	cell = 504 to 511
-32	-2	21	-42	-33	-28	-21	-50	cell = 512 to 519
5	-8	-9	2	-11	0	-24	-19	cell = 520 to 527
0	-34	-30	12	-11	-62	5	-8	cell = 528 to 535
-20	-4	-24	-17	-32	-1	-21	-24	cell = 536 to 543
-20	-40	-33	-30	23	21	20	-24	cell = 544 to 551
-51	-27	-38	-20	-27	-25	-45	-19	cell = 552 to 559
-48	-48	-20	-8	-62	-4	-30	-21	cell = 560 to 567
-26	-24	-47	-19	-17	-9	-19	-43	cell = 568 to 575
-37	-42	-97	-32	-1	-7	-5	-7	cell = 576 to 583
-11	-8	-23	-11	-43	-9	-29	-47	cell = 584 to 591
-15	-25	-9	-84	-50	-42	-32	-11	cell = 592 to 599
-49	-44	-7	-35	-67	-6	-38	-25	cell = 600 to 607
-40	43	-52	-11	-1	-26	33	-47	cell = 608 to 615
-70	-11	6	-13	-13	-14	-31	-24	cell = 616 to 623
4	0	12	-22	-19	-13	-13	31	cell = 624 to 631
1	-57	-37	-8	-21	-30	-22	-10	cell = 632 to 639
-33	23	-63	-32	-33	-30	-3	16	cell = 640 to 647
-20	11	6	-57	-16	-38	-31	-19	cell = 648 to 655
-47	-4	-7	-59	-19	9	-3	-22	cell = 656 to 663
-21	-33	-77	12	-7	-9	1	-34	cell = 664 to 671
-50	-35	-40	-7	-6	-3	5	-4	cell = 672 to 679
-40	-27	-70	1	-2	-17	-11	-52	cell = 680 to 687
-44	-4	5	4	-18	5	-32	-4	cell = 688 to 695
-9	-38	-22	17	-16	-11	4	27	cell = 696 to 703
-54	-46	-40	-29	-42	7	-25	-17	cell = 704 to 711
-10	-5	-42	-20	9	-36	0	-22	cell = 712 to 719
-4	13	-55	-14	-38	-14	11	-2	cell = 720 to 727
-17	-19	-39	-9	-24	-26	-5	-59	cell = 728 to 735
-25	26	-23	-20	-19	15	-16	-48	cell = 736 to 743
-26	-16	3	-45	-26	-4	-39	-27	cell = 744 to 751
-16	-29	-42	22	6	-2	-28	-16	cell = 752 to 759
-64	21	12	-1	2	-19	-16	-37	cell = 760 to 767
-22	-22	13	-55	1	15	-44	15	cell = 768 to 775
-35	5	-16	-53	-14	4	-44	-40	cell = 776 to 783
16	-42	-25	-44	-25	-18	-23	21	cell = 784 to 791
-39	-31	18	32	-19	-30	-37	-20	cell = 792 to 799
-17	1	-5	-38	-20	-6	-40	-20	cell = 800 to 807
-12	-9	-36	0	-26	9	-16	-12	cell = 808 to 815
-24	13	-9	-31	-7	-26	-24	-29	cell = 816 to 823
-71	-38	-71	-40	-9	-18	-9	-4	cell = 824 to 831
2	19	-13	-33	0	-32	-34	-46	cell = 832 to 839
7	-37	-54	-61	-25	-3	-12	-9	cell = 840 to 847
-28	-11	-4	-19	-60	-16	-7	-18	cell = 848 to 855
-23	-16	-61	-3	24	-76	-35	-40	cell = 856 to 863
-18	-4	-9	15	-2	-7	-58	27	cell = 864 to 871
-33	-11	-1	-3	0	-11	-14	0	cell = 872 to 879
-16	-68	7	13	-16	-55	-2	6	cell = 880 to 887
-1	8	-61	-18	-17	-40	-36	-43	cell = 888 to 895
2	-8	-30	-21	-4	-43	-31	0	cell = 896 to 903
10	-21	-28	24	31	16	-30	-21	cell = 904 to 911
-3	-35	-2	13	-1	-9	-15	0	cell = 912 to 919
-53	-26	-6	-4	-46	-22	-18	-61	cell = 920 to 927
-54	-38	-43	-37	-45	12	-22	-8	cell = 928 to 935
-52	2	-25	19	-27	-64	-5	23	cell = 936 to 943
-38	-31	-11	-36	42	0	-54	-6	cell = 944 to 951
-60	-25	-34	-14	-3	-16	-54	-31	cell = 952 to 959
-35	-36	-12	2	-75	-28	13	-8	cell = 960 to 967
-44	-19	-32	-34	43	-49	34	-10	cell = 968 to 975
-45	18	32	-1	-48	-1	-16	-1	cell = 976 to 983
-4	-5	4	-27	-28	-6	4	-28	cell = 984 to 991
-38	-38	-8	-23	-18	13	-49	-9	cell = 992 to 999
8	22	-19	-9	-5	-39	-16	-34	cell = 1000 to 1007
-56	-8	-44	-14	-37	-19	-43	12	cell = 1008 to 1015
-25	-37	-69	-15	-71	-4	-46	-54	cell = 1016 to 1023
