Calibration values from cell 0 to 1024 for channel 0:

63	-7	32	-33	71	-21	71	-11	cell = 0 to 7
38	-34	76	-10	1	-4	29	-25	cell = 8 to 15
26	-2	49	-14	42	13	58	13	cell = 16 to 23
47	-24	50	-11	24	-4	26	-36	cell = 24 to 31
36	-41	42	-5	15	39	55	-10	cell = 32 to 39
34	35	54	-1	47	-18	63	18	cell = 40 to 47
23	25	46	39	54	28	29	0	cell = 48 to 55
29	4	46	8	66	32	24	-47	cell = 56 to 63
55	-17	31	-35	48	-16	48	12	cell = 64 to 71
-2	-16	71	29	66	-54	31	30	cell = 72 to 79
48	16	65	-25	75	39	63	-57	cell = 80 to 87
8	3	82	-27	62	15	55	-39	cell = 88 to 95
95	9	17	2	51	16	34	-5	cell = 96 to 103
8	25	48	1	28	23	66	7	cell = 104 to 111
75	18	74	-23	45	-2	54	-32	cell = 112 to 119
32	-39	41	-5	29	-21	43	-14	cell = 120 to 127
52	5	43	32	39	6	9	-16	cell = 128 to 135
87	-32	61	13	64	-2	45	-31	cell = 136 to 143
48	2	63	-28	87	-36	48	2	cell = 144 to 151
26	28	50	-22	36	-7	49	-3	cell = 152 to 159
52	18	72	-3	84	-7	19	-2	cell = 160 to 167
12	7	58	-4	22	3	56	-4	cell = 168 to 175
46	16	15	8	44	-40	82	22	cell = 176 to 183
45	10	70	52	68	-43	78	-7	cell = 184 to 191
28	16	26	12	52	-32	27	-22	cell = 192 to 199
25	-36	82	-8	76	12	17	-25	cell = 200 to 207
108	4	67	0	32	-31	27	-35	cell = 208 to 215
35	5	52	-24	67	22	56	-3	cell = 216 to 223
37	-23	45	2	36	19	39	-6	cell = 224 to 231
58	-9	69	18	61	0	71	-17	cell = 232 to 239
39	22	21	-16	41	-40	57	10	cell = 240 to 247
18	1	40	-4	46	5	38	-76	cell = 248 to 255
59	6	54	39	9	20	49	-22	cell = 256 to 263
73	11	-2	-8	53	1	30	-4	cell = 264 to 271
39	-6	45	17	42	-17	33	-52	cell = 272 to 279
27	-21	56	8	54	22	22	-19	cell = 280 to 287
11	-9	26	-39	66	7	52	-33	cell = 288 to 295
12	14	63	11	49	-8	38	-53	cell = 296 to 303
33	-3	57	-5	41	-2	75	-43	cell = 304 to 311
35	19	59	-22	59	10	43	15	cell = 312 to 319
43	7	65	3	25	-11	55	-6	cell = 320 to 327
64	-57	48	-8	33	7	37	0	cell = 328 to 335
42	4	29	-10	53	9	20	37	cell = 336 to 343
52	36	19	30	36	-32	21	-27	cell = 344 to 351
24	-11	-2	-29	41	16	34	-41	cell = 352 to 359
31	2	16	26	19	19	52	9	cell = 360 to 367
34	9	30	-25	26	-22	37	22	cell = 368 to 375
41	-12	26	0	41	-27	14	-4	cell = 376 to 383
35	-41	50	-4	52	-29	68	38	cell = 384 to 391
44	-8	49	-30	8	15	57	-24	cell = 392 to 399
-9	10	20	35	38	-4	52	1	cell = 400 to 407
45	20	26	-38	4	19	37	-5	cell = 408 to 415
2	-8	21	21	36	28	58	-17	cell = 416 to 423
58	49	39	-30	82	5	56	-46	cell = 424 to 431
87	-2	27	-33	98	0	37	15	cell = 432 to 439
31	-4	38	15	66	-9	38	25	cell = 440 to 447
48	-5	47	-1	43	-18	47	0	cell = 448 to 455
49	29	61	-13	8	27	33	5	cell = 456 to 463
20	17	14	-28	27	-52	35	2	cell = 464 to 471
15	-11	46	-11	49	-55	80	-16	cell = 472 to 479
34	2	41	-23	49	27	9	9	cell = 480 to 487
74	10	0	41	20	-32	35	1	cell = 488 to 495
81	-34	-39	-30	-5	-96	-30	-42	cell = 496 to 503
15	31	68	11	35	-27	30	-2	cell = 504 to 511
6	-43	-38	-39	-19	-16	-49	-18	cell = 512 to 519
-1	1	-61	-13	-11	-18	-10	-45	cell = 520 to 527
-31	-18	-87	-29	-13	-35	-5	-24	cell = 528 to 535
-57	2	-10	5	-14	-19	-45	28	cell = 536 to 543
-49	19	1	-32	9	-29	-19	1	cell = 544 to 551
-16	-45	-20	-11	-12	-29	-4	14	cell = 552 to 559
-29	17	8	-48	-7	-7	-24	5	cell = 560 to 567
-4	-3	-29	-20	-9	-26	-22	-16	cell = 568 to 575
16	-9	12	-28	-16	-53	16	-52	cell = 576 to 583
-31	-7	-19	-16	21	-25	-53	-15	cell = 584 to 591
-64	-14	-7	-50	-19	-51	-32	-9	cell = 592 to 599
-16	12	-13	-40	-14	-14	6	-27	cell = 600 to 607
-28	-20	-17	0	-38	-8	-29	34	cell = 608 to 615
-16	-3	-30	-30	-24	-72	26	-3	cell = 616 to 623
-2	-20	-28	-39	-14	-28	-2	-25	cell = 624 to 631
4	-18	-26	-51	-28	-9	-35	6	cell = 632 to 639
-26	-29	-24	-12	-12	-63	-45	-57	cell = 640 to 647
-55	-20	-28	-16	-19	-25	-41	-15	cell = 648 to 655
-23	-5	19	-42	-48	4	-17	-7	cell = 656 to 663
26	-34	-30	14	-5	-45	-2	-15	cell = 664 to 671
-11	-11	-17	-9	-41	2	-16	-16	cell = 672 to 679
-6	-15	6	-26	-13	-21	-12	-17	cell = 680 to 687
7	19	-57	-11	28	-17	-31	13	cell = 688 to 695
-33	-53	-32	-22	-52	-1	-51	-35	cell = 696 to 703
-9	-34	-16	-27	-6	-36	-38	-3	cell = 704 to 711
-26	3	-24	23	-51	-11	-36	-13	cell = 712 to 719
8	-31	12	-29	-46	6	-4	15	cell = 720 to 727
-4	-20	-54	-10	-24	-17	-52	-26	cell = 728 to 735
-36	8	-51	8	-27	-5	34	-28	cell = 736 to 743
-47	-22	-24	-2	-2	-37	-19	-63	cell = 744 to 751
-58	-3	-16	-37	16	-37	-9	-48	cell = 752 to 759
-1	-22	-20	-25	-7	-32	-18	6	cell = 760 to 767
-38	-67	-53	-20	-27	-35	-25	-45	cell = 768 to 775
-24	-43	-35	-14	1	-17	-15	-43	cell = 776 to 783
-2	-28	33	-31	-28	-49	-32	-32	cell = 784 to 791
-28	-4	-52	-37	-43	-20	9	-42	cell = 792 to 799
-19	-38	-23	-9	-40	-9	-25	-5	cell = 800 to 807
-33	-15	-23	-2	-48	-10	-5	3	cell = 808 to 815
-32	-17	-24	-2	-9	-15	-25	-27	cell = 816 to 823
1	12	-33	-3	20	-23	-33	-23	cell = 824 to 831
-26	-27	2	8	-54	11	-20	-41	cell = 832 to 839
-48	-24	6	-9	-9	-32	-30	-7	cell = 840 to 847
-52	-30	-39	-49	-61	-1	-20	5	cell = 848 to 855
-10	-23	-16	11	-29	-9	2	-5	cell = 856 to 863
-19	-18	23	-26	-16	-31	-61	-2	cell = 864 to 871
-35	-66	7	-37	-32	-43	3	-36	cell = 872 to 879
-25	-55	-6	-11	-24	-11	-17	-2	cell = 880 to 887
-32	-29	0	0	-18	9	-33	-19	cell = 888 to 895
-3	29	-14	10	-15	-52	-9	-25	cell = 896 to 903
-5	-42	-45	-31	-11	-17	17	8	cell = 904 to 911
-10	-11	-22	-16	-12	-7	-42	8	cell = 912 to 919
-4	2	-60	-64	-7	-6	-4	0	cell = 920 to 927
-22	-47	7	-16	11	-45	-31	12	cell = 928 to 935
-47	-20	-25	-5	21	-47	-42	3	cell = 936 to 943
-14	-38	22	-24	-22	-20	-37	-17	cell = 944 to 951
-18	-30	9	8	-28	1	-33	-18	cell = 952 to 959
-18	-31	-22	-1	-53	-35	-32	14	cell = 960 to 967
-50	-5	-35	-26	-30	-28	4	-28	cell = 968 to 975
2	-3	-41	15	-24	27	7	-8	cell = 976 to 983
5	17	3	-17	-49	-25	0	-27	cell = 984 to 991
-2	-29	-38	1	-35	-51	-21	-47	cell = 992 to 999
-21	-24	-20	-23	-24	-30	0	-34	cell = 1000 to 1007
20	-46	-42	-32	-34	-54	-43	-24	cell = 1008 to 1015
-10	9	4	2	-46	5	-37	20	cell = 1016 to 1023
Calibration values from cell 0 to 1024 for channel 1:

28	0	55	-46	30	4	18	-8	cell = 0 to 7
44	-11	-2	-27	50	5	54	15	cell = 8 to 15
20	22	25	-8	22	32	66	-6	cell = 16 to 23
50	-34	23	1	16	-13	71	-6	cell = 24 to 31
25	23	91	32	67	-13	31	4	cell = 32 to 39
52	4	51	3	69	-29	36	3	cell = 40 to 47
69	-12	53	-14	55	-10	30	-15	cell = 48 to 55
19	-26	36	-2	47	1	32	-42	cell = 56 to 63
58	18	29	0	55	-51	10	15	cell = 64 to 71
50	53	49	-4	-10	-24	30	21	cell = 72 to 79
71	41	48	-1	72	-6	55	25	cell = 80 to 87
39	6	29	-14	65	-19	34	12	cell = 88 to 95
69	-34	50	-21	20	-28	35	-11	cell = 96 to 103
16	23	67	3	29	18	61	-30	cell = 104 to 111
44	-29	16	-1	71	-4	44	-9	cell = 112 to 119
52	-13	52	-2	50	-30	50	-18	cell = 120 to 127
54	2	48	16	20	27	49	15	cell = 128 to 135
35	25	52	-1	56	-15	22	-20	cell = 136 to 143
46	-54	47	27	42	-4	58	-50	cell = 144 to 151
55	3	44	-25	35	20	34	-3	cell = 152 to 159
45	2	40	11	29	-24	16	-24	cell = 160 to 167
43	-28	39	-31	14	24	44	2	cell = 168 to 175
49	-22	101	-32	81	30	29	-44	cell = 176 to 183
49	5	24	29	59	-26	27	-41	cell = 184 to 191
4	-23	50	8	12	-2	39	19	cell = 192 to 199
29	-23	35	7	74	30	85	-31	cell = 200 to 207
28	-25	44	-32	29	2	46	15	cell = 208 to 215
25	22	76	-16	42	-47	85	-11	cell = 216 to 223
61	-8	19	35	20	25	45	8	cell = 224 to 231
50	17	53	-35	24	-13	92	-9	cell = 232 to 239
32	24	48	0	64	18	44	-10	cell = 240 to 247
24	9	16	37	35	-13	12	23	cell = 248 to 255
68	-26	51	-5	43	-23	42	8	cell = 256 to 263
48	4	-3	-12	45	-3	58	9	cell = 264 to 271
57	-22	62	0	48	-6	77	-17	cell = 272 to 279
45	-22	-4	3	50	-5	50	-15	cell = 280 to 287
40	-20	43	-17	100	1	52	-18	cell = 288 to 295
56	8	66	-16	30	-26	37	-21	cell = 296 to 303
34	12	54	-21	50	-2	45	20	cell = 304 to 311
47	-28	63	2	4	28	34	10	cell = 312 to 319
39	-27	16	-47	8	13	50	27	cell = 320 to 327
89	-16	60	10	66	15	60	-38	cell = 328 to 335
55	-45	53	-27	35	-17	58	38	cell = 336 to 343
25	11	22	6	56	6	13	-18	cell = 344 to 351
57	2	24	-18	23	10	29	-19	cell = 352 to 359
74	-2	30	24	84	35	33	-14	cell = 360 to 367
34	32	43	-19	45	11	65	2	cell = 368 to 375
18	-17	13	-18	74	-12	62	18	cell = 376 to 383
62	6	10	18	68	15	37	0	cell = 384 to 391
-7	-3	63	34	34	-33	-12	-11	cell = 392 to 399
55	2	30	-4	35	1	51	-5	cell = 400 to 407
19	1	70	-28	3	-12	47	-10	cell = 408 to 415
14	-1	25	-2	10	-9	22	-12	cell = 416 to 423
75	13	67	-31	13	21	35	-10	cell = 424 to 431
60	6	33	18	63	-21	53	13	cell = 432 to 439
27	3	27	-34	5	37	19	2	cell = 440 to 447
61	-21	33	-36	19	7	59	13	cell = 448 to 455
25	-16	36	-23	73	-5	36	-31	cell = 456 to 463
42	-9	74	2	26	8	47	2	cell = 464 to 471
74	-10	27	-18	30	23	62	1	cell = 472 to 479
44	-3	36	10	0	-13	48	-3	cell = 480 to 487
-11	-22	38	-48	63	10	57	14	cell = 488 to 495
74	23	-2	-91	-31	-69	-50	-87	cell = 496 to 503
43	-19	93	4	0	44	74	-36	cell = 504 to 511
15	-24	20	-45	-41	-6	-11	10	cell = 512 to 519
-17	-12	-6	-41	-23	-21	-11	-16	cell = 520 to 527
-3	8	-26	-19	6	-3	13	-14	cell = 528 to 535
1	-3	-20	23	-22	-40	-28	-23	cell = 536 to 543
-6	-30	-14	-69	7	-28	-47	-4	cell = 544 to 551
27	-30	2	2	-22	-55	20	-3	cell = 552 to 559
6	13	-15	-2	-17	-60	0	0	cell = 560 to 567
-20	-13	-19	-33	-15	-49	-6	-32	cell = 568 to 575
-2	-33	-44	-23	-5	41	-31	30	cell = 576 to 583
14	-10	-26	-5	-21	-25	-30	-11	cell = 584 to 591
15	3	-43	-25	-50	-36	-18	-33	cell = 592 to 599
-4	-26	1	0	-36	7	-17	-10	cell = 600 to 607
-20	-11	-37	-6	-32	-51	-21	8	cell = 608 to 615
33	-25	-36	-5	-66	-36	-13	-43	cell = 616 to 623
12	-27	-22	-43	6	21	0	-2	cell = 624 to 631
-44	2	-8	-17	-44	-9	-31	-18	cell = 632 to 639
-29	-7	-26	-27	-12	-8	-56	-30	cell = 640 to 647
-56	-42	21	4	-44	-7	-4	27	cell = 648 to 655
-20	-33	-7	-20	-48	-25	-24	-3	cell = 656 to 663
-10	-46	-48	28	-13	-41	-26	-10	cell = 664 to 671
-1	-15	-27	-48	-40	-20	-26	-47	cell = 672 to 679
-31	-45	-51	-27	-36	-10	18	-16	cell = 680 to 687
-42	-27	7	-39	-3	-26	-40	-10	cell = 688 to 695
-8	-39	-28	-11	-27	-20	-40	-41	cell = 696 to 703
-3	15	-41	-45	-34	-16	-28	-27	cell = 704 to 711
-35	-29	-26	-64	-10	-15	-32	-19	cell = 712 to 719
-12	-56	-1	-10	25	-12	-10	-15	cell = 720 to 727
-24	-1	-17	-47	-36	-21	-25	4	cell = 728 to 735
-44	11	-18	-42	-27	-35	15	-13	cell = 736 to 743
33	-17	-18	0	-18	-17	10	-33	cell = 744 to 751
7	-16	-32	-32	-53	30	-12	-17	cell = 752 to 759
-5	-17	-28	-5	-19	0	-10	-16	cell = 760 to 767
-24	12	-6	-28	10	-38	9	-20	cell = 768 to 775
-36	28	-23	-22	-41	-4	-23	-44	cell = 776 to 783
-41	-36	-25	-12	16	-17	-36	11	cell = 784 to 791
-17	-21	3	8	-43	-14	-41	28	cell = 792 to 799
-18	-23	-45	-29	0	-5	-6	-61	cell = 800 to 807
-58	-31	-30	0	-3	-56	-69	-17	cell = 808 to 815
-26	-11	-37	-14	11	15	25	-6	cell = 816 to 823
-10	-30	-33	-18	-27	19	1	-11	cell = 824 to 831
-16	-5	-32	4	-17	12	-25	-22	cell = 832 to 839
-37	-4	-22	-14	-48	-31	13	-20	cell = 840 to 847
-27	-15	-43	-10	-38	-9	13	-13	cell = 848 to 855
-7	-63	-19	6	-15	8	-40	-47	cell = 856 to 863
-25	-47	14	-40	-50	-36	5	-32	cell = 864 to 871
-50	-17	-34	13	-36	-29	0	-17	cell = 872 to 879
-11	7	7	-7	-4	2	-26	-38	cell = 880 to 887
-38	-3	-38	-16	8	-25	8	-34	cell = 888 to 895
-72	-19	-41	-13	-63	-46	-38	-24	cell = 896 to 903
20	-44	-27	17	20	1	13	-12	cell = 904 to 911
-12	-32	-64	-44	-31	-54	-37	-47	cell = 912 to 919
-37	3	-6	-55	35	-37	-17	-23	cell = 920 to 927
-51	0	-11	-12	-22	-12	-22	-33	cell = 928 to 935
-9	-36	-19	-68	-71	-18	0	-11	cell = 936 to 943
-26	-27	-17	-36	-24	-42	-20	-30	cell = 944 to 951
-22	-28	-31	-3	6	12	-25	-12	cell = 952 to 959
-19	-12	-23	-26	-43	-4	-2	-13	cell = 960 to 967
-7	-48	-29	-5	31	-17	-64	18	cell = 968 to 975
11	-15	-20	14	-19	-38	-35	43	cell = 976 to 983
2	-33	-15	-40	-10	-60	-31	-29	cell = 984 to 991
-23	-10	-32	-2	-24	-24	-1	-20	cell = 992 to 999
-1	-16	-30	-24	-11	-11	-58	-39	cell = 1000 to 1007
-27	0	-59	-27	-32	-38	-13	-15	cell = 1008 to 1015
-31	-49	9	-12	-20	-46	-22	-14	cell = 1016 to 1023
Calibration values from cell 0 to 1024 for channel 2:

-4	-5	55	-39	25	38	54	-33	cell = 0 to 7
66	-17	59	-54	34	-9	40	-24	cell = 8 to 15
61	-14	52	-10	74	26	57	-13	cell = 16 to 23
19	-25	67	-25	52	4	66	10	cell = 24 to 31
40	-37	33	2	24	-17	10	-27	cell = 32 to 39
75	-11	80	4	19	32	53	1	cell = 40 to 47
49	-5	29	-5	52	-9	42	-5	cell = 48 to 55
32	13	49	-37	59	-3	46	-11	cell = 56 to 63
25	-28	38	-11	36	-33	76	16	cell = 64 to 71
17	-12	51	-25	35	8	35	8	cell = 72 to 79
17	3	36	4	92	-23	35	5	cell = 80 to 87
34	-3	69	1	43	6	42	-12	cell = 88 to 95
50	-26	54	-23	51	13	25	-24	cell = 96 to 103
69	9	22	-12	50	5	70	-17	cell = 104 to 111
8	22	35	21	58	-8	29	0	cell = 112 to 119
18	-7	3	29	62	20	42	10	cell = 120 to 127
-4	-12	5	-26	28	3	83	-69	cell = 128 to 135
61	-16	38	-5	65	30	48	9	cell = 136 to 143
22	-13	45	-10	21	-16	90	33	cell = 144 to 151
66	14	60	-6	8	-7	70	-12	cell = 152 to 159
88	2	45	27	35	-6	54	-12	cell = 160 to 167
19	10	33	-22	47	32	51	-26	cell = 168 to 175
24	-29	41	-23	27	-16	0	-30	cell = 176 to 183
5	-3	44	-13	33	-9	37	-2	cell = 184 to 191
22	-34	52	6	43	-24	22	3	cell = 192 to 199
34	-16	38	-6	68	32	59	-47	cell = 200 to 207
26	-23	53	3	54	1	60	35	cell = 208 to 215
55	-7	49	3	-6	7	77	-2	cell = 216 to 223
22	-48	75	3	85	-31	57	28	cell = 224 to 231
70	-45	61	-12	76	-4	68	-18	cell = 232 to 239
90	-8	35	13	4	6	42	-7	cell = 240 to 247
49	-11	63	10	41	-32	29	-13	cell = 248 to 255
28	-9	39	-13	55	-41	41	-25	cell = 256 to 263
39	1	16	-16	46	27	41	14	cell = 264 to 271
41	-11	15	-1	11	11	24	12	cell = 272 to 279
45	6	52	-2	26	8	49	7	cell = 280 to 287
50	-20	65	-9	50	-35	72	18	cell = 288 to 295
25	-6	10	-30	53	-26	29	-22	cell = 296 to 303
50	-12	24	-38	59	-2	60	-21	cell = 304 to 311
33	27	61	-20	70	0	6	-22	cell = 312 to 319
42	-16	27	-52	47	-25	28	-10	cell = 320 to 327
55	-21	-2	-1	36	19	78	-13	cell = 328 to 335
15	-9	20	-34	44	13	26	-16	cell = 336 to 343
45	-58	35	3	23	18	60	-19	cell = 344 to 351
59	8	63	17	46	-11	37	2	cell = 352 to 359
47	9	72	-11	72	-30	81	-23	cell = 360 to 367
34	7	30	29	26	8	50	4	cell = 368 to 375
17	-4	69	37	81	47	47	-38	cell = 376 to 383
14	2	38	-7	44	11	6	-2	cell = 384 to 391
18	-11	47	-4	14	-9	42	4	cell = 392 to 399
34	36	89	4	66	6	56	-30	cell = 400 to 407
-4	3	81	12	66	-4	77	-32	cell = 408 to 415
41	-6	27	11	76	-10	60	-10	cell = 416 to 423
33	-29	36	3	43	9	50	-23	cell = 424 to 431
43	-2	47	-42	42	-15	31	-49	cell = 432 to 439
27	-32	55	-3	48	-16	28	-30	cell = 440 to 447
33	-4	18	-14	10	15	35	-12	cell = 448 to 455
32	-28	49	-19	22	-9	24	-22	cell = 456 to 463
15	-48	56	-40	10	50	35	3	cell = 464 to 471
40	-17	60	-52	33	-59	58	-15	cell = 472 to 479
74	9	20	-4	42	-21	27	0	cell = 480 to 487
39	29	64	0	78	12	4	-5	cell = 488 to 495
84	-18	-22	-113	-62	-77	-8	-97	cell = 496 to 503
41	-17	29	-19	31	-6	33	-2	cell = 504 to 511
-24	6	-37	-36	7	-36	-58	-52	cell = 512 to 519
-18	32	-50	-47	-5	-4	-27	-43	cell = 520 to 527
0	-9	-36	-39	-18	-7	-8	5	cell = 528 to 535
-16	-51	-2	-1	29	-17	-8	-57	cell = 536 to 543
-25	-49	-23	-50	-10	-29	-7	0	cell = 544 to 551
-11	-30	-66	-20	-21	-17	-2	13	cell = 552 to 559
-2	-16	-42	-14	-35	-36	-57	24	cell = 560 to 567
2	-34	-59	-15	20	-17	-3	15	cell = 568 to 575
-10	-38	-2	-30	-5	-9	-34	-20	cell = 576 to 583
-76	-15	-36	-19	-3	44	-27	-74	cell = 584 to 591
-3	-51	-41	-24	-27	-21	22	-55	cell = 592 to 599
20	-25	-27	-34	-10	-6	-8	-41	cell = 600 to 607
-20	-50	5	-22	-22	-3	-7	-35	cell = 608 to 615
-28	-34	-5	-44	-42	-29	10	-50	cell = 616 to 623
-4	-17	2	-30	-3	-18	1	12	cell = 624 to 631
-32	0	9	-14	-56	-40	-20	-28	cell = 632 to 639
-21	-55	-24	-45	7	-38	-14	-30	cell = 640 to 647
-87	-39	-7	-34	15	-18	-27	-23	cell = 648 to 655
-29	-24	-31	-44	-2	-20	-57	4	cell = 656 to 663
-9	2	-10	-39	-5	-57	-1	18	cell = 664 to 671
-14	-20	-55	-7	-8	4	-25	9	cell = 672 to 679
-7	19	-35	9	-25	-30	-14	-32	cell = 680 to 687
-13	-6	-13	-43	-26	4	-25	-11	cell = 688 to 695
-28	-18	-18	-27	-14	-70	-34	-16	cell = 696 to 703
0	-30	-11	-34	-35	-46	-34	25	cell = 704 to 711
3	1	-36	27	-52	-19	-18	-5	cell = 712 to 719
23	-20	-32	-23	4	-27	-32	-2	cell = 720 to 727
-27	-20	-7	-35	-26	-34	-39	-10	cell = 728 to 735
12	14	-3	-25	-22	11	8	4	cell = 736 to 743
20	-27	-17	-16	0	-40	22	0	cell = 744 to 751
-29	12	20	-6	-10	-5	-14	-7	cell = 752 to 759
-25	-27	-16	19	-10	-8	-50	-25	cell = 760 to 767
3	-51	-29	1	-57	-17	11	-24	cell = 768 to 775
-12	-28	-16	-31	-14	-24	-26	-10	cell = 776 to 783
-21	-30	-21	-3	65	-23	-62	-33	cell = 784 to 791
12	-21	-14	9	12	-17	-17	14	cell = 792 to 799
-47	-22	-6	41	-19	-16	-30	6	cell = 800 to 807
-36	-15	-30	-26	-9	-3	-16	-6	cell = 808 to 815
-53	-23	-14	-18	-13	2	-24	15	cell = 816 to 823
36	-15	16	-28	-15	-22	4	-4	cell = 824 to 831
-29	-12	-37	-30	-22	4	-42	-29	cell = 832 to 839
-44	-26	-31	-12	-39	-6	-3	-1	cell = 840 to 847
-23	3	-6	0	-24	-27	-56	17	cell = 848 to 855
16	-8	-40	-45	15	0	-44	-16	cell = 856 to 863
4	-8	-9	2	-27	-5	-61	-38	cell = 864 to 871
-41	-38	-6	-31	-18	-23	18	12	cell = 872 to 879
-4	-10	-28	-33	-36	-13	-6	-42	cell = 880 to 887
23	-31	10	-10	-15	-12	-17	-29	cell = 888 to 895
-11	-3	7	-46	-32	-36	-39	12	cell = 896 to 903
-37	13	-5	-27	-28	21	-5	12	cell = 904 to 911
9	14	-16	-14	5	2	0	-2	cell = 912 to 919
-13	3	-26	-24	-14	23	-2	3	cell = 920 to 927
-32	-8	-21	-37	-13	-16	-40	-8	cell = 928 to 935
-6	17	-26	6	-15	-59	3	11	cell = 936 to 943
-23	-38	29	-55	-10	-12	-45	-8	cell = 944 to 951
-20	-17	7	-5	-33	-17	-38	-29	cell = 952 to 959
-19	-28	-37	-34	-28	-3	-59	-5	cell = 960 to 967
-15	-52	-28	-34	25	-19	-20	-13	cell = 968 to 975
23	32	0	-37	-25	-16	-4	-5	cell = 976 to 983
-56	-50	-5	-35	-36	-14	-35	-46	cell = 984 to 991
-5	-42	-18	-31	-5	-1	21	27	cell = 992 to 999
-46	-14	14	8	-34	4	-1	12	cell = 1000 to 1007
-17	-32	-48	-41	-23	5	-80	-42	cell = 1008 to 1015
-25	20	-26	-30	10	-45	-45	-20	cell = 1016 to 1023
Calibration values from cell 0 to 1024 for channel 3:

51	-28	37	-4	48	8	91	-19	cell = 0 to 7
22	-14	44	2	49	-24	64	-20	cell = 8 to 15
46	15	18	2	67	4	26	-13	cell = 16 to 23
51	-2	47	-25	54	15	77	-13	cell = 24 to 31
34	8	48	-61	31	-6	72	-47	cell = 32 to 39
14	8	62	-18	35	34	37	3	cell = 40 to 47
24	0	60	-6	32	-10	64	7	cell = 48 to 55
61	-29	13	22	33	-29	75	-1	cell = 56 to 63
23	-35	45	-21	33	21	37	-10	cell = 64 to 71
49	-45	71	-54	40	19	62	2	cell = 72 to 79
19	-33	73	-29	46	-41	60	-8	cell = 80 to 87
22	-25	30	0	44	-7	88	-44	cell = 88 to 95
33	35	50	0	53	8	17	-16	cell = 96 to 103
27	-15	24	-8	56	17	51	22	cell = 104 to 111
58	27	29	-6	59	21	61	-9	cell = 112 to 119
31	31	62	2	6	5	49	-36	cell = 120 to 127
33	-21	37	-13	43	-8	64	4	cell = 128 to 135
7	-14	33	-30	35	-43	39	-58	cell = 136 to 143
61	0	57	-20	56	12	63	16	cell = 144 to 151
18	-23	61	-9	51	3	51	6	cell = 152 to 159
46	-21	41	-12	38	-8	71	8	cell = 160 to 167
60	6	48	-5	26	-7	59	-9	cell = 168 to 175
33	22	42	1	31	13	50	-3	cell = 176 to 183
59	3	28	24	29	-37	33	-20	cell = 184 to 191
49	-27	8	-18	18	1	8	-26	cell = 192 to 199
53	14	48	1	51	-12	43	-31	cell = 200 to 207
35	-28	27	-15	48	18	72	-19	cell = 208 to 215
105	1	54	-25	5	12	35	-6	cell = 216 to 223
12	38	47	-24	5	-25	24	-12	cell = 224 to 231
19	21	49	-18	56	-9	61	-30	cell = 232 to 239
28	14	30	-12	62	-21	111	-14	cell = 240 to 247
42	25	63	3	22	-18	41	-23	cell = 248 to 255
11	20	22	-15	31	7	38	9	cell = 256 to 263
66	13	25	-14	12	15	42	11	cell = 264 to 271
0	-8	64	-38	74	11	42	24	cell = 272 to 279
31	-5	37	3	5	1	63	11	cell = 280 to 287
13	-25	62	-9	27	14	36	-34	cell = 288 to 295
41	25	29	-7	41	1	41	-36	cell = 296 to 303
50	2	60	-31	26	10	55	15	cell = 304 to 311
34	3	52	-14	48	-4	42	22	cell = 312 to 319
31	-14	58	-33	58	-19	38	-34	cell = 320 to 327
85	29	50	-9	33	-8	47	-20	cell = 328 to 335
38	-17	56	-5	38	25	43	-20	cell = 336 to 343
81	-3	51	-4	62	54	47	-3	cell = 344 to 351
40	-1	32	-12	40	-47	48	45	cell = 352 to 359
89	26	73	-6	49	0	70	-11	cell = 360 to 367
28	-37	38	4	42	-43	46	-1	cell = 368 to 375
82	0	52	-40	39	19	48	-25	cell = 376 to 383
37	-17	47	38	30	7	30	4	cell = 384 to 391
29	7	38	-45	24	4	10	-2	cell = 392 to 399
52	25	2	16	35	-53	37	-26	cell = 400 to 407
58	-16	38	-41	36	-15	59	4	cell = 408 to 415
60	13	53	-8	46	-7	52	-10	cell = 416 to 423
22	-27	74	53	53	3	53	-39	cell = 424 to 431
51	7	53	-38	58	22	34	2	cell = 432 to 439
-27	8	45	-16	62	-24	55	-17	cell = 440 to 447
14	-22	77	20	14	-34	52	12	cell = 448 to 455
55	23	33	-10	37	-12	25	-2	cell = 456 to 463
48	30	59	26	-2	19	28	-26	cell = 464 to 471
66	-24	21	-12	45	-21	69	1	cell = 472 to 479
35	-2	68	-13	51	7	64	-19	cell = 480 to 487
57	-28	32	19	44	-23	50	-46	cell = 488 to 495
23	-22	-25	-80	-63	-79	-40	-83	cell = 496 to 503
73	15	58	-15	20	5	8	-6	cell = 504 to 511
-41	-6	-31	9	-41	-33	-40	-29	cell = 512 to 519
-10	-22	-20	-36	-23	-26	-23	-13	cell = 520 to 527
-29	12	-28	-8	1	-68	-18	-43	cell = 528 to 535
-8	-24	-10	-50	-18	2	-16	5	cell = 536 to 543
-12	-12	-22	13	7	5	-44	-17	cell = 544 to 551
4	24	-16	-18	8	-4	-57	-28	cell = 552 to 559
3	-60	-60	9	-14	-20	-3	-8	cell = 560 to 567
-19	-15	-52	-32	-19	-33	-13	-23	cell = 568 to 575
-14	-29	-35	18	-45	-68	3	-47	cell = 576 to 583
-18	-20	-12	-16	-52	-34	8	-19	cell = 584 to 591
-22	-29	-63	-36	2	-7	0	0	cell = 592 to 599
-45	-11	-42	6	4	-6	-40	22	cell = 600 to 607
-33	-41	-34	-31	4	-30	18	-21	cell = 608 to 615
-23	-24	-7	-52	8	-31	-23	-9	cell = 616 to 623
-22	19	-44	9	-55	-10	-3	-9	cell = 624 to 631
8	-24	-10	13	-10	-37	-15	-34	cell = 632 to 639
16	-42	-41	0	-58	16	-36	-1	cell = 640 to 647
-2	-67	-25	-22	-35	-24	-29	-17	cell = 648 to 655
-30	-3	-11	-12	-18	15	17	19	cell = 656 to 663
-51	-35	-17	-58	-34	-4	24	-14	cell = 664 to 671
-13	-12	-6	3	12	-11	5	-14	cell = 672 to 679
-14	-52	-4	-33	-38	-61	0	1	cell = 680 to 687
6	-16	-27	-39	-19	-24	0	-15	cell = 688 to 695
-5	-53	-34	-32	-13	-40	13	-38	cell = 696 to 703
-5	-35	-9	-47	-55	-35	-43	-7	cell = 704 to 711
-12	4	-11	-16	-4	-60	-16	5	cell = 712 to 719
-50	-34	-12	-4	-9	31	-46	-5	cell = 720 to 727
-43	18	-19	-25	-5	-45	-25	-23	cell = 728 to 735
24	-29	-34	-34	-23	-1	-15	-44	cell = 736 to 743
-5	-50	-20	-15	5	-11	26	4	cell = 744 to 751
-14	-29	-36	-14	-9	9	-14	9	cell = 752 to 759
-28	-16	6	-2	-13	-55	-15	-54	cell = 760 to 767
-5	-23	16	13	-28	-1	-50	13	cell = 768 to 775
-16	-37	-13	-50	-2	-23	-32	-25	cell = 776 to 783
30	3	-5	-4	2	-12	-23	-11	cell = 784 to 791
15	4	-25	-22	-7	-8	-21	2	cell = 792 to 799
-41	4	-22	2	17	-17	-25	-18	cell = 800 to 807
-26	8	-3	-38	-6	-7	-16	-12	cell = 808 to 815
-15	-46	-11	3	-6	-2	-32	-67	cell = 816 to 823
13	-29	-12	-31	0	-21	-44	9	cell = 824 to 831
-42	-1	15	-24	13	7	-2	-21	cell = 832 to 839
6	-31	9	34	17	-13	-56	-6	cell = 840 to 847
6	-31	24	-3	-29	-3	-53	-18	cell = 848 to 855
-37	-23	-26	25	4	-54	-19	-32	cell = 856 to 863
-11	10	-15	-19	-22	-18	-20	-23	cell = 864 to 871
-16	-35	-14	-2	-33	-23	-52	-5	cell = 872 to 879
-55	-13	-54	-49	-17	-40	-17	-30	cell = 880 to 887
-36	-12	-42	-53	-28	-42	-6	-58	cell = 888 to 895
3	-55	-8	-15	3	-6	-11	23	cell = 896 to 903
-29	2	-13	-25	-30	-19	-20	13	cell = 904 to 911
-18	5	-42	-9	-8	-27	20	-13	cell = 912 to 919
6	-35	5	-14	-28	7	13	-21	cell = 920 to 927
-57	3	-1	22	2	-52	5	-27	cell = 928 to 935
-6	-18	-2	-13	11	-26	-42	-26	cell = 936 to 943
-2	-13	-24	-10	-14	-16	-61	3	cell = 944 to 951
2	-34	-12	-35	-6	1	-20	-49	cell = 952 to 959
-26	-11	-6	-44	-28	-47	-45	-2	cell = 960 to 967
-28	-52	-33	-15	-35	-30	-16	-9	cell = 968 to 975
-20	-30	-47	-16	-41	-27	-22	-41	cell = 976 to 983
-44	-12	6	-5	-4	-20	-33	-35	cell = 984 to 991
-48	0	-28	-17	-10	-12	-37	-1	cell = 992 to 999
-6	-43	-18	-31	-37	-12	-15	12	cell = 1000 to 1007
-38	12	-65	-42	-36	-13	-38	-5	cell = 1008 to 1015
-11	-2	-13	-36	-36	9	6	-17	cell = 1016 to 1023
Calibration values from cell 0 to 1024 for channel 4:

32	15	59	-40	48	5	22	-27	cell = 0 to 7
61	4	54	-19	54	-30	13	-36	cell = 8 to 15
35	-38	75	18	15	-16	77	-21	cell = 16 to 23
40	-11	60	-37	53	-2	21	-14	cell = 24 to 31
54	-30	54	-20	4	-14	78	-41	cell = 32 to 39
45	9	49	-10	43	31	48	5	cell = 40 to 47
45	-14	53	-13	23	5	49	-37	cell = 48 to 55
59	-14	43	25	22	0	24	-7	cell = 56 to 63
49	-21	28	-6	37	27	60	-29	cell = 64 to 71
55	-32	-4	-12	20	18	27	20	cell = 72 to 79
64	18	53	-54	78	-24	77	-51	cell = 80 to 87
48	-9	20	4	65	-7	50	9	cell = 88 to 95
67	-3	67	-16	52	-8	33	-37	cell = 96 to 103
58	-37	54	-14	57	-25	58	-17	cell = 104 to 111
52	-34	62	-16	73	-16	38	7	cell = 112 to 119
44	18	38	-3	84	11	66	-2	cell = 120 to 127
37	-4	25	-26	68	-11	76	-29	cell = 128 to 135
26	-5	39	-14	39	13	46	1	cell = 136 to 143
40	-2	51	12	66	-6	77	-12	cell = 144 to 151
48	-7	47	-7	62	14	98	-17	cell = 152 to 159
62	-46	61	-37	64	-13	75	-8	cell = 160 to 167
44	-31	47	-17	74	2	31	17	cell = 168 to 175
59	-5	18	-31	15	-21	37	-42	cell = 176 to 183
71	5	55	-7	66	-2	34	-14	cell = 184 to 191
69	-13	40	16	36	-34	48	-5	cell = 192 to 199
38	-22	54	-6	37	-8	32	9	cell = 200 to 207
46	-27	47	-5	45	1	28	-8	cell = 208 to 215
60	-21	83	-13	12	-4	34	-26	cell = 216 to 223
55	0	37	-6	33	-6	29	-10	cell = 224 to 231
57	-28	65	-2	21	-9	41	-23	cell = 232 to 239
33	-1	41	-28	25	-3	8	10	cell = 240 to 247
30	-5	27	7	52	-18	39	-11	cell = 248 to 255
59	-20	54	-26	47	-34	67	2	cell = 256 to 263
15	-15	43	12	39	-23	23	-32	cell = 264 to 271
61	-41	49	3	20	5	16	1	cell = 272 to 279
38	-3	74	20	64	-4	30	-11	cell = 280 to 287
43	-31	5	-19	75	-1	40	24	cell = 288 to 295
40	4	39	-21	5	9	58	-6	cell = 296 to 303
40	16	45	6	31	0	76	12	cell = 304 to 311
37	-29	43	5	61	-41	3	-18	cell = 312 to 319
39	-7	19	9	36	-18	24	-41	cell = 320 to 327
57	24	60	-25	51	-5	13	-2	cell = 328 to 335
73	-11	31	-15	48	-3	65	-34	cell = 336 to 343
64	-6	76	22	16	20	42	-23	cell = 344 to 351
10	2	96	-28	55	-21	30	-25	cell = 352 to 359
36	-10	-5	13	28	2	40	8	cell = 360 to 367
31	-26	68	-30	102	-31	40	-41	cell = 368 to 375
90	-4	59	30	53	-30	36	24	cell = 376 to 383
97	0	48	-5	59	-4	34	18	cell = 384 to 391
52	26	40	-6	-3	4	16	20	cell = 392 to 399
41	-9	29	-21	47	-6	54	-17	cell = 400 to 407
15	-26	64	-22	21	-3	38	-29	cell = 408 to 415
29	4	27	-10	28	29	31	-23	cell = 416 to 423
41	0	13	-15	29	3	57	26	cell = 424 to 431
63	34	8	-33	52	-47	53	20	cell = 432 to 439
29	7	98	39	61	-21	10	-13	cell = 440 to 447
63	4	34	4	4	-13	42	22	cell = 448 to 455
28	-25	37	17	57	2	48	-44	cell = 456 to 463
33	-4	55	-10	45	-36	21	5	cell = 464 to 471
33	9	51	-11	41	18	30	-25	cell = 472 to 479
20	-6	46	27	68	-17	53	-45	cell = 480 to 487
37	12	63	10	30	-15	45	-19	cell = 488 to 495
30	-35	-31	-55	-2	-50	-14	-67	cell = 496 to 503
91	-42	17	-34	45	-25	25	-3	cell = 504 to 511
-22	-40	-36	-39	-27	-35	-3	-5	cell = 512 to 519
-8	-26	-8	2	-19	-35	-23	-15	cell = 520 to 527
9	-13	4	-36	-14	-31	-12	-60	cell = 528 to 535
-11	-25	-24	-20	-15	-31	-42	-26	cell = 536 to 543
-5	-40	-9	-2	3	4	2	-4	cell = 544 to 551
21	-22	21	-59	-16	-28	-14	-41	cell = 552 to 559
14	-40	-21	-4	-9	-2	-44	-30	cell = 560 to 567
7	-14	-3	-41	-19	-40	-15	-56	cell = 568 to 575
0	-32	-20	-17	-15	-34	-28	-19	cell = 576 to 583
-34	-16	-5	0	-14	-21	-16	-44	cell = 584 to 591
-43	4	-40	-30	-66	8	-26	-44	cell = 592 to 599
-60	3	-28	-28	-12	-31	-57	-22	cell = 600 to 607
2	37	-35	-25	-51	-22	-44	-12	cell = 608 to 615
-14	8	-22	-26	3	-11	10	3	cell = 616 to 623
-2	-16	-42	0	9	-16	-38	-65	cell = 624 to 631
-24	-10	7	0	-47	-21	-10	-17	cell = 632 to 639
-42	-14	6	12	-30	-9	-19	-11	cell = 640 to 647
-26	-51	-33	-11	-13	-4	-12	28	cell = 648 to 655
-40	-3	8	-23	-24	-31	-1	-10	cell = 656 to 663
-25	-15	-4	-22	12	-43	0	-23	cell = 664 to 671
-9	-23	-13	-36	11	8	-48	-3	cell = 672 to 679
-24	-40	-10	1	-36	-15	-38	-10	cell = 680 to 687
4	-19	14	-24	0	-54	16	-47	cell = 688 to 695
-26	-8	-46	6	-1	-13	-31	-24	cell = 696 to 703
-40	-10	-24	-26	-29	32	-34	-33	cell = 704 to 711
-18	-24	22	4	13	-9	-8	-16	cell = 712 to 719
11	35	24	-40	-35	-28	-33	-14	cell = 720 to 727
-12	-27	-16	-12	-14	-59	-13	-30	cell = 728 to 735
0	-24	-48	-24	-17	-23	-29	-12	cell = 736 to 743
0	-13	15	20	-19	-13	-17	-41	cell = 744 to 751
-20	-40	-25	2	-34	-19	-30	-8	cell = 752 to 759
-19	-18	1	5	-20	-9	-9	-18	cell = 760 to 767
-34	-20	-19	-24	0	-65	-41	-56	cell = 768 to 775
-4	-47	-63	3	7	-10	-34	-27	cell = 776 to 783
-42	54	6	-7	16	-46	-10	13	cell = 784 to 791
-10	-21	12	-35	-5	-19	10	-10	cell = 792 to 799
-19	-23	-13	-34	-2	-8	-33	-12	cell = 800 to 807
7	-52	-55	-50	-33	-20	-15	-15	cell = 808 to 815
-10	3	-18	-7	-17	31	-48	6	cell = 816 to 823
-15	39	-27	3	-6	-48	-27	29	cell = 824 to 831
-17	-58	-27	-17	-61	-31	-6	-16	cell = 832 to 839
12	-18	2	-4	-21	-31	-36	-9	cell = 840 to 847
-30	-18	18	6	-26	-80	1	-20	cell = 848 to 855
-35	-16	-29	-7	5	-25	-14	16	cell = 856 to 863
-10	-21	-39	-19	0	-8	29	6	cell = 864 to 871
-17	19	-38	-27	1	-3	9	2	cell = 872 to 879
4	-29	-37	-20	-19	-18	-3	11	cell = 880 to 887
-8	-35	6	-2	36	-25	-42	-27	cell = 888 to 895
-52	-50	-16	-2	-16	-38	-9	8	cell = 896 to 903
21	-45	-46	-18	-32	9	-15	-6	cell = 904 to 911
-9	-49	-59	2	-15	8	-32	-61	cell = 912 to 919
-21	-17	-18	-6	-14	-42	0	-32	cell = 920 to 927
-16	-19	-7	-20	2	-38	-1	-10	cell = 928 to 935
-41	-36	-39	-36	3	-63	-3	-36	cell = 936 to 943
-10	51	-43	-15	-31	-38	-17	-18	cell = 944 to 951
25	-3	-29	20	-8	-53	-81	2	cell = 952 to 959
7	-10	-18	-54	-5	-25	-34	-27	cell = 960 to 967
-11	-14	16	-24	-1	-29	-12	-11	cell = 968 to 975
-12	-14	-38	-69	8	-47	-21	-5	cell = 976 to 983
-37	-36	-28	7	-45	-22	-31	-4	cell = 984 to 991
16	-47	6	4	-10	-32	-16	-37	cell = 992 to 999
-18	-29	-4	20	-28	-11	-15	-46	cell = 1000 to 1007
12	-23	-22	-59	-27	-19	11	-15	cell = 1008 to 1015
-19	-42	-31	-47	-45	-31	1	0	cell = 1016 to 1023
Calibration values from cell 0 to 1024 for channel 5:

24	-29	44	-37	72	10	61	9	cell = 0 to 7
52	-31	50	-2	39	-22	58	-38	cell = 8 to 15
49	10	87	-5	38	-13	3	5	cell = 16 to 23
32	-8	54	-27	42	9	57	2	cell = 24 to 31
46	-25	22	-8	26	-12	17	4	cell = 32 to 39
13	32	70	-23	59	-11	22	-35	cell = 40 to 47
70	-21	55	-7	16	2	29	-24	cell = 48 to 55
31	0	32	-20	71	-5	30	5	cell = 56 to 63
44	30	69	0	50	-34	83	-19	cell = 64 to 71
47	-6	39	-36	51	-28	16	-15	cell = 72 to 79
73	-1	75	-6	43	-27	56	-25	cell = 80 to 87
36	-5	45	-12	68	-27	48	-15	cell = 88 to 95
20	-30	37	-3	53	9	66	-25	cell = 96 to 103
61	-4	38	0	10	-6	36	4	cell = 104 to 111
59	-15	48	10	49	-2	21	-24	cell = 112 to 119
63	3	47	-46	50	-12	29	-19	cell = 120 to 127
40	-12	29	-6	81	-6	51	-35	cell = 128 to 135
19	0	91	20	35	-14	38	40	cell = 136 to 143
51	-47	50	-17	14	25	34	-37	cell = 144 to 151
31	-4	84	-45	55	9	11	-36	cell = 152 to 159
30	-16	70	-7	100	-32	6	-26	cell = 160 to 167
39	-18	42	16	40	40	46	-32	cell = 168 to 175
28	2	41	-1	67	6	60	19	cell = 176 to 183
41	-56	3	-19	0	-5	80	-17	cell = 184 to 191
-5	-35	44	-29	41	2	77	-34	cell = 192 to 199
5	25	80	-6	35	-20	120	2	cell = 200 to 207
61	-1	74	-19	49	-3	52	-7	cell = 208 to 215
48	17	80	2	45	-35	59	-14	cell = 216 to 223
88	4	6	-10	58	-59	-4	-4	cell = 224 to 231
34	-17	70	-23	75	-22	19	-19	cell = 232 to 239
34	-22	53	-4	18	11	68	9	cell = 240 to 247
35	32	28	-6	70	-50	59	22	cell = 248 to 255
67	-18	51	-11	15	-20	60	8	cell = 256 to 263
55	18	40	16	49	-3	37	1	cell = 264 to 271
55	16	41	-26	12	14	51	-27	cell = 272 to 279
6	-8	7	0	83	11	7	-13	cell = 280 to 287
68	-13	74	9	8	9	54	20	cell = 288 to 295
45	3	39	-6	29	32	57	-24	cell = 296 to 303
42	16	43	17	57	-12	22	-12	cell = 304 to 311
94	10	-5	-14	69	28	39	-33	cell = 312 to 319
88	22	24	8	67	-12	55	-39	cell = 320 to 327
4	-2	46	12	8	-11	22	-19	cell = 328 to 335
57	8	53	-25	53	13	23	-9	cell = 336 to 343
68	-3	87	-18	1	10	33	-27	cell = 344 to 351
52	20	24	-49	80	-32	20	5	cell = 352 to 359
10	-8	27	-22	67	18	37	-15	cell = 360 to 367
16	-12	60	-30	72	-7	54	-13	cell = 368 to 375
20	5	34	-19	17	12	47	-42	cell = 376 to 383
26	0	29	-19	23	-10	53	-7	cell = 384 to 391
39	-27	46	-1	44	-6	31	2	cell = 392 to 399
51	13	44	-25	54	-16	46	15	cell = 400 to 407
77	4	56	-7	40	47	48	-19	cell = 408 to 415
65	-19	15	-62	49	-11	18	17	cell = 416 to 423
44	-6	29	-13	41	11	36	3	cell = 424 to 431
83	-5	75	-8	71	-44	41	-16	cell = 432 to 439
56	10	18	10	59	10	39	13	cell = 440 to 447
10	0	109	21	13	-33	60	-28	cell = 448 to 455
38	-11	16	18	25	-17	73	-6	cell = 456 to 463
30	15	27	9	15	-13	13	-13	cell = 464 to 471
63	-4	24	-26	63	30	5	-2	cell = 472 to 479
18	40	65	-10	36	-15	57	-29	cell = 480 to 487
18	2	22	-43	10	23	52	-23	cell = 488 to 495
60	11	-39	-68	-19	-84	4	-80	cell = 496 to 503
67	-50	71	-12	79	-49	32	3	cell = 504 to 511
-19	22	-16	1	-30	8	-15	-23	cell = 512 to 519
-10	-18	-10	-45	5	-14	-40	-50	cell = 520 to 527
-14	-26	17	-10	-2	-13	-3	-35	cell = 528 to 535
8	2	-25	6	-3	-28	-18	-1	cell = 536 to 543
-40	12	-4	12	-45	-54	-9	-34	cell = 544 to 551
-16	-46	-43	-26	-18	0	-40	-12	cell = 552 to 559
-30	-13	-9	-17	-53	-13	-11	-45	cell = 560 to 567
-29	31	-5	-10	-36	-31	-26	-47	cell = 568 to 575
-28	-35	-2	-6	-5	0	-26	-61	cell = 576 to 583
-10	-18	-38	-16	-44	25	-14	-40	cell = 584 to 591
14	-10	-8	-31	5	-55	-34	-18	cell = 592 to 599
-3	15	-22	-30	-37	-2	-26	21	cell = 600 to 607
-23	-35	-8	-18	10	-7	-6	-37	cell = 608 to 615
-14	-43	-20	-52	5	-10	2	-36	cell = 616 to 623
-21	-18	3	5	-1	-14	-31	-45	cell = 624 to 631
0	-25	-19	-29	-28	9	-45	-45	cell = 632 to 639
-35	-24	-10	4	14	2	-18	-4	cell = 640 to 647
-36	-11	-22	-20	-51	-39	47	-5	cell = 648 to 655
-36	-45	-38	1	-50	-47	3	-7	cell = 656 to 663
-14	-6	-37	-25	29	11	-19	3	cell = 664 to 671
-74	-24	-9	-20	-19	0	-4	3	cell = 672 to 679
-32	-2	-13	-30	11	-43	-41	19	cell = 680 to 687
-9	-8	-5	34	6	-19	-25	-5	cell = 688 to 695
-26	-18	-18	-9	-59	-10	-24	-12	cell = 696 to 703
-1	-24	-16	-38	-10	-31	-55	-41	cell = 704 to 711
-25	-9	-13	-67	-19	-8	-21	-27	cell = 712 to 719
-35	-37	-28	-46	-15	4	-18	-24	cell = 720 to 727
-15	-16	30	1	18	-44	-7	-26	cell = 728 to 735
11	16	-8	-43	7	-25	-28	-55	cell = 736 to 743
-2	-18	-37	-7	-35	-39	15	-16	cell = 744 to 751
0	-61	-36	-14	-35	-9	4	-15	cell = 752 to 759
-25	-14	-18	25	-46	-60	-14	-19	cell = 760 to 767
-3	-23	-5	-18	-17	-26	-19	-31	cell = 768 to 775
0	-36	-23	-7	-11	-53	-16	9	cell = 776 to 783
-7	-34	3	-32	13	-7	6	-25	cell = 784 to 791
11	-24	-10	2	-25	-36	-29	0	cell = 792 to 799
-24	-51	13	-39	-18	-1	-25	-20	cell = 800 to 807
2	-27	21	-29	-17	-4	-28	-24	cell = 808 to 815
-36	-8	27	23	-4	-17	12	-2	cell = 816 to 823
4	-11	0	-46	-55	-29	-28	-3	cell = 824 to 831
2	2	-8	-49	6	-28	6	-79	cell = 832 to 839
-12	-9	-24	-28	-8	-31	-51	-10	cell = 840 to 847
8	-1	-18	8	-5	-12	-13	-31	cell = 848 to 855
-13	-21	-23	-27	-28	-31	-5	14	cell = 856 to 863
-14	-17	-22	-57	-3	-39	-44	-17	cell = 864 to 871
-48	11	-18	-27	-21	-21	-15	-18	cell = 872 to 879
-37	-22	13	-23	22	9	-16	-10	cell = 880 to 887
-28	-13	7	-16	2	-34	5	0	cell = 888 to 895
2	-48	-18	5	-10	-17	-45	23	cell = 896 to 903
-16	14	-26	-6	-11	-15	-36	-50	cell = 904 to 911
10	-25	-37	-41	-32	-24	-18	10	cell = 912 to 919
2	-32	-13	-35	-29	-34	-54	5	cell = 920 to 927
-15	-22	-11	-25	-16	-53	-8	-25	cell = 928 to 935
-31	18	-2	-11	-32	-18	-17	-15	cell = 936 to 943
-25	-35	-44	-25	9	-47	-15	20	cell = 944 to 951
12	-14	-14	-28	-25	-58	-40	-2	cell = 952 to 959
2	-6	-41	-40	-24	-70	-19	-12	cell = 960 to 967
-4	24	-7	-13	-7	-1	-32	-27	cell = 968 to 975
0	-8	-46	-42	-72	-10	-21	-16	cell = 976 to 983
-29	-27	-15	-35	-8	-35	-12	7	cell = 984 to 991
-8	0	-8	-17	-7	-18	-25	-14	cell = 992 to 999
-9	2	-24	-46	-9	1	-30	-41	cell = 1000 to 1007
-24	-28	-43	-33	-79	-19	-40	9	cell = 1008 to 1015
32	-54	-35	-42	7	-31	-60	-41	cell = 1016 to 1023
Calibration values from cell 0 to 1024 for channel 6:

65	17	64	21	21	21	53	-12	cell = 0 to 7
14	2	47	-9	29	-20	74	-5	cell = 8 to 15
32	-10	80	-4	0	2	58	-14	cell = 16 to 23
86	-14	52	4	15	5	83	11	cell = 24 to 31
54	-21	82	-32	38	-22	61	-29	cell = 32 to 39
55	2	39	-22	32	-10	60	-15	cell = 40 to 47
36	-20	37	-7	102	-30	81	-18	cell = 48 to 55
57	16	80	-31	65	-13	83	-42	cell = 56 to 63
72	-11	0	17	46	2	35	-38	cell = 64 to 71
14	9	23	6	35	-9	46	4	cell = 72 to 79
16	-14	56	13	64	2	47	-4	cell = 80 to 87
49	14	77	-4	44	-19	73	16	cell = 88 to 95
56	-9	33	14	26	-9	58	10	cell = 96 to 103
41	-30	32	-34	52	-4	46	-31	cell = 104 to 111
54	11	47	-36	69	-4	37	17	cell = 112 to 119
84	-27	84	-21	17	-6	49	-6	cell = 120 to 127
64	-24	49	10	49	1	30	-23	cell = 128 to 135
38	16	58	-1	33	36	73	-24	cell = 136 to 143
47	16	43	-3	10	1	47	-7	cell = 144 to 151
42	-17	25	2	53	-10	38	-36	cell = 152 to 159
39	-32	41	14	31	-21	63	0	cell = 160 to 167
62	-10	38	9	38	-16	21	42	cell = 168 to 175
66	-32	31	-7	33	-9	31	-30	cell = 176 to 183
69	19	54	-18	44	-11	30	-3	cell = 184 to 191
11	-24	20	3	26	-14	41	-29	cell = 192 to 199
-11	-7	34	-13	55	-32	-2	-34	cell = 200 to 207
40	9	66	-15	0	-9	11	-23	cell = 208 to 215
58	-1	64	6	24	25	45	33	cell = 216 to 223
60	8	63	-14	33	-20	62	-32	cell = 224 to 231
13	-30	90	-26	67	-2	48	2	cell = 232 to 239
16	14	48	10	54	29	65	-36	cell = 240 to 247
49	-14	65	6	45	4	31	23	cell = 248 to 255
51	0	9	-9	44	-53	79	-16	cell = 256 to 263
18	-44	82	5	27	-3	84	-15	cell = 264 to 271
58	5	42	38	60	17	45	4	cell = 272 to 279
69	8	52	-18	80	-21	60	-28	cell = 280 to 287
56	5	25	-21	37	-42	52	-6	cell = 288 to 295
66	-36	59	-35	39	5	66	-8	cell = 296 to 303
43	-13	8	-35	39	-18	32	-26	cell = 304 to 311
47	20	37	-4	27	10	52	13	cell = 312 to 319
23	3	59	4	67	0	51	-51	cell = 320 to 327
0	-10	47	-48	75	54	4	-21	cell = 328 to 335
54	-2	24	-39	12	-67	60	-53	cell = 336 to 343
39	-11	91	-30	51	0	47	1	cell = 344 to 351
33	4	45	-10	53	0	49	-15	cell = 352 to 359
26	-36	31	20	27	8	33	-34	cell = 360 to 367
58	4	19	29	63	-49	64	8	cell = 368 to 375
21	6	29	-34	73	-45	19	-56	cell = 376 to 383
25	1	30	-34	63	-12	35	-5	cell = 384 to 391
67	-14	35	-11	38	-35	55	12	cell = 392 to 399
17	1	59	-21	52	1	41	28	cell = 400 to 407
18	-4	34	0	68	12	45	-7	cell = 408 to 415
55	-28	63	21	7	-22	39	-25	cell = 416 to 423
40	-4	97	-16	83	-16	33	-70	cell = 424 to 431
33	0	74	10	47	-29	30	-5	cell = 432 to 439
59	25	61	18	4	26	24	-21	cell = 440 to 447
28	12	65	-28	37	-18	63	-5	cell = 448 to 455
45	-19	75	-14	25	30	2	-3	cell = 456 to 463
60	-13	16	-15	20	11	50	-13	cell = 464 to 471
65	-37	50	-7	40	-4	34	-7	cell = 472 to 479
76	0	28	21	74	-52	77	1	cell = 480 to 487
40	-22	50	8	38	13	-18	16	cell = 488 to 495
40	-11	-38	-94	-14	-86	-34	-118	cell = 496 to 503
46	2	66	-7	3	-13	39	-20	cell = 504 to 511
-14	-15	-49	-44	-78	2	-33	-17	cell = 512 to 519
-17	-62	-8	-33	-26	-10	-28	-17	cell = 520 to 527
-39	-28	-36	-16	19	-13	-33	-47	cell = 528 to 535
-28	-46	-15	-19	-6	-29	23	-20	cell = 536 to 543
-47	6	2	-4	-29	-18	-31	18	cell = 544 to 551
-12	-10	-2	4	-7	8	-3	-10	cell = 552 to 559
-27	9	-45	-12	-25	-48	-9	18	cell = 560 to 567
3	11	14	-25	-22	-4	-9	-18	cell = 568 to 575
-6	0	-36	-3	-22	-34	-35	0	cell = 576 to 583
14	-7	-30	0	-15	-46	-19	-3	cell = 584 to 591
-37	0	-25	-19	-30	-4	-4	-2	cell = 592 to 599
6	10	-38	-15	19	-17	14	-25	cell = 600 to 607
-15	-28	-29	1	-21	-6	-10	-28	cell = 608 to 615
10	-55	-34	-37	-20	14	-2	-18	cell = 616 to 623
-19	0	2	23	-22	-17	6	-15	cell = 624 to 631
3	-40	-36	11	-12	6	-21	4	cell = 632 to 639
-35	6	-16	-30	-8	1	-36	2	cell = 640 to 647
-9	-9	-49	-28	-10	-48	-4	-19	cell = 648 to 655
-25	-28	-15	-1	-37	0	0	7	cell = 656 to 663
-3	-35	-40	-15	-18	-13	-15	-2	cell = 664 to 671
9	-29	-16	38	-33	-28	1	-10	cell = 672 to 679
-36	-38	-12	-7	-11	-45	24	-23	cell = 680 to 687
-1	-59	-2	8	-35	-50	7	-21	cell = 688 to 695
-27	-7	23	-28	-32	-7	22	-36	cell = 696 to 703
-30	5	0	-13	-31	-37	-5	-31	cell = 704 to 711
-30	-12	-63	-11	-10	10	-15	-41	cell = 712 to 719
-8	-10	-19	-25	-25	-15	-22	-18	cell = 720 to 727
1	-17	3	-42	-22	-27	-19	-15	cell = 728 to 735
-30	-12	-36	-30	-11	-47	-26	-17	cell = 736 to 743
-47	5	-32	-33	-22	-63	55	-7	cell = 744 to 751
-35	-26	23	21	-46	-54	-38	-26	cell = 752 to 759
-7	-42	-9	0	-5	-38	-23	-91	cell = 760 to 767
-11	-19	-42	-42	-1	-51	-29	13	cell = 768 to 775
-23	-44	-21	-52	-42	-54	-23	-32	cell = 776 to 783
-27	18	-16	-4	-41	-11	-31	-25	cell = 784 to 791
-37	15	-55	10	-14	18	-42	2	cell = 792 to 799
10	-31	-19	-33	-25	0	-35	-30	cell = 800 to 807
-32	-30	-60	-17	-18	-20	13	-36	cell = 808 to 815
-13	1	-41	26	-59	-7	-9	-34	cell = 816 to 823
-28	-16	25	-7	-22	-38	3	-40	cell = 824 to 831
-26	-29	-41	-17	13	-26	-15	1	cell = 832 to 839
-30	-9	-13	-52	-37	-40	-20	15	cell = 840 to 847
-30	-33	1	-17	-39	8	-4	25	cell = 848 to 855
-48	-22	2	-32	-3	5	-31	-56	cell = 856 to 863
18	-24	-13	-19	-3	-37	-19	9	cell = 864 to 871
-15	-51	-6	-30	5	-11	-36	-28	cell = 872 to 879
-8	-9	-47	4	-43	-42	-35	-60	cell = 880 to 887
0	-48	-22	-36	-26	-66	-2	-15	cell = 888 to 895
-15	-18	-43	-27	-10	-22	-3	1	cell = 896 to 903
-34	-13	13	6	-16	2	-70	-6	cell = 904 to 911
-3	-47	1	-25	20	29	-5	27	cell = 912 to 919
-1	-33	-35	-28	2	-50	-29	-71	cell = 920 to 927
-20	-31	-18	-15	-28	-13	-38	8	cell = 928 to 935
-21	-50	-25	-21	-35	17	-17	18	cell = 936 to 943
-48	-43	-28	-29	-12	-23	4	-28	cell = 944 to 951
-11	-24	-17	-2	0	-37	-34	7	cell = 952 to 959
0	-30	-11	-54	2	-48	-28	1	cell = 960 to 967
4	-52	-21	-3	-15	-14	-11	-5	cell = 968 to 975
21	-38	-28	-17	-35	8	-25	-29	cell = 976 to 983
-10	-10	19	-19	-48	-7	10	-13	cell = 984 to 991
1	27	-34	-50	-23	-28	-15	11	cell = 992 to 999
11	-35	-39	-20	-24	-19	-29	4	cell = 1000 to 1007
-3	-22	-21	-36	12	-24	-4	-35	cell = 1008 to 1015
-8	-36	-11	-55	-7	10	-32	-44	cell = 1016 to 1023
Calibration values from cell 0 to 1024 for channel 7:

40	18	33	32	56	2	48	-37	cell = 0 to 7
42	45	23	16	26	-5	50	-41	cell = 8 to 15
3	-6	23	-41	45	-13	35	-31	cell = 16 to 23
57	4	33	38	34	-9	70	-20	cell = 24 to 31
20	-27	41	-11	38	6	59	-18	cell = 32 to 39
57	38	46	-25	73	-41	40	-20	cell = 40 to 47
41	1	52	-19	-29	27	32	28	cell = 48 to 55
119	-44	31	1	54	5	37	-24	cell = 56 to 63
44	-12	21	-6	53	7	64	-18	cell = 64 to 71
38	0	37	-20	60	-28	24	-18	cell = 72 to 79
45	25	38	-12	86	-74	70	-36	cell = 80 to 87
13	-9	38	48	70	-16	17	-3	cell = 88 to 95
50	-27	29	7	86	-4	32	-47	cell = 96 to 103
95	-17	84	-14	85	3	63	-25	cell = 104 to 111
29	-29	34	-33	46	33	71	-11	cell = 112 to 119
34	-26	40	3	42	-37	10	3	cell = 120 to 127
26	18	77	-61	63	-8	22	-26	cell = 128 to 135
27	-13	23	-48	59	-24	85	-24	cell = 136 to 143
24	-11	43	-13	19	14	42	-31	cell = 144 to 151
45	12	63	-17	36	1	50	-26	cell = 152 to 159
45	-16	71	-13	17	-37	40	6	cell = 160 to 167
27	10	49	-31	74	-3	57	-28	cell = 168 to 175
56	5	26	11	28	-14	65	-32	cell = 176 to 183
33	-1	39	-35	82	-31	37	0	cell = 184 to 191
22	5	44	-15	31	-7	30	-27	cell = 192 to 199
27	-5	59	-17	57	26	61	-8	cell = 200 to 207
39	-3	67	-12	33	20	52	17	cell = 208 to 215
47	-24	93	-7	12	-37	76	-29	cell = 216 to 223
23	-7	54	-45	18	-23	58	-27	cell = 224 to 231
39	1	84	-18	36	-15	81	-15	cell = 232 to 239
48	42	7	18	25	-29	19	-4	cell = 240 to 247
53	4	63	15	56	-5	24	15	cell = 248 to 255
52	-35	61	-5	51	-27	53	-29	cell = 256 to 263
20	-13	32	-4	71	-9	56	6	cell = 264 to 271
45	-13	42	0	47	-24	31	-1	cell = 272 to 279
35	-17	10	-34	-11	-13	49	2	cell = 280 to 287
69	-22	43	-19	30	-15	6	-12	cell = 288 to 295
45	-20	70	-2	42	-24	22	-43	cell = 296 to 303
38	-7	63	-13	27	7	10	-3	cell = 304 to 311
44	-2	29	-16	24	-38	31	-5	cell = 312 to 319
16	-16	35	-4	34	-12	30	-50	cell = 320 to 327
13	46	28	22	45	-1	42	-22	cell = 328 to 335
39	-45	51	10	43	6	61	-12	cell = 336 to 343
31	-28	52	-50	50	-16	51	21	cell = 344 to 351
59	-18	64	-15	15	0	58	0	cell = 352 to 359
54	-21	65	20	12	28	44	-59	cell = 360 to 367
58	-20	16	-27	30	-39	15	-14	cell = 368 to 375
47	24	50	-30	20	-7	51	-18	cell = 376 to 383
15	2	77	30	60	-10	41	-29	cell = 384 to 391
22	-20	51	3	6	-31	51	0	cell = 392 to 399
18	39	90	7	46	-25	46	7	cell = 400 to 407
83	30	23	-1	57	4	55	-42	cell = 408 to 415
49	-23	25	-5	91	-9	54	-9	cell = 416 to 423
45	-32	-3	10	50	5	51	-46	cell = 424 to 431
51	10	45	6	40	-4	63	12	cell = 432 to 439
44	-25	57	-13	33	-25	38	-40	cell = 440 to 447
16	-6	34	-91	19	13	54	-16	cell = 448 to 455
17	-19	38	4	53	-23	37	-16	cell = 456 to 463
42	6	34	-15	77	31	44	27	cell = 464 to 471
14	-30	37	5	56	-45	10	-48	cell = 472 to 479
22	-21	48	-36	17	-25	34	-54	cell = 480 to 487
50	7	5	-24	29	41	33	-16	cell = 488 to 495
16	-13	-4	-65	-47	-98	-26	-73	cell = 496 to 503
36	-36	41	-2	19	-12	62	-24	cell = 504 to 511
-5	-5	-28	-8	-43	-64	1	-46	cell = 512 to 519
-53	-51	-47	-33	10	-71	-39	-37	cell = 520 to 527
-12	-4	1	-4	-25	-41	-19	0	cell = 528 to 535
-38	34	5	-18	8	35	-24	0	cell = 536 to 543
-21	-36	-36	-38	-19	-12	-8	-22	cell = 544 to 551
-15	0	-29	-36	-54	-47	-18	-4	cell = 552 to 559
-21	-19	-8	10	2	-24	-18	-7	cell = 560 to 567
-6	-25	-23	-35	-15	-2	-29	-49	cell = 568 to 575
12	-22	-46	12	20	-27	4	-3	cell = 576 to 583
-35	0	-30	-38	-43	15	-39	-51	cell = 584 to 591
-2	-33	-43	-15	0	-23	-22	-9	cell = 592 to 599
-33	2	-23	-23	-25	-50	10	-33	cell = 600 to 607
-23	-54	-45	-31	1	-4	-54	8	cell = 608 to 615
-30	33	-19	-43	-11	23	-35	-6	cell = 616 to 623
10	-44	-17	7	-21	21	-29	9	cell = 624 to 631
0	-26	-2	-6	-27	-59	-36	-10	cell = 632 to 639
-39	17	-1	10	-11	-26	-41	-15	cell = 640 to 647
-11	-33	-14	-42	-7	-50	8	-8	cell = 648 to 655
0	-15	-19	-16	-7	-11	-21	-14	cell = 656 to 663
-14	-43	-28	-22	-15	-30	-14	-26	cell = 664 to 671
21	-7	-8	-10	21	-36	34	-12	cell = 672 to 679
-20	-40	-5	-5	9	-8	11	11	cell = 680 to 687
-2	-20	-15	-42	-32	-27	-27	-7	cell = 688 to 695
40	-16	-15	27	-20	-13	-24	-11	cell = 696 to 703
-24	-11	-3	-25	-29	-18	19	-51	cell = 704 to 711
-17	-34	-42	-28	-27	-22	-55	7	cell = 712 to 719
-7	-47	-6	-54	-31	3	-58	-15	cell = 720 to 727
-54	7	-20	-1	-12	1	-36	-20	cell = 728 to 735
19	-34	-37	4	10	-22	-13	-6	cell = 736 to 743
-14	-24	-31	-27	1	-9	-1	-19	cell = 744 to 751
5	2	-16	-13	3	-44	-11	1	cell = 752 to 759
-10	8	-25	-66	23	-27	26	-25	cell = 760 to 767
-20	-11	-7	-17	-26	-25	-7	-25	cell = 768 to 775
-4	-34	-38	14	-14	0	-19	-2	cell = 776 to 783
2	-36	-31	9	1	-4	-9	-1	cell = 784 to 791
-28	-25	-13	-9	-8	-51	21	0	cell = 792 to 799
-14	-42	-9	25	18	-42	3	-26	cell = 800 to 807
-7	-4	-20	-5	-14	-22	-4	-4	cell = 808 to 815
5	-32	19	-34	-6	0	26	-34	cell = 816 to 823
-29	-26	-43	30	-24	-25	-9	-23	cell = 824 to 831
4	-32	-36	-42	-28	-27	-40	-50	cell = 832 to 839
-4	-20	-10	-11	-6	-3	0	-15	cell = 840 to 847
-7	-5	-5	15	-2	-43	-7	-14	cell = 848 to 855
1	-3	-15	12	7	-29	-19	-67	cell = 856 to 863
-39	-59	-26	-16	7	-5	-18	-29	cell = 864 to 871
-42	-26	-7	-45	-23	-18	-34	-18	cell = 872 to 879
-29	-10	-9	-21	-25	-4	-16	-22	cell = 880 to 887
-9	-54	25	-28	12	-12	-27	20	cell = 888 to 895
-14	-22	-22	23	23	-22	-13	-17	cell = 896 to 903
28	12	-4	-19	-10	-15	-9	-28	cell = 904 to 911
-5	-9	-23	-28	-25	-13	13	16	cell = 912 to 919
12	-13	11	-8	-39	-16	-29	-49	cell = 920 to 927
-67	0	-34	-27	-38	-29	-6	-17	cell = 928 to 935
-11	3	-42	-20	0	-33	-28	11	cell = 936 to 943
13	35	-10	-18	-8	-23	-12	-3	cell = 944 to 951
-39	-11	-49	-20	21	-24	-28	7	cell = 952 to 959
-14	-21	-19	-18	-3	-82	-28	-38	cell = 960 to 967
-35	-19	-31	-53	2	-4	32	-15	cell = 968 to 975
-31	-42	-6	-3	7	-2	28	-1	cell = 976 to 983
-20	0	20	0	-10	17	-17	3	cell = 984 to 991
-14	-26	-10	-14	-7	-20	-5	14	cell = 992 to 999
9	-10	-30	-8	2	-30	-23	-38	cell = 1000 to 1007
-18	-17	-17	-30	-12	12	-23	-13	cell = 1008 to 1015
38	0	-15	-12	-17	-45	2	-21	cell = 1016 to 1023
Calibration values from cell 0 to 1024 for channel 8:

15	18	40	-40	53	17	25	-13	cell = 0 to 7
6	-5	6	-10	6	-2	43	-11	cell = 8 to 15
5	-9	31	-4	36	-3	50	1	cell = 16 to 23
32	4	50	4	52	11	37	-15	cell = 24 to 31
23	-4	50	12	48	3	78	-8	cell = 32 to 39
12	-20	56	-1	57	-17	34	-35	cell = 40 to 47
65	20	47	13	25	-19	75	22	cell = 48 to 55
48	34	14	-28	63	-13	89	-32	cell = 56 to 63
43	-32	35	-10	-14	-59	47	20	cell = 64 to 71
44	-38	44	-10	23	-47	49	-1	cell = 72 to 79
57	-55	81	6	34	16	1	3	cell = 80 to 87
68	-23	76	-29	36	-11	62	-30	cell = 88 to 95
-8	-18	94	-29	35	28	58	38	cell = 96 to 103
34	-8	69	-37	54	3	64	-3	cell = 104 to 111
36	22	32	-12	80	-22	60	-19	cell = 112 to 119
75	-24	72	-41	53	13	71	2	cell = 120 to 127
90	26	-3	-20	25	-10	97	-4	cell = 128 to 135
17	10	20	-34	35	23	36	17	cell = 136 to 143
42	14	19	-4	86	29	25	-26	cell = 144 to 151
50	36	83	-32	30	8	35	7	cell = 152 to 159
47	45	38	-15	45	-31	34	-13	cell = 160 to 167
65	-18	57	34	55	-33	30	-18	cell = 168 to 175
57	7	54	15	43	-4	55	-35	cell = 176 to 183
32	-46	33	34	48	-8	57	15	cell = 184 to 191
49	-29	-6	2	46	10	41	28	cell = 192 to 199
35	20	33	26	47	9	43	-15	cell = 200 to 207
10	40	10	16	1	26	65	41	cell = 208 to 215
48	19	47	-44	46	-4	57	-44	cell = 216 to 223
75	-5	48	-15	15	3	50	-42	cell = 224 to 231
18	-1	25	-21	58	22	27	-24	cell = 232 to 239
14	3	51	-12	75	-5	43	7	cell = 240 to 247
25	65	55	3	80	-30	42	-35	cell = 248 to 255
60	-20	26	-40	69	-10	42	-16	cell = 256 to 263
71	-15	45	-16	33	7	42	10	cell = 264 to 271
33	-34	66	-5	15	-14	61	-19	cell = 272 to 279
25	0	13	12	44	6	36	-27	cell = 280 to 287
33	-14	57	18	43	31	15	-22	cell = 288 to 295
62	-4	89	-2	6	-6	37	21	cell = 296 to 303
50	-16	70	1	57	3	50	-13	cell = 304 to 311
37	-9	52	-11	34	14	51	1	cell = 312 to 319
45	2	38	4	59	-17	44	-27	cell = 320 to 327
18	21	15	-24	67	32	22	-3	cell = 328 to 335
36	40	15	13	37	20	50	-3	cell = 336 to 343
53	5	13	-24	88	-1	28	-4	cell = 344 to 351
96	-16	63	27	2	16	25	-4	cell = 352 to 359
23	-4	72	-17	15	13	38	13	cell = 360 to 367
66	-3	32	-18	55	18	17	20	cell = 368 to 375
27	-50	40	4	59	3	39	4	cell = 376 to 383
-5	21	29	-5	16	8	29	0	cell = 384 to 391
71	-29	71	-34	24	13	45	-26	cell = 392 to 399
34	15	26	-20	31	-12	46	6	cell = 400 to 407
82	-18	81	6	36	4	69	-16	cell = 408 to 415
41	-7	83	-40	58	-14	30	-17	cell = 416 to 423
37	-38	19	-6	62	-12	67	1	cell = 424 to 431
46	-12	36	22	61	1	9	-20	cell = 432 to 439
64	-31	49	12	47	-13	33	-5	cell = 440 to 447
34	-5	68	1	11	20	28	-9	cell = 448 to 455
65	13	35	18	69	0	23	-18	cell = 456 to 463
42	45	52	-34	48	-24	35	-33	cell = 464 to 471
45	-23	22	-11	70	25	15	0	cell = 472 to 479
11	-35	4	-9	41	2	57	-39	cell = 480 to 487
28	0	56	30	88	-13	62	-16	cell = 488 to 495
34	1	-44	-99	-16	-43	-12	-38	cell = 496 to 503
85	-38	-2	-48	30	-13	9	1	cell = 504 to 511
-35	-27	12	2	-43	-7	-6	-46	cell = 512 to 519
-48	-16	-48	-13	-65	7	-38	-38	cell = 520 to 527
-3	-43	-16	-43	-21	0	-45	-24	cell = 528 to 535
-33	2	-37	0	-9	-5	-36	22	cell = 536 to 543
-12	3	-28	27	19	12	-10	11	cell = 544 to 551
-49	-27	-30	-2	-49	-37	-8	5	cell = 552 to 559
-36	-28	-34	-18	-16	-4	-9	2	cell = 560 to 567
0	-6	-51	-13	-33	-10	-28	-39	cell = 568 to 575
-9	-45	-6	-1	5	-41	-4	14	cell = 576 to 583
-25	-20	-15	-27	-59	-9	16	12	cell = 584 to 591
37	-30	-15	-30	-13	-4	-35	-13	cell = 592 to 599
22	4	-50	-36	-14	-19	-40	-29	cell = 600 to 607
-10	-37	-12	-31	-20	10	1	-73	cell = 608 to 615
22	-23	-6	-5	15	-44	-15	-36	cell = 616 to 623
-45	-21	-34	-17	-11	-15	-45	-58	cell = 624 to 631
-20	-13	22	-15	14	-14	-13	-42	cell = 632 to 639
-34	-21	-16	-10	26	-14	-39	-17	cell = 640 to 647
11	-2	-57	-32	-28	-2	-20	16	cell = 648 to 655
-39	-8	-9	-13	-37	-37	-13	17	cell = 656 to 663
-53	-32	-41	-14	15	-37	-21	-6	cell = 664 to 671
-29	-12	-20	0	-27	-24	-19	5	cell = 672 to 679
-14	7	-23	-35	4	0	-59	-18	cell = 680 to 687
4	-46	-21	2	34	-37	2	-25	cell = 688 to 695
-12	-3	-8	-21	-30	-25	-19	-13	cell = 696 to 703
-25	-42	-24	-20	3	-8	-35	4	cell = 704 to 711
-15	-22	13	-6	-20	-13	-41	-20	cell = 712 to 719
-9	-16	16	-31	2	-15	-24	-11	cell = 720 to 727
-12	-2	-44	-19	-30	-34	-36	-8	cell = 728 to 735
15	-35	-56	-49	-30	-52	-24	-18	cell = 736 to 743
-40	-25	3	-20	-19	17	-14	-60	cell = 744 to 751
-30	-24	-22	-7	-23	-32	3	-35	cell = 752 to 759
-49	-23	-24	-43	-65	-28	-29	-56	cell = 760 to 767
-6	-3	-48	-3	0	-40	-75	4	cell = 768 to 775
9	-35	-28	-55	-36	-2	7	-24	cell = 776 to 783
3	-15	-31	-49	-6	-39	-15	-2	cell = 784 to 791
-8	-20	6	-8	-11	-7	7	-10	cell = 792 to 799
0	-43	8	0	-26	-27	-43	-32	cell = 800 to 807
-3	18	1	-11	-27	-6	-35	-45	cell = 808 to 815
-9	2	-29	8	7	-8	-36	11	cell = 816 to 823
-24	-63	-27	-55	10	-26	-29	-39	cell = 824 to 831
-20	10	18	-28	-2	-23	-12	19	cell = 832 to 839
-38	-52	-23	3	-32	-17	-30	-60	cell = 840 to 847
-37	-43	-36	-10	20	9	-33	1	cell = 848 to 855
-29	-26	-48	-4	-13	-15	1	-13	cell = 856 to 863
-35	-2	-42	-16	-22	7	-13	-29	cell = 864 to 871
-24	-25	-29	-2	-26	4	-5	11	cell = 872 to 879
-27	36	-39	-35	-4	-7	-9	-18	cell = 880 to 887
-54	-2	-7	-27	-14	-50	-12	-5	cell = 888 to 895
-5	6	-13	-11	-17	-6	-3	-13	cell = 896 to 903
5	-20	-21	-33	-28	29	-23	-58	cell = 904 to 911
-14	7	-16	-10	16	-7	-15	-4	cell = 912 to 919
-31	-31	-78	-7	-8	8	-5	-24	cell = 920 to 927
-63	-17	-29	-10	-31	-13	-31	-11	cell = 928 to 935
17	-43	-14	-53	-9	-37	-35	10	cell = 936 to 943
-26	8	-14	-14	-25	-15	-9	-19	cell = 944 to 951
-12	-40	-30	-20	1	-6	-23	16	cell = 952 to 959
-16	-54	-14	-14	-17	-41	-39	-27	cell = 960 to 967
-12	1	-45	-61	-60	-18	-54	-47	cell = 968 to 975
-37	1	-27	-30	-50	-36	-23	-26	cell = 976 to 983
-41	3	-18	-62	-17	4	-16	1	cell = 984 to 991
-74	-25	9	6	-34	3	-58	-5	cell = 992 to 999
-48	-25	-1	-15	1	-19	-19	24	cell = 1000 to 1007
-18	-18	-34	-10	-24	-16	-12	-38	cell = 1008 to 1015
1	-4	-30	-10	-15	-50	-30	-5	cell = 1016 to 1023
